{
  "topics": {
    "data": {
      "0": {
        "name": "0_graph_graphs_number_vertex",
        "keywords": [
          [
            "graph",
            0.031138766464186653
          ],
          [
            "graphs",
            0.02963104043405547
          ],
          [
            "number",
            0.016349257609541534
          ],
          [
            "vertex",
            0.015761474778707367
          ],
          [
            "vertices",
            0.01573922299002
          ],
          [
            "edge",
            0.01329051265705878
          ],
          [
            "degree",
            0.011512143319743127
          ],
          [
            "edges",
            0.011040543640934928
          ],
          [
            "connected",
            0.010408510797539459
          ],
          [
            "paper",
            0.01008641343454757
          ]
        ],
        "count": 9680
      },
      "1": {
        "name": "1_codes_designs_code_linear",
        "keywords": [
          [
            "codes",
            0.07202552669986233
          ],
          [
            "designs",
            0.027755102577291305
          ],
          [
            "code",
            0.02750632824355414
          ],
          [
            "linear",
            0.020342347580278232
          ],
          [
            "design",
            0.014979722754703623
          ],
          [
            "weight",
            0.013579504706691859
          ],
          [
            "length",
            0.012035945717021244
          ],
          [
            "size",
            0.011454571281477538
          ],
          [
            "functions",
            0.011258419786839084
          ],
          [
            "sets",
            0.01097072994142447
          ]
        ],
        "count": 1154
      },
      "2": {
        "name": "2_cluster_varieties_tropical_variety",
        "keywords": [
          [
            "cluster",
            0.03657734164090374
          ],
          [
            "varieties",
            0.0344576714032912
          ],
          [
            "tropical",
            0.03203425771954842
          ],
          [
            "variety",
            0.022165022349171924
          ],
          [
            "toric",
            0.018335766231104344
          ],
          [
            "algebras",
            0.017901142749638756
          ],
          [
            "Schubert",
            0.016346436673891053
          ],
          [
            "cohomology",
            0.016205042142139116
          ],
          [
            "type",
            0.01573598961776703
          ],
          [
            "flag",
            0.015499113500391482
          ]
        ],
        "count": 887
      },
      "3": {
        "name": "3_intersecting_sets_subset_set",
        "keywords": [
          [
            "intersecting",
            0.02302073660986615
          ],
          [
            "sets",
            0.020628067085398067
          ],
          [
            "subset",
            0.019016386422327718
          ],
          [
            "set",
            0.01901198171542123
          ],
          [
            "families",
            0.017521197287181357
          ],
          [
            "family",
            0.015984363379084314
          ],
          [
            "size",
            0.013432937927556041
          ],
          [
            "subsets",
            0.01244866897525854
          ],
          [
            "theorem",
            0.012387636244424885
          ],
          [
            "result",
            0.01228830185771294
          ]
        ],
        "count": 880
      },
      "4": {
        "name": "4_game_games_player_problem",
        "keywords": [
          [
            "game",
            0.04822032953590645
          ],
          [
            "games",
            0.03001620874554819
          ],
          [
            "player",
            0.020636581453980164
          ],
          [
            "problem",
            0.017331977935048436
          ],
          [
            "number",
            0.01695742642508973
          ],
          [
            "players",
            0.016704311466483525
          ],
          [
            "strategy",
            0.013079908952822879
          ],
          [
            "cop",
            0.012753064599045218
          ],
          [
            "Maker",
            0.012689893553866545
          ],
          [
            "winning",
            0.011862145584211416
          ]
        ],
        "count": 859
      },
      "5": {
        "name": "5_points_convex_tilings_sets",
        "keywords": [
          [
            "points",
            0.03010838591979599
          ],
          [
            "convex",
            0.024070572620683513
          ],
          [
            "tilings",
            0.018847897883181888
          ],
          [
            "sets",
            0.018481604245815655
          ],
          [
            "point",
            0.018077187937487187
          ],
          [
            "set",
            0.017264769937580384
          ],
          [
            "lattice",
            0.015650312848886443
          ],
          [
            "bound",
            0.013487906244206772
          ],
          [
            "plane",
            0.01332890337541438
          ],
          [
            "number",
            0.013057251554343988
          ]
        ],
        "count": 735
      },
      "6": {
        "name": "6_functions_algebra_polynomials_Schur",
        "keywords": [
          [
            "functions",
            0.03504561391921411
          ],
          [
            "algebra",
            0.02873125858036183
          ],
          [
            "polynomials",
            0.027197124881714052
          ],
          [
            "Schur",
            0.027112529413172607
          ],
          [
            "tableaux",
            0.026516300615628544
          ],
          [
            "symmetric",
            0.026046500478543073
          ],
          [
            "Lie",
            0.020198409367146362
          ],
          [
            "Macdonald",
            0.019973168450889475
          ],
          [
            "formula",
            0.018731007635416345
          ],
          [
            "basis",
            0.01665632334405427
          ]
        ],
        "count": 664
      },
      "7": {
        "name": "7_permutations_paths_patterns_Dyck",
        "keywords": [
          [
            "permutations",
            0.06890289358370554
          ],
          [
            "paths",
            0.02990226771333231
          ],
          [
            "patterns",
            0.02602255925540403
          ],
          [
            "Dyck",
            0.025863197466644047
          ],
          [
            "avoiding",
            0.025650215352133868
          ],
          [
            "permutation",
            0.02545885806541532
          ],
          [
            "pattern",
            0.0252081414489599
          ],
          [
            "statistics",
            0.020864095071471044
          ],
          [
            "generating",
            0.019580909684653296
          ],
          [
            "length",
            0.018677667462502212
          ]
        ],
        "count": 544
      },
      "8": {
        "name": "8_complexes_simplicial_complex_homology",
        "keywords": [
          [
            "complexes",
            0.06356623287526526
          ],
          [
            "simplicial",
            0.059440771157841576
          ],
          [
            "complex",
            0.049615288980386814
          ],
          [
            "homology",
            0.034342564110331326
          ],
          [
            "simplicial complexes",
            0.03023240714161557
          ],
          [
            "homotopy",
            0.027286965274912835
          ],
          [
            "simplicial complex",
            0.02502825727504981
          ],
          [
            "dimensional",
            0.014854239833756744
          ],
          [
            "graphs",
            0.01414957760732945
          ],
          [
            "Morse",
            0.01347919872419769
          ]
        ],
        "count": 526
      },
      "9": {
        "name": "9_poset_posets_order_lattice",
        "keywords": [
          [
            "poset",
            0.058042149088673035
          ],
          [
            "posets",
            0.05174371951791326
          ],
          [
            "order",
            0.03174581061821472
          ],
          [
            "lattice",
            0.02431977069926351
          ],
          [
            "lattices",
            0.016223801389628985
          ],
          [
            "finite",
            0.015940661408618072
          ],
          [
            "weak",
            0.012965530085036397
          ],
          [
            "orders",
            0.01277111182980915
          ],
          [
            "elements",
            0.012092674126424195
          ],
          [
            "Bruhat",
            0.011594587610621036
          ]
        ],
        "count": 505
      },
      "10": {
        "name": "10_domination_dominating_domination number_dominating set",
        "keywords": [
          [
            "domination",
            0.08484037128119451
          ],
          [
            "dominating",
            0.06169743634531296
          ],
          [
            "domination number",
            0.04844710724523252
          ],
          [
            "dominating set",
            0.04324853212158169
          ],
          [
            "set",
            0.037982373372990604
          ],
          [
            "number",
            0.0346208042281541
          ],
          [
            "graphs",
            0.031252278393282616
          ],
          [
            "vertex",
            0.03085575680775756
          ],
          [
            "graph",
            0.02834171275169491
          ],
          [
            "total",
            0.024011396717715593
          ]
        ],
        "count": 462
      },
      "11": {
        "name": "11_partitions_partition_parts_Andrews",
        "keywords": [
          [
            "partitions",
            0.09485558832532767
          ],
          [
            "partition",
            0.05727508523384164
          ],
          [
            "parts",
            0.05162294122178757
          ],
          [
            "Andrews",
            0.030256316203715522
          ],
          [
            "function",
            0.025392702889302236
          ],
          [
            "identities",
            0.025230211432645092
          ],
          [
            "number",
            0.021077524630036645
          ],
          [
            "partition function",
            0.01829422709682271
          ],
          [
            "Ramanujan",
            0.017585458299680213
          ],
          [
            "functions",
            0.017237633178916984
          ]
        ],
        "count": 449
      },
      "12": {
        "name": "12_words_word_sequences_sequence",
        "keywords": [
          [
            "words",
            0.08886326648403028
          ],
          [
            "word",
            0.07738326759589197
          ],
          [
            "sequences",
            0.037301697931751907
          ],
          [
            "sequence",
            0.02731478576013062
          ],
          [
            "length",
            0.025293326352676573
          ],
          [
            "alphabet",
            0.02474892337325761
          ],
          [
            "complexity",
            0.02337680220413154
          ],
          [
            "Sturmian",
            0.02331110560926219
          ],
          [
            "automatic",
            0.022566035741446007
          ],
          [
            "infinite",
            0.02162587388280076
          ]
        ],
        "count": 338
      },
      "13": {
        "name": "13_series_numbers_polynomials_identities",
        "keywords": [
          [
            "series",
            0.048790155677135405
          ],
          [
            "numbers",
            0.04353115429601627
          ],
          [
            "polynomials",
            0.032545670784085275
          ],
          [
            "identities",
            0.03083436055925765
          ],
          [
            "coefficients",
            0.022285566868111017
          ],
          [
            "functions",
            0.0220393352485515
          ],
          [
            "binomial",
            0.021489845773431947
          ],
          [
            "Stirling",
            0.021325434120598397
          ],
          [
            "function",
            0.021088926865997903
          ],
          [
            "Stirling numbers",
            0.020186824948272338
          ]
        ],
        "count": 285
      },
      "14": {
        "name": "14_matroids_matroid_rank_representable",
        "keywords": [
          [
            "matroids",
            0.12834124039960224
          ],
          [
            "matroid",
            0.0844476045381512
          ],
          [
            "rank",
            0.021681146435506785
          ],
          [
            "representable",
            0.021128052621034288
          ],
          [
            "binary",
            0.018353364824056705
          ],
          [
            "class",
            0.0180657831942019
          ],
          [
            "minors",
            0.017564887462477217
          ],
          [
            "bases",
            0.017067812538909294
          ],
          [
            "polynomial",
            0.017007065774995736
          ],
          [
            "paving",
            0.013602268683667249
          ]
        ],
        "count": 274
      },
      "15": {
        "name": "15_ideals_ideal_edge ideals_edge",
        "keywords": [
          [
            "ideals",
            0.09831880942236858
          ],
          [
            "ideal",
            0.06375832010489697
          ],
          [
            "edge ideals",
            0.04543486140969129
          ],
          [
            "edge",
            0.03980540336434428
          ],
          [
            "monomial",
            0.039176007189536746
          ],
          [
            "powers",
            0.033474416257277255
          ],
          [
            "edge ideal",
            0.027706803561174703
          ],
          [
            "binomial edge",
            0.02768962607732513
          ],
          [
            "monomial ideals",
            0.027247953041461867
          ],
          [
            "Cohen",
            0.024523060369538958
          ]
        ],
        "count": 244
      },
      "16": {
        "name": "16_matrices_random_matrix_limit",
        "keywords": [
          [
            "matrices",
            0.031843443216033405
          ],
          [
            "random",
            0.028522163019493948
          ],
          [
            "matrix",
            0.025047730876675195
          ],
          [
            "limit",
            0.016220981707730158
          ],
          [
            "entries",
            0.015892237835471397
          ],
          [
            "distribution",
            0.014766233030148367
          ],
          [
            "functions",
            0.013167166126611571
          ],
          [
            "asymptotic",
            0.01211347896836032
          ],
          [
            "moments",
            0.011170888392983948
          ],
          [
            "process",
            0.01114098922989109
          ]
        ],
        "count": 221
      },
      "17": {
        "name": "17_phylogenetic_networks_tree_trees",
        "keywords": [
          [
            "phylogenetic",
            0.08209618754672798
          ],
          [
            "networks",
            0.07597229127368636
          ],
          [
            "tree",
            0.05597336900747867
          ],
          [
            "trees",
            0.04999069227943899
          ],
          [
            "network",
            0.03586045472959742
          ],
          [
            "species",
            0.03148423460947311
          ],
          [
            "rooted",
            0.030314991621528738
          ],
          [
            "phylogenetic trees",
            0.028071237986602906
          ],
          [
            "evolutionary",
            0.027399317153386265
          ],
          [
            "gene",
            0.02546527727767267
          ]
        ],
        "count": 190
      }
    },
    "correlations": [
      [
        1.0,
        -0.736179642698801,
        -0.6113257844346355,
        -0.576327877586628,
        -0.6012880218322806,
        -0.6414149269749285,
        -0.6903947177264881,
        -0.7118152298798063,
        -0.7037739728722456,
        -0.5820094295662348,
        0.015681685504114914,
        -0.6985011169133313,
        -0.7283081439929839,
        -0.563427528790455,
        -0.7472631613865302,
        -0.639811131972363,
        -0.6550595965008164,
        -0.651882589080353
      ],
      [
        -0.736179642698801,
        1.0,
        -0.7424952606627,
        -0.7298092938371019,
        -0.7463599685484972,
        -0.7276692097947868,
        -0.7526355713734338,
        -0.7528992526788021,
        -0.7538287194877159,
        -0.7415146718429932,
        -0.73946932370372,
        -0.7558457411606514,
        -0.7491917885356503,
        -0.7440446107821835,
        -0.7569210618794382,
        -0.7555155193843347,
        -0.7463176456897489,
        -0.7594372032103104
      ],
      [
        -0.6113257844346355,
        -0.7424952606627,
        1.0,
        -0.5702374509528748,
        -0.24112532260206457,
        -0.5526915537938025,
        -0.6348509565354683,
        -0.7081806279044545,
        -0.6524475073991771,
        -0.30665016513959553,
        -0.6300467646961694,
        -0.7154668704823162,
        -0.7261894133824425,
        -0.6901899809206007,
        -0.712411726250838,
        -0.7019582643291947,
        -0.536848672610512,
        -0.7080948843102532
      ],
      [
        -0.576327877586628,
        -0.7298092938371019,
        -0.5702374509528748,
        1.0,
        -0.6313078437141887,
        -0.2731669344028991,
        -0.6726452024332246,
        -0.7161921310844466,
        -0.6931628353771733,
        -0.6183532363087506,
        -0.4473093264215695,
        -0.7105896033024348,
        -0.735551651296318,
        -0.7101970923317233,
        -0.7405134003082526,
        -0.7097418071846925,
        -0.667176259652331,
        -0.7163725596025035
      ],
      [
        -0.6012880218322806,
        -0.7463599685484972,
        -0.24112532260206457,
        -0.6313078437141887,
        1.0,
        -0.6330421955454374,
        -0.6643447082724164,
        -0.7191401305356313,
        -0.6797915759378845,
        -0.2739622765669095,
        -0.6049514100600386,
        -0.7250053206106186,
        -0.7279516612899081,
        -0.7079502222988927,
        -0.7441533169539924,
        -0.7136740576288749,
        -0.6363294985332608,
        -0.709604151546932
      ],
      [
        -0.6414149269749285,
        -0.7276692097947868,
        -0.5526915537938025,
        -0.2731669344028991,
        -0.6330421955454374,
        1.0,
        -0.6715395963783195,
        -0.7305556847114156,
        -0.6817153758676835,
        -0.6296724829081106,
        -0.6371631933193862,
        -0.7194934387674488,
        -0.7419989321698692,
        -0.7116582610876969,
        -0.7447465664803136,
        -0.7324989338397587,
        -0.6651461427910261,
        -0.7311785193669535
      ],
      [
        -0.6903947177264881,
        -0.7526355713734338,
        -0.6348509565354683,
        -0.6726452024332246,
        -0.6643447082724164,
        -0.6715395963783195,
        1.0,
        -0.6913837955262683,
        -0.6919141586598723,
        -0.6477574491931625,
        -0.7102339228971981,
        -0.6777968482305963,
        -0.7342179782157854,
        -0.613215400483995,
        -0.750174541112585,
        -0.7332405886535973,
        -0.6641327395552294,
        -0.7388904490081079
      ],
      [
        -0.7118152298798063,
        -0.7528992526788021,
        -0.7081806279044545,
        -0.7161921310844466,
        -0.7191401305356313,
        -0.7305556847114156,
        -0.6913837955262683,
        1.0,
        -0.7528321338816726,
        -0.7008475192069368,
        -0.7036847127554864,
        -0.7297616997981198,
        -0.7120583575190813,
        -0.7141267751374925,
        -0.7608043343479529,
        -0.7470714294656564,
        -0.7232120251664671,
        -0.7290707142603661
      ],
      [
        -0.7037739728722456,
        -0.7538287194877159,
        -0.6524475073991771,
        -0.6931628353771733,
        -0.6797915759378845,
        -0.6817153758676835,
        -0.6919141586598723,
        -0.7528321338816726,
        1.0,
        -0.659688995878885,
        -0.7195619116346393,
        -0.7460801708485298,
        -0.753701006458312,
        -0.726500045441797,
        -0.7237348329696278,
        -0.7152633693804857,
        -0.6767396087832659,
        -0.7401249931615255
      ],
      [
        -0.5820094295662348,
        -0.7415146718429932,
        -0.30665016513959553,
        -0.6183532363087506,
        -0.2739622765669095,
        -0.6296724829081106,
        -0.6477574491931625,
        -0.7008475192069368,
        -0.659688995878885,
        1.0,
        -0.6040129910909975,
        -0.7068631532836962,
        -0.7244639929984109,
        -0.6971263582662672,
        -0.7361597645896012,
        -0.6901630946818388,
        -0.6399976892789394,
        -0.7008172337047736
      ],
      [
        0.015681685504114914,
        -0.73946932370372,
        -0.6300467646961694,
        -0.4473093264215695,
        -0.6049514100600386,
        -0.6371631933193862,
        -0.7102339228971981,
        -0.7036847127554864,
        -0.7195619116346393,
        -0.6040129910909975,
        1.0,
        -0.6880744416723819,
        -0.7282050922671852,
        -0.693568393312409,
        -0.7477516733932321,
        -0.6555493313338292,
        -0.6831069328755077,
        -0.658613895044043
      ],
      [
        -0.6985011169133313,
        -0.7558457411606514,
        -0.7154668704823162,
        -0.7105896033024348,
        -0.7250053206106186,
        -0.7194934387674488,
        -0.6777968482305963,
        -0.7297616997981198,
        -0.7460801708485298,
        -0.7068631532836962,
        -0.6880744416723819,
        1.0,
        -0.7391585961818137,
        -0.6879059434468437,
        -0.755159256891683,
        -0.743611794858065,
        -0.7290160220844609,
        -0.7422442848063677
      ],
      [
        -0.7283081439929839,
        -0.7491917885356503,
        -0.7261894133824425,
        -0.735551651296318,
        -0.7279516612899081,
        -0.7419989321698692,
        -0.7342179782157854,
        -0.7120583575190813,
        -0.753701006458312,
        -0.7244639929984109,
        -0.7282050922671852,
        -0.7391585961818137,
        1.0,
        -0.7275122313967903,
        -0.763419512043555,
        -0.7555272863814784,
        -0.7354201072345462,
        -0.747226684585835
      ],
      [
        -0.563427528790455,
        -0.7440446107821835,
        -0.6901899809206007,
        -0.7101970923317233,
        -0.7079502222988927,
        -0.7116582610876969,
        -0.613215400483995,
        -0.7141267751374925,
        -0.726500045441797,
        -0.6971263582662672,
        -0.693568393312409,
        -0.6879059434468437,
        -0.7275122313967903,
        1.0,
        -0.7503064358684048,
        -0.7338008502053057,
        -0.7088212142352849,
        -0.7303981147528156
      ],
      [
        -0.7472631613865302,
        -0.7569210618794382,
        -0.712411726250838,
        -0.7405134003082526,
        -0.7441533169539924,
        -0.7447465664803136,
        -0.750174541112585,
        -0.7608043343479529,
        -0.7237348329696278,
        -0.7361597645896012,
        -0.7477516733932321,
        -0.755159256891683,
        -0.763419512043555,
        -0.7503064358684048,
        1.0,
        -0.746925706484768,
        -0.7482414043431187,
        -0.7560656168990395
      ],
      [
        -0.639811131972363,
        -0.7555155193843347,
        -0.7019582643291947,
        -0.7097418071846925,
        -0.7136740576288749,
        -0.7324989338397587,
        -0.7332405886535973,
        -0.7470714294656564,
        -0.7152633693804857,
        -0.6901630946818388,
        -0.6555493313338292,
        -0.743611794858065,
        -0.7555272863814784,
        -0.7338008502053057,
        -0.746925706484768,
        1.0,
        -0.7393898294930599,
        -0.7360825558015074
      ],
      [
        -0.6550595965008164,
        -0.7463176456897489,
        -0.536848672610512,
        -0.667176259652331,
        -0.6363294985332608,
        -0.6651461427910261,
        -0.6641327395552294,
        -0.7232120251664671,
        -0.6767396087832659,
        -0.6399976892789394,
        -0.6831069328755077,
        -0.7290160220844609,
        -0.7354201072345462,
        -0.7088212142352849,
        -0.7482414043431187,
        -0.7393898294930599,
        1.0,
        -0.7211718127457889
      ],
      [
        -0.651882589080353,
        -0.7594372032103104,
        -0.7080948843102532,
        -0.7163725596025035,
        -0.709604151546932,
        -0.7311785193669535,
        -0.7388904490081079,
        -0.7290707142603661,
        -0.7401249931615255,
        -0.7008172337047736,
        -0.658613895044043,
        -0.7422442848063677,
        -0.747226684585835,
        -0.7303981147528156,
        -0.7560656168990395,
        -0.7360825558015074,
        -0.7211718127457889,
        1.0
      ]
    ],
    "series": {
      "2020-01": [
        101,
        12,
        23,
        13,
        11,
        10,
        18,
        19,
        25,
        19,
        34,
        18,
        13,
        10,
        5,
        6,
        5,
        11
      ],
      "2020-02": [
        103,
        10,
        19,
        14,
        3,
        13,
        14,
        19,
        11,
        13,
        35,
        15,
        11,
        18,
        8,
        8,
        11,
        13
      ],
      "2020-03": [
        139,
        12,
        31,
        25,
        5,
        17,
        18,
        19,
        14,
        12,
        40,
        23,
        17,
        22,
        15,
        12,
        10,
        18
      ],
      "2020-04": [
        139,
        20,
        30,
        27,
        6,
        14,
        20,
        11,
        12,
        14,
        24,
        25,
        6,
        15,
        4,
        9,
        8,
        19
      ],
      "2020-05": [
        155,
        12,
        27,
        27,
        8,
        14,
        13,
        20,
        14,
        17,
        39,
        20,
        13,
        8,
        12,
        16,
        13,
        20
      ],
      "2020-06": [
        135,
        11,
        23,
        24,
        10,
        16,
        18,
        14,
        14,
        14,
        30,
        22,
        14,
        17,
        5,
        12,
        14,
        21
      ],
      "2020-07": [
        142,
        18,
        26,
        24,
        15,
        22,
        21,
        19,
        11,
        13,
        38,
        23,
        7,
        23,
        10,
        9,
        10,
        18
      ],
      "2020-08": [
        150,
        12,
        28,
        18,
        11,
        19,
        10,
        17,
        9,
        18,
        41,
        12,
        10,
        11,
        4,
        8,
        10,
        23
      ],
      "2020-09": [
        149,
        14,
        30,
        24,
        6,
        23,
        20,
        17,
        15,
        16,
        34,
        16,
        12,
        17,
        6,
        10,
        12,
        9
      ],
      "2020-10": [
        120,
        8,
        29,
        20,
        7,
        22,
        21,
        14,
        10,
        22,
        43,
        23,
        15,
        17,
        7,
        13,
        16,
        13
      ],
      "2020-11": [
        117,
        15,
        17,
        16,
        8,
        11,
        15,
        18,
        14,
        12,
        34,
        19,
        8,
        10,
        6,
        6,
        12,
        16
      ],
      "2020-12": [
        136,
        19,
        20,
        19,
        10,
        20,
        21,
        21,
        19,
        17,
        36,
        21,
        11,
        23,
        9,
        14,
        13,
        7
      ],
      "2021-01": [
        105,
        10,
        22,
        23,
        16,
        9,
        8,
        14,
        10,
        17,
        36,
        20,
        4,
        15,
        4,
        15,
        17,
        12
      ],
      "2021-02": [
        137,
        9,
        18,
        13,
        8,
        17,
        8,
        15,
        8,
        14,
        31,
        14,
        10,
        10,
        7,
        9,
        16,
        15
      ],
      "2021-03": [
        139,
        10,
        24,
        23,
        9,
        14,
        15,
        15,
        15,
        14,
        41,
        13,
        9,
        16,
        10,
        12,
        12,
        23
      ],
      "2021-04": [
        109,
        9,
        20,
        19,
        5,
        21,
        18,
        29,
        12,
        14,
        38,
        26,
        16,
        14,
        8,
        10,
        13,
        17
      ],
      "2021-05": [
        138,
        16,
        29,
        16,
        9,
        17,
        15,
        10,
        11,
        9,
        31,
        17,
        8,
        21,
        10,
        15,
        16,
        25
      ],
      "2021-06": [
        132,
        12,
        31,
        22,
        3,
        9,
        13,
        20,
        15,
        16,
        40,
        22,
        14,
        13,
        9,
        12,
        17,
        19
      ],
      "2021-07": [
        118,
        11,
        31,
        15,
        10,
        12,
        13,
        16,
        11,
        18,
        40,
        30,
        12,
        14,
        8,
        8,
        12,
        22
      ],
      "2021-08": [
        122,
        17,
        21,
        18,
        11,
        16,
        8,
        19,
        15,
        18,
        36,
        23,
        16,
        17,
        6,
        13,
        12,
        14
      ],
      "2021-09": [
        123,
        12,
        27,
        24,
        6,
        17,
        15,
        8,
        18,
        12,
        32,
        27,
        7,
        17,
        9,
        7,
        8,
        14
      ],
      "2021-10": [
        144,
        7,
        24,
        22,
        6,
        21,
        17,
        14,
        15,
        17,
        38,
        20,
        12,
        27,
        13,
        6,
        10,
        14
      ],
      "2021-11": [
        111,
        10,
        37,
        26,
        8,
        20,
        16,
        24,
        16,
        8,
        43,
        23,
        10,
        24,
        16,
        14,
        23,
        19
      ],
      "2021-12": [
        130,
        18,
        41,
        13,
        8,
        18,
        25,
        23,
        10,
        17,
        37,
        17,
        13,
        23,
        9,
        17,
        9,
        22
      ],
      "2022-01": [
        125,
        12,
        23,
        34,
        11,
        9,
        15,
        14,
        13,
        16,
        32,
        16,
        10,
        18,
        3,
        17,
        8,
        15
      ],
      "2022-02": [
        122,
        11,
        19,
        28,
        9,
        10,
        17,
        23,
        9,
        16,
        26,
        23,
        13,
        17,
        11,
        9,
        13,
        12
      ],
      "2022-03": [
        116,
        12,
        36,
        23,
        6,
        24,
        16,
        17,
        17,
        11,
        39,
        27,
        11,
        13,
        14,
        3,
        9,
        18
      ],
      "2022-04": [
        127,
        9,
        26,
        25,
        5,
        16,
        5,
        18,
        11,
        10,
        34,
        23,
        13,
        11,
        12,
        9,
        11,
        12
      ],
      "2022-05": [
        143,
        10,
        21,
        31,
        11,
        9,
        11,
        18,
        14,
        27,
        31,
        20,
        9,
        13,
        5,
        9,
        8,
        18
      ],
      "2022-06": [
        124,
        11,
        22,
        32,
        6,
        27,
        16,
        22,
        11,
        15,
        34,
        20,
        16,
        16,
        13,
        5,
        14,
        21
      ],
      "2022-07": [
        146,
        17,
        35,
        29,
        12,
        16,
        18,
        16,
        11,
        9,
        35,
        28,
        16,
        16,
        8,
        11,
        13,
        10
      ],
      "2022-08": [
        128,
        17,
        25,
        16,
        8,
        9,
        12,
        11,
        14,
        25,
        27,
        20,
        11,
        20,
        8,
        18,
        11,
        13
      ],
      "2022-09": [
        121,
        8,
        29,
        19,
        8,
        21,
        15,
        17,
        17,
        17,
        51,
        19,
        17,
        14,
        12,
        14,
        18,
        23
      ],
      "2022-10": [
        148,
        14,
        32,
        24,
        4,
        9,
        16,
        28,
        11,
        9,
        36,
        15,
        14,
        21,
        6,
        10,
        15,
        16
      ],
      "2022-11": [
        149,
        20,
        20,
        30,
        11,
        20,
        18,
        15,
        17,
        20,
        41,
        23,
        17,
        19,
        11,
        8,
        11,
        15
      ],
      "2022-12": [
        136,
        14,
        36,
        33,
        8,
        17,
        18,
        20,
        12,
        17,
        52,
        23,
        10,
        24,
        8,
        12,
        13,
        18
      ],
      "2023-01": [
        103,
        8,
        15,
        15,
        13,
        24,
        12,
        17,
        13,
        18,
        29,
        14,
        10,
        20,
        6,
        7,
        8,
        18
      ],
      "2023-02": [
        109,
        12,
        27,
        17,
        11,
        13,
        20,
        12,
        24,
        8,
        33,
        22,
        13,
        13,
        9,
        5,
        9,
        18
      ],
      "2023-03": [
        150,
        16,
        26,
        23,
        9,
        23,
        16,
        19,
        18,
        20,
        39,
        33,
        13,
        17,
        11,
        15,
        17,
        20
      ],
      "2023-04": [
        122,
        11,
        20,
        22,
        3,
        20,
        11,
        15,
        14,
        10,
        27,
        18,
        7,
        16,
        10,
        13,
        13,
        12
      ],
      "2023-05": [
        162,
        15,
        24,
        27,
        4,
        22,
        21,
        14,
        17,
        17,
        47,
        23,
        9,
        16,
        9,
        17,
        8,
        19
      ],
      "2023-06": [
        142,
        10,
        18,
        29,
        11,
        13,
        15,
        21,
        13,
        15,
        32,
        21,
        10,
        12,
        16,
        21,
        13,
        22
      ],
      "2023-07": [
        142,
        15,
        26,
        22,
        10,
        27,
        29,
        9,
        18,
        20,
        38,
        23,
        10,
        12,
        14,
        9,
        14,
        21
      ],
      "2023-08": [
        152,
        12,
        20,
        22,
        7,
        18,
        13,
        21,
        8,
        17,
        40,
        30,
        5,
        19,
        12,
        12,
        11,
        18
      ],
      "2023-09": [
        128,
        14,
        23,
        26,
        13,
        22,
        14,
        22,
        16,
        16,
        47,
        19,
        12,
        10,
        13,
        22,
        17,
        20
      ],
      "2023-10": [
        149,
        12,
        36,
        24,
        13,
        16,
        14,
        24,
        15,
        25,
        49,
        28,
        9,
        16,
        14,
        11,
        8,
        13
      ],
      "2023-11": [
        160,
        6,
        30,
        29,
        12,
        13,
        14,
        14,
        10,
        28,
        37,
        24,
        13,
        10,
        18,
        11,
        11,
        17
      ],
      "2023-12": [
        160,
        21,
        32,
        23,
        13,
        14,
        24,
        17,
        23,
        15,
        46,
        31,
        8,
        15,
        9,
        12,
        10,
        20
      ],
      "2024-01": [
        135,
        11,
        22,
        26,
        9,
        9,
        26,
        19,
        13,
        20,
        41,
        25,
        10,
        14,
        12,
        15,
        12,
        20
      ],
      "2024-02": [
        155,
        19,
        25,
        36,
        10,
        16,
        17,
        20,
        14,
        21,
        47,
        23,
        10,
        11,
        14,
        9,
        9,
        22
      ],
      "2024-03": [
        159,
        20,
        26,
        27,
        11,
        26,
        16,
        19,
        12,
        17,
        49,
        31,
        8,
        20,
        12,
        14,
        4,
        18
      ],
      "2024-04": [
        122,
        14,
        29,
        26,
        5,
        22,
        11,
        22,
        14,
        20,
        35,
        28,
        11,
        12,
        17,
        13,
        10,
        17
      ],
      "2024-05": [
        163,
        20,
        37,
        25,
        7,
        19,
        19,
        15,
        8,
        16,
        40,
        19,
        20,
        18,
        10,
        17,
        11,
        22
      ],
      "2024-06": [
        137,
        15,
        24,
        32,
        12,
        13,
        20,
        16,
        11,
        12,
        47,
        20,
        17,
        13,
        17,
        10,
        7,
        15
      ],
      "2024-07": [
        135,
        13,
        23,
        32,
        9,
        25,
        16,
        18,
        17,
        24,
        42,
        22,
        12,
        18,
        13,
        10,
        16,
        24
      ],
      "2024-08": [
        153,
        12,
        26,
        26,
        12,
        14,
        15,
        23,
        21,
        20,
        36,
        30,
        19,
        23,
        12,
        9,
        13,
        26
      ],
      "2024-09": [
        188,
        11,
        24,
        38,
        13,
        17,
        21,
        16,
        23,
        19,
