{
  "topics": {
    "data": {
      "0": {
        "name": "0_EEG_data_ECG_learning",
        "keywords": [
          [
            "EEG",
            0.022425516660693885
          ],
          [
            "data",
            0.01375323422860649
          ],
          [
            "ECG",
            0.013666142797010639
          ],
          [
            "learning",
            0.011484064096178402
          ],
          [
            "signals",
            0.01127668904105984
          ],
          [
            "classification",
            0.0106271006093805
          ],
          [
            "model",
            0.010329920024355599
          ],
          [
            "brain",
            0.009028814203954513
          ],
          [
            "models",
            0.008922590549808212
          ],
          [
            "accuracy",
            0.008712667108138367
          ]
        ],
        "count": 3696
      },
      "1": {
        "name": "1_RIS_IRS_intelligent_channel",
        "keywords": [
          [
            "RIS",
            0.035252515130465005
          ],
          [
            "IRS",
            0.015947909802455272
          ],
          [
            "intelligent",
            0.012054710568853612
          ],
          [
            "channel",
            0.01110157656459147
          ],
          [
            "surface",
            0.010416706063055232
          ],
          [
            "phase",
            0.009083005417463824
          ],
          [
            "reconfigurable",
            0.009070168029880048
          ],
          [
            "RISs",
            0.009016886019920622
          ],
          [
            "communication",
            0.00863413382047895
          ],
          [
            "elements",
            0.00862592815704195
          ]
        ],
        "count": 2290
      },
      "2": {
        "name": "2_radar_sensing_OTFS_Doppler",
        "keywords": [
          [
            "radar",
            0.01892325125305259
          ],
          [
            "sensing",
            0.01775676578713133
          ],
          [
            "OTFS",
            0.013098561331321491
          ],
          [
            "Doppler",
            0.012988734836456165
          ],
          [
            "communication",
            0.012512576293178234
          ],
          [
            "OFDM",
            0.01179523869925275
          ],
          [
            "frequency",
            0.011421234927205606
          ],
          [
            "target",
            0.009970853199406278
          ],
          [
            "performance",
            0.009826884894558902
          ],
          [
            "waveform",
            0.009270292927666818
          ]
        ],
        "count": 1347
      },
      "3": {
        "name": "3_signal_algorithm_matrix_problem",
        "keywords": [
          [
            "signal",
            0.0145272573177741
          ],
          [
            "algorithm",
            0.011225293744172669
          ],
          [
            "matrix",
            0.010816070828973241
          ],
          [
            "problem",
            0.010571667410336633
          ],
          [
            "sparse",
            0.009733765366036214
          ],
          [
            "data",
            0.009730272451817987
          ],
          [
            "recovery",
            0.009108783738222968
          ],
          [
            "signals",
            0.0089425825882376
          ],
          [
            "method",
            0.008648894700701041
          ],
          [
            "methods",
            0.008195565278968177
          ]
        ],
        "count": 1158
      },
      "4": {
        "name": "4_optical_quantum_fiber_Optical",
        "keywords": [
          [
            "optical",
            0.029448595771100917
          ],
          [
            "quantum",
            0.0151148208277068
          ],
          [
            "fiber",
            0.011964171456351449
          ],
          [
            "Optical",
            0.011157663080292732
          ],
          [
            "signal",
            0.010666058475605611
          ],
          [
            "FSO",
            0.009627156173541474
          ],
          [
            "noise",
            0.009537154834006478
          ],
          [
            "communication",
            0.00896662143376665
          ],
          [
            "modulation",
            0.008944907146744136
          ],
          [
            "systems",
            0.008824794981457244
          ]
        ],
        "count": 1098
      },
      "5": {
        "name": "5_UAV_UAVs_aerial_unmanned",
        "keywords": [
          [
            "UAV",
            0.05269075244911172
          ],
          [
            "UAVs",
            0.026056104713738034
          ],
          [
            "aerial",
            0.020019959173456506
          ],
          [
            "unmanned",
            0.012440297343393312
          ],
          [
            "ground",
            0.011182224829846106
          ],
          [
            "trajectory",
            0.010589803180638645
          ],
          [
            "communication",
            0.01034846787554903
          ],
          [
            "problem",
            0.010020080969754987
          ],
          [
            "optimization",
            0.008681901377186132
          ],
          [
            "energy",
            0.00858487706446782
          ]
        ],
        "count": 918
      },
      "6": {
        "name": "6_speech_audio_speaker_Speech",
        "keywords": [
          [
            "speech",
            0.04699944566910806
          ],
          [
            "audio",
            0.026414856468288624
          ],
          [
            "speaker",
            0.016783989286045152
          ],
          [
            "Speech",
            0.014146533046149304
          ],
          [
            "model",
            0.01300551038083655
          ],
          [
            "models",
            0.011608610997411574
          ],
          [
            "sound",
            0.009888278532847305
          ],
          [
            "acoustic",
            0.009412505071454916
          ],
          [
            "quality",
            0.00903395343364202
          ],
          [
            "performance",
            0.00842038155850593
          ]
        ],
        "count": 707
      },
      "7": {
        "name": "7_data_fault_time_series",
        "keywords": [
          [
            "data",
            0.01914670285458248
          ],
          [
            "fault",
            0.015646031729366634
          ],
          [
            "time",
            0.013682790268353336
          ],
          [
            "series",
            0.012650353922426607
          ],
          [
            "time series",
            0.011965617216420234
          ],
          [
            "model",
            0.011622976151039825
          ],
          [
            "detection",
            0.011192003507268853
          ],
          [
            "vibration",
            0.009823991176982887
          ],
          [
            "learning",
            0.009604598130082647
          ],
          [
            "monitoring",
            0.009509263138585121
          ]
        ],
        "count": 687
      },
      "8": {
        "name": "8_power_energy_load_data",
        "keywords": [
          [
            "power",
            0.022708672156902972
          ],
          [
            "energy",
            0.018018436170815583
          ],
          [
            "load",
            0.016332972445160052
          ],
          [
            "data",
            0.015613865096913282
          ],
          [
            "forecasting",
            0.0138942919067561
          ],
          [
            "grid",
            0.01357260960130644
          ],
          [
            "model",
            0.011741471793082051
          ],
          [
            "electricity",
            0.010554618613945374
          ],
          [
            "models",
            0.009411898095453008
          ],
          [
            "time",
            0.00937484390298415
          ]
        ],
        "count": 639
      },
      "9": {
        "name": "9_CSI_channel_MIMO_feedback",
        "keywords": [
          [
            "CSI",
            0.022564004117420648
          ],
          [
            "channel",
            0.019910912908212713
          ],
          [
            "MIMO",
            0.016562597547922903
          ],
          [
            "feedback",
            0.01632161499490601
          ],
          [
            "learning",
            0.010994167547402312
          ],
          [
            "DL",
            0.01065584432565272
          ],
          [
            "neural",
            0.010465629437429106
          ],
          [
            "performance",
            0.010448493518073872
          ],
          [
            "codes",
            0.010373835401813566
          ],
          [
            "deep",
            0.010196461575761895
          ]
        ],
        "count": 637
      },
      "10": {
        "name": "10_graph_graphs_Graph_signals",
        "keywords": [
          [
            "graph",
            0.08076438015490274
          ],
          [
            "graphs",
            0.027235397551407477
          ],
          [
            "Graph",
            0.025247360780383477
          ],
          [
            "signals",
            0.016248003542055356
          ],
          [
            "signal",
            0.016120517156313203
          ],
          [
            "graph signal",
            0.01531893005278171
          ],
          [
            "graph signals",
            0.01530707298030465
          ],
          [
            "data",
            0.013232975673296917
          ],
          [
            "GSP",
            0.012425418202371506
          ],
          [
            "processing",
            0.011837360998249214
          ]
        ],
        "count": 590
      },
      "11": {
        "name": "11_MIMO_NOMA_multiple_massive",
        "keywords": [
          [
            "MIMO",
            0.020071078903723547
          ],
          [
            "NOMA",
            0.016819722583301448
          ],
          [
            "multiple",
            0.015484353165740419
          ],
          [
            "massive",
            0.014316336381375699
          ],
          [
            "cell",
            0.013661971306060495
          ],
          [
            "user",
            0.012815679989470814
          ],
          [
            "power",
            0.012180360277202323
          ],
          [
            "users",
            0.011810392905095198
          ],
          [
            "free",
            0.011151413516557457
          ],
          [
            "Massive",
            0.010589927221472657
          ]
        ],
        "count": 545
      },
      "12": {
        "name": "12_imaging_image_reconstruction_MRI",
        "keywords": [
          [
            "imaging",
            0.02937644878339178
          ],
          [
            "image",
            0.021924049087997163
          ],
          [
            "reconstruction",
            0.0217810289419943
          ],
          [
            "MRI",
            0.015037567192465903
          ],
          [
            "data",
            0.013822302204621245
          ],
          [
            "ultrasound",
            0.013463751206082444
          ],
          [
            "images",
            0.013411085788013208
          ],
          [
            "method",
            0.010690483579750271
          ],
          [
            "resolution",
            0.010397528031969123
          ],
          [
            "methods",
            0.009492777950284853
          ]
        ],
        "count": 525
      },
      "13": {
        "name": "13_filter_tracking_Kalman_state",
        "keywords": [
          [
            "filter",
            0.01835497104886057
          ],
          [
            "tracking",
            0.016480248548684122
          ],
          [
            "Kalman",
            0.015955080885905817
          ],
          [
            "state",
            0.014693915343614479
          ],
          [
            "sensor",
            0.012359246278746067
          ],
          [
            "estimation",
            0.012235089488373072
          ],
          [
            "Gaussian",
            0.011643549779484313
          ],
          [
            "target",
            0.010395141958705448
          ],
          [
            "model",
            0.009905165408844965
          ],
          [
            "algorithm",
            0.009856269502214896
          ]
        ],
        "count": 518
      },
      "14": {
        "name": "14_hardware_memory_neural_design",
        "keywords": [
          [
            "hardware",
            0.013970404850002132
          ],
          [
            "memory",
            0.010868737555809983
          ],
          [
            "neural",
            0.010638446014641752
          ],
          [
            "design",
            0.010560695932540056
          ],
          [
            "power",
            0.010369959574037208
          ],
          [
            "energy",
            0.01018147643855266
          ],
          [
            "circuit",
            0.010130882135651881
          ],
          [
            "spike",
            0.00968259156692043
          ],
          [
            "accuracy",
            0.009569546817799554
          ],
          [
            "FPGA",
            0.009346138775387198
          ]
        ],
        "count": 507
      },
      "15": {
        "name": "15_FL_Federated_learning_federated",
        "keywords": [
          [
            "FL",
            0.04181487861496548
          ],
          [
            "Federated",
            0.02630550031038158
          ],
          [
            "learning",
            0.026103730012905745
          ],
          [
            "federated",
            0.02091651134181165
          ],
          [
            "privacy",
            0.017031028351863788
          ],
          [
            "Learning",
            0.016611937648285537
          ],
          [
            "federated learning",
            0.016156959233139687
          ],
          [
            "model",
            0.01583173716099551
          ],
          [
            "devices",
            0.015450342817429352
          ],
          [
            "convergence",
            0.014545771083982473
          ]
        ],
        "count": 475
      },
      "16": {
        "name": "16_localization_positioning_indoor_accuracy",
        "keywords": [
          [
            "localization",
            0.034409384172800477
          ],
          [
            "positioning",
            0.021195068774936193
          ],
          [
            "indoor",
            0.017974454114683597
          ],
          [
            "accuracy",
            0.014023757789129666
          ],
          [
            "Localization",
            0.013006645212651819
          ],
          [
            "measurements",
            0.011242930000593997
          ],
          [
            "location",
            0.01058532180049069
          ],
          [
            "indoor localization",
            0.009921445478161999
          ],
          [
            "UWB",
            0.009489575583377258
          ],
          [
            "Indoor",
            0.009223096232170921
          ]
        ],
        "count": 474
      },
      "17": {
        "name": "17_5G_GHz_channel_model",
        "keywords": [
          [
            "5G",
            0.022326891048021446
          ],
          [
            "GHz",
            0.015537963476369546
          ],
          [
            "channel",
            0.013208857416061705
          ],
          [
            "model",
            0.00993209978344327
          ],
          [
            "networks",
            0.00990031697692131
          ],
          [
            "RAN",
            0.009633538638283288
          ],
          [
            "communication",
            0.00909021406371908
          ],
          [
            "3GPP",
            0.008740165372978994
          ],
          [
            "spectrum",
            0.008556095795042316
          ],
          [
            "network",
            0.008132674483443526
          ]
        ],
        "count": 452
      },
      "18": {
        "name": "18_secrecy_security_secure_legitimate",
        "keywords": [
          [
            "secrecy",
            0.021964036593336574
          ],
          [
            "security",
            0.016116362305447166
          ],
          [
            "secure",
            0.015408662734299635
          ],
          [
            "legitimate",
            0.013346393280374562
          ],
          [
            "rate",
            0.012418294691638035
          ],
          [
            "secrecy rate",
            0.011899304812959687
          ],
          [
            "IRS",
            0.011727636871118299
          ],
          [
            "communication",
            0.01116108952809225
          ],
          [
            "eavesdropper",
            0.011132012902727867
          ],
          [
            "channel",
            0.009468747999256068
          ]
        ],
        "count": 441
      },
      "19": {
        "name": "19_MIMO_field_near_channel",
        "keywords": [
          [
            "MIMO",
            0.02626768043341691
          ],
          [
            "field",
            0.024493330001945555
          ],
          [
            "near",
            0.020977779553322886
          ],
          [
            "channel",
            0.018357984454444223
          ],
          [
            "beam",
            0.014295527280220734
          ],
          [
            "XL",
            0.01402966481022536
          ],
          [
            "array",
            0.013983698241424153
          ],
          [
            "multiple",
            0.012288696825353631
          ],
          [
            "antenna",
            0.01223769212224208
          ],
          [
            "systems",
            0.01046454101402252
          ]
        ],
        "count": 435
      },
      "20": {
        "name": "20_energy_power_SWIPT_IoT",
        "keywords": [
          [
            "energy",
            0.03356071270534302
          ],
          [
            "power",
            0.026176048299911988
          ],
          [
            "SWIPT",
            0.014770131811390714
          ],
          [
            "IoT",
            0.0142690669502546
          ],
          [
            "transfer",
            0.014067430350241305
          ],
          [
            "harvesting",
            0.013226108062649506
          ],
          [
            "power transfer",
            0.013136883593429582
          ],
          [
            "energy harvesting",
            0.012047174988940106
          ],
          [
            "wireless",
            0.011989557581787554
          ],
          [
            "WPT",
            0.01161195270983199
          ]
        ],
        "count": 418
      },
      "21": {
        "name": "21_semantic_Semantic_communication_semantic communication",
        "keywords": [
          [
            "semantic",
            0.06591411443861994
          ],
          [
            "Semantic",
            0.025825530999971247
          ],
          [
            "communication",
            0.02333837508239214
          ],
          [
            "semantic communication",
            0.02249757371787581
          ],
          [
            "transmission",
            0.01898446119477639
          ],
          [
            "channel",
            0.015473840594677492
          ],
          [
            "information",
            0.014097494680351059
          ],
          [
            "coding",
            0.013391745234205006
          ],
          [
            "task",
            0.012682069205693087
          ],
          [
            "image",
            0.012022137804430816
          ]
        ],
        "count": 407
      },
      "22": {
        "name": "22_learning_reinforcement_reinforcement learning_Reinforcement",
        "keywords": [
          [
            "learning",
            0.016855415675316152
          ],
          [
            "reinforcement",
            0.016671831691563832
          ],
          [
            "reinforcement learning",
            0.01653017483963409
          ],
          [
            "Reinforcement",
            0.014657653335313705
          ],
          [
            "network",
            0.014299932240166973
          ],
          [
            "DRL",
            0.014033312676156137
          ],
          [
            "policy",
            0.012739880976205147
          ],
          [
            "resource",
            0.012342780149578205
          ],
          [
            "Learning",
            0.01233208065960429
          ],
          [
            "agent",
            0.011744669417356923
          ]
        ],
        "count": 327
      },
      "23": {
        "name": "23_THz_Terahertz_channel_terahertz",
        "keywords": [
          [
            "THz",
            0.06914845647353378
          ],
          [
            "Terahertz",
            0.018534821654680067
          ],
          [
            "channel",
            0.012959467296149904
          ],
          [
            "terahertz",
            0.011960735171157965
          ],
          [
            "communications",
            0.010198502466749389
          ],
          [
            "band",
            0.009435388671549439
          ],
          [
            "communication",
            0.009310999831640729
          ],
          [
            "wireless",
            0.009012117365571304
          ],
          [
            "sub",
            0.008751196518632692
          ],
          [
            "systems",
            0.00874224328291321
          ]
        ],
        "count": 323
      },
      "24": {
        "name": "24_satellite_LEO_satellites_Satellite",
        "keywords": [
          [
            "satellite",
            0.05044261418563476
          ],
          [
            "LEO",
            0.03459828281671149
          ],
          [
            "satellites",
            0.02155808758400391
          ],
          [
            "Satellite",
            0.018814021363501347
          ],
          [
            "terrestrial",
            0.016269271249261707
          ],
          [
            "orbit",
            0.012985364868450212
          ],
          [
            "Earth",
            0.011182910824668449
          ],
          [
            "networks",
            0.010871987407074981
          ],
          [
            "interference",
            0.0102152492715711
          ],
          [
            "communication",
            0.009157548361300005
          ]
        ],
        "count": 261
      },
      "25": {
        "name": "25_computing_offloading_MEC_edge",
        "keywords": [
          [
            "computing",
            0.03388663173293769
          ],
          [
            "offloading",
            0.031933438354805235
          ],
          [
            "MEC",
            0.03163059741441619
          ],
          [
            "edge",
            0.023048100284818927
          ],
          [
            "computation",
            0.02136142185990684
          ],
          [
            "task",
            0.01779243270899448
          ],
          [
            "edge computing",
            0.016786390391949874
          ],
          [
            "problem",
            0.01656550569954084
          ],
          [
            "allocation",
            0.01576648619537054
          ],
          [
            "energy",
            0.015248577234446167
          ]
        ],
        "count": 248
      },
      "26": {
        "name": "26_DOA_array_estimation_arrays",
        "keywords": [
          [
            "DOA",
            0.0404628510105218
          ],
          [
            "array",
            0.02748362223531244
          ],
          [
            "estimation",
            0.0268608262574627
          ],
          [
            "arrays",
            0.02025989399412815
          ],
          [
            "MUSIC",
            0.0170266625271097
          ],
          [
            "arrival",
            0.015539606494069104
          ],
          [
            "direction",
            0.01517410119515654
          ],
          [
            "DoA",
            0.014426346071576628
          ],
          [
            "method",
            0.014273543430409041
          ],
          [
            "sources",
            0.013251529279473262
          ]
        ],
        "count": 242
      },
      "27": {
        "name": "27_traffic_data_vehicle_driving",
        "keywords": [
          [
            "traffic",
            0.048438891004708835
          ],
          [
            "data",
            0.01804665354440594
          ],
          [
            "vehicle",
            0.01612677637405948
          ],
          [
            "driving",
            0.014093684642119495
          ],
          [
            "vehicles",
            0.013470646184473804
          ],
          [
            "time",
            0.012562843326840973
          ],
          [
            "prediction",
            0.012486164289095922
          ],
          [
            "model",
            0.011991903010816742
          ],
          [
            "Traffic",
            0.011968100708119819
          ],
          [
            "real",
            0.011399527053595624
          ]
        ],
        "count": 214
      },
      "28": {
        "name": "28_RF_classification_modulation_learning",
        "keywords": [
          [
            "RF",
            0.020689636604758775
          ],
          [
            "classification",
            0.020256590203589785
          ],
          [
            "modulation",
            0.01448557799059449
          ],
          [
            "learning",
            0.01437323105197705
          ],
          [
            "AMC",
            0.014001347413831224
          ],
          [
            "signal",
            0.012695589986253501
          ],
          [
            "signals",
            0.012388356979086223
          ],
          [
            "accuracy",
            0.011973702244779387
          ],
          [
            "deep",
            0.011530109191765532
          ],
          [
            "radio",
            0.011444604910442635
          ]
        ],
        "count": 194
      },
      "29": {
        "name": "29_beam_mmWave_Beam_beams",
        "keywords": [
          [
            "beam",
            0.06541772797077573
          ],
          [
            "mmWave",
            0.02759139383156048
          ],
          [
            "Beam",
            0.020114888767376476
          ],
          [
            "beams",
            0.019380262333612668
          ],
          [
            "beam alignment",
            0.016096133019097607
          ],
          [
            "alignment",
            0.015575824225578905
          ],
          [
            "overhead",
            0.01549403404764659
          ],
          [
            "beam prediction",
            0.013163433470525137
          ],
          [
            "wave",
            0.01247674752846994
          ],
          [
            "prediction",
            0.01167134091081013
          ]
        ],
        "count": 175
      }
    },
    "correlations": [
      [
        1.0,
        -0.7645483029350757,
        -0.7588396273725082,
        -0.7360754585664714,
        -0.7614782301744483,
        -0.762287748095476,
        -0.734061031255149,
        -0.5651693574916345,
        -0.5468208559681443,
        -0.7315301395686387,
        -0.7341349995474213,
        -0.7613668841748213,
        -0.736525777144225,
        -0.7103484569108873,
        -0.7600696557359454,
        -0.731522473999038,
        -0.7495018215095319,
        -0.7590451495078476,
        -0.7636453639104286,
        -0.7448422778287833,
        -0.7467173851997079,
        -0.7499396707798371,
        -0.7485096228497835,
        -0.7648558864279922,
        -0.7612990134276449,
        -0.7499730523324482,
        -0.7565912242062249,
        -0.5681862741972339,
        -0.6753823600159288,
        -0.7619646443908303
      ],
      [
        -0.7645483029350757,
        1.0,
        -0.7051761829888092,
        -0.7472849335619471,
        -0.7574377651750708,
        -0.7350607169923631,
        -0.765340120863321,
        -0.7528971405837614,
        -0.7403173892814491,
        -0.6646242324122692,
        -0.7560547710183646,
        -0.6794509104820728,
        -0.7615521069318074,
        -0.7524854662001192,
        -0.7612354580602747,
        -0.7560655558858014,
        -0.7261691167525779,
        -0.7369780805711056,
        -0.6968561513759886,
        -0.6783379111683185,
        -0.6866841720999473,
        -0.7343402358931181,
        -0.7332813486489123,
        -0.7370030006961754,
        -0.7549097928319708,
        -0.7425935656055898,
        -0.7438688475320897,
        -0.7573257636024404,
        -0.7545460709679002,
        -0.6903997790510525
      ],
      [
        -0.7588396273725082,
        -0.7051761829888092,
        1.0,
        -0.7292140513754816,
        -0.7515200671691417,
        -0.7438835963327435,
        -0.7637917118886279,
        -0.7413126354092434,
        -0.7398471794970756,
        -0.6816690206228903,
        -0.7562792403255869,
        -0.6980984895475335,
        -0.7496986560000423,
        -0.7329572171313796,
        -0.753660841660639,
        -0.7563741570262258,
        -0.7298774477254831,
        -0.7173477324754884,
        -0.7385081660096358,
        -0.6937618200937338,
        -0.7253542685958783,
        -0.7011442705396056,
        -0.7427643173139589,
        -0.7519680035836052,
        -0.7548086685940971,
        -0.7474675215637309,
        -0.7309326333247252,
        -0.7514519856746307,
        -0.7440316865718534,
        -0.7115887006510696
      ],
      [
        -0.7360754585664714,
        -0.7472849335619471,
        -0.7292140513754816,
        1.0,
        -0.7366832027745842,
        -0.760506379095885,
        -0.7466794991830468,
        -0.723127700399811,
        -0.7405624157244941,
        -0.7377470785284583,
        -0.6536077475248039,
        -0.7441442533971225,
        -0.7348125517373294,
        -0.7284669120413008,
        -0.7594589970288027,
        -0.7511699598152999,
        -0.7501295382409423,
        -0.755857825373784,
        -0.7506732584236129,
        -0.7382620332382632,
        -0.7419217405215672,
        -0.7473529316075379,
        -0.7567622564614978,
        -0.7615742625881301,
        -0.7612383880303943,
        -0.7526915385844349,
        -0.7417275830436678,
        -0.7505809871114786,
        -0.7341802280534584,
        -0.7541857916685746
      ],
      [
        -0.7614782301744483,
        -0.7574377651750708,
        -0.7515200671691417,
        -0.7366832027745842,
        1.0,
        -0.7585560217855076,
        -0.7640035720189076,
        -0.741763356022617,
        -0.7473072148210562,
        -0.7430027799481653,
        -0.7582243361534358,
        -0.7566160669825011,
        -0.7470449724889103,
        -0.7507408658384063,
        -0.756291293020281,
        -0.7600268575777591,
        -0.7597840002965968,
        -0.7512938607667642,
        -0.7540040927206171,
        -0.7463141862257748,
        -0.7457468475128048,
        -0.7472904041295143,
        -0.7566662653492302,
        -0.7547956270312547,
        -0.7337894130076132,
        -0.7535529066109083,
        -0.7558042876375269,
        -0.7471362467216598,
        -0.7405341514948902,
        -0.7383873181447358
      ],
      [
        -0.762287748095476,
        -0.7350607169923631,
        -0.7438835963327435,
        -0.760506379095885,
        -0.7585560217855076,
        1.0,
        -0.7654096317459643,
        -0.755622380979288,
        -0.7446727055047045,
        -0.7508907144197317,
        -0.7591674434816253,
        -0.7421229734840239,
        -0.7621672194808953,
        -0.7582641734826496,
        -0.7608502311498202,
        -0.7517094590810405,
        -0.7398086905675391,
        -0.7456842850674819,
        -0.7338391683704955,
        -0.7511837593415979,
        -0.7188331295056205,
        -0.7516575830461647,
        -0.7107452439044708,
        -0.7490717063256903,
        -0.739328511146014,
        -0.7238432714575613,
        -0.7604110942244984,
        -0.7391681140833366,
        -0.7519914881913179,
        -0.7432309041821887
      ],
      [
        -0.734061031255149,
        -0.765340120863321,
        -0.7637917118886279,
        -0.7466794991830468,
        -0.7640035720189076,
        -0.7654096317459643,
        1.0,
        -0.7436159102441249,
        -0.7468668020882359,
        -0.750898057091584,
        -0.7592577185804577,
        -0.7637149503863032,
        -0.7600375892058189,
        -0.7415314955762192,
        -0.7625372821974303,
        -0.7557577707892331,
        -0.758031650402325,
        -0.7613421490880328,
        -0.7645345670003325,
        -0.7566113840220908,
        -0.7600390956014516,
        -0.7500366077493371,
        -0.7613862807740697,
        -0.7655764556207767,
        -0.7651000080545152,
        -0.7603849495710772,
        -0.7532570943642186,
        -0.7523707168775868,
        -0.7508054449129813,
        -0.7646082283253134
      ],
      [
        -0.5651693574916345,
        -0.7528971405837614,
        -0.7413126354092434,
        -0.723127700399811,
        -0.741763356022617,
        -0.755622380979288,
        -0.7436159102441249,
        1.0,
        -0.47910947997306474,
        -0.7186287702161692,
        -0.72989353048606,
        -0.7476721235374556,
        -0.7299230594995828,
        -0.6976646966549047,
        -0.7510921595013043,
        -0.7287292649155961,
        -0.734858683666528,
        -0.7450405025521778,
        -0.7589234492144405,
        -0.7364900290664503,
        -0.7236382962668866,
        -0.7424028741026185,
        -0.7372828929860682,
        -0.7612814400839294,
        -0.7489827927028865,
        -0.7394606106404924,
        -0.7432036181082231,
        -0.5311253726843046,
        -0.7129502906428214,
        -0.7496348823876682
      ],
      [
        -0.5468208559681443,
        -0.7403173892814491,
        -0.7398471794970756,
        -0.7405624157244941,
        -0.7473072148210562,
        -0.7446727055047045,
        -0.7468668020882359,
        -0.47910947997306474,
        1.0,
        -0.7202953133140022,
        -0.7363121192488569,
        -0.7311112452657464,
        -0.7389961443202444,
        -0.7177159641815762,
        -0.745052632180021,
        -0.7270469815810812,
        -0.7433298833481172,
        -0.7454067234349847,
        -0.7503715298733766,
        -0.7322074444886062,
        -0.34768761955352345,
        -0.7423649816315385,
        -0.7343914298476258,
        -0.7575126233977265,
        -0.7508082613514477,
        -0.7219299345472823,
        -0.744914762643879,
        -0.46153994234934465,
        -0.7243857465819408,
        -0.7482514206772442
      ],
      [
        -0.7315301395686387,
        -0.6646242324122692,
        -0.6816690206228903,
        -0.7377470785284583,
        -0.7430027799481653,
        -0.7508907144197317,
        -0.750898057091584,
        -0.7186287702161692,
        -0.7202953133140022,
        1.0,
        -0.7444052782316162,
        -0.3560103064269693,
        -0.7384471908321919,
        -0.7112638966707365,
        -0.7485885913137501,
        -0.73017839588643,
        -0.7155570054124774,
        -0.7249247254843573,
        -0.7317795515926415,
        -0.27778762348242136,
        -0.7019398437903457,
        -0.7178704940051203,
        -0.7240864984515809,
        -0.7460316962316931,
        -0.7481946072532903,
        -0.7365640829829132,
        -0.7228850791454461,
        -0.7351000224515796,
        -0.5991720148119205,
        -0.6999144196604257
      ],
      [
        -0.7341349995474213,
        -0.7560547710183646,
        -0.7562792403255869,
        -0.6536077475248039,
        -0.7582243361534358,
        -0.7591674434816253,
        -0.7592577185804577,
        -0.72989353048606,
        -0.7363121192488569,
        -0.7444052782316162,
        1.0,
        -0.7504114649071907,
        -0.7532932695612337,
        -0.73253230925673,
        -0.757973396392533,
        -0.7498638396437327,
        -0.7491577441094468,
        -0.7601983831518243,
        -0.7618095707140533,
        -0.7471124584181086,
        -0.7533965854332028,
        -0.7529031157166147,
        -0.7504912662980676,
        -0.7643091334088592,
        -0.7598550089057993,
        -0.7463446183538809,
        -0.7555655894583739,
        -0.7349004496841274,
        -0.7536282244474803,
        -0.7585901565635718
      ],
      [
        -0.7613668841748213,
        -0.6794509104820728,
        -0.6980984895475335,
        -0.7441442533971225,
        -0.7566160669825011,
        -0.7421229734840239,
        -0.7637149503863032,
        -0.7476721235374556,
        -0.7311112452657464,
        -0.3560103064269693,
        -0.7504114649071907,
        1.0,
        -0.7580005248381715,
        -0.7407345807918881,
        -0.7611820522192424,
        -0.7517695329201126,
        -0.7518519427504409,
        -0.7131033568796453,
        -0.7397931269043085,
        -0.26862278603258305,
        -0.6901331575343401,
        -0.7344690486357819,
        -0.733509161030345,
        -0.7420876730404805,
        -0.7507425235252426,
        -0.736233587367215,
        -0.7343163298492391,
        -0.7451024938030835,
        -0.7444225955905512,
        -0.697484931791296
      ],
      [
        -0.736525777144225,
        -0.7615521069318074,
        -0.7496986560000423,
        -0.7348125517373294,
        -0.7470449724889103,
        -0.7621672194808953,
        -0.7600375892058189,
        -0.7299230594995828,
        -0.7389961443202444,
        -0.7384471908321919,
        -0.7532932695612337,
        -0.7580005248381715,
        1.0,
        -0.7317607231913106,
        -0.7589886118489829,
        -0.755200382762059,
        -0.7452347051984141,
        -0.7617379718757139,
        -0.7648695224834557,
        -0.7400838095405347,
        -0.7557765236762658,
        -0.7440071305073304,
        -0.7574321370037667,
        -0.7625994837120211,
        -0.7582786704701994,
        -0.7586460914977586,
        -0.7392326352719097,
        -0.742206848103178,
        -0.7349541660653665,
        -0.7516597058499962
      ],
      [
        -0.7103484569108873,
        -0.7524854662001192,
        -0.7329572171313796,
        -0.7284669120413008,
        -0.7507408658384063,
        -0.7582641734826496,
        -0.7415314955762192,
        -0.6976646966549047,
        -0.7177159641815762,
        -0.7112638966707365,
        -0.73253230925673,
        -0.7407345807918881,
        -0.7317607231913106,
        1.0,
        -0.7561598454162887,
        -0.7456739216665811,
        -0.7253133656517046,
        -0.7425083774331925,
        -0.7610678091260129,
