{
  "topics": {
    "data": {
      "0": {
        "name": "0_algebras_algebra_group_groups",
        "keywords": [
          [
            "algebras",
            0.031424122468186017
          ],
          [
            "algebra",
            0.02547648540009754
          ],
          [
            "group",
            0.024935830462519556
          ],
          [
            "groups",
            0.021614132532136978
          ],
          [
            "compact",
            0.015725792024192522
          ],
          [
            "Banach",
            0.011167713245379676
          ],
          [
            "Lie",
            0.010913584581569338
          ],
          [
            "operators",
            0.010879657249352965
          ],
          [
            "space",
            0.00994871411440601
          ],
          [
            "operator",
            0.009935352548562709
          ]
        ],
        "count": 1149
      },
      "1": {
        "name": "1_Sobolev_spaces_Besov_measure",
        "keywords": [
          [
            "Sobolev",
            0.0390176853364519
          ],
          [
            "spaces",
            0.028860598010323098
          ],
          [
            "Besov",
            0.016164351545290036
          ],
          [
            "measure",
            0.014643497443200969
          ],
          [
            "space",
            0.014106406779862773
          ],
          [
            "inequality",
            0.0136795791380629
          ],
          [
            "inequalities",
            0.01346682560198289
          ],
          [
            "metric",
            0.012506455565048582
          ],
          [
            "functions",
            0.011703921473075947
          ],
          [
            "optimal",
            0.011681864271832852
          ]
        ],
        "count": 781
      },
      "2": {
        "name": "2_Banach_space_spaces_property",
        "keywords": [
          [
            "Banach",
            0.03913451809587218
          ],
          [
            "space",
            0.03245433429863635
          ],
          [
            "spaces",
            0.03128436629930618
          ],
          [
            "property",
            0.023524707760545695
          ],
          [
            "Banach space",
            0.02298224589933183
          ],
          [
            "Lipschitz",
            0.016438597344040694
          ],
          [
            "convex",
            0.013815633113628357
          ],
          [
            "norm",
            0.011879052537683815
          ],
          [
            "Daugavet",
            0.01185159617347665
          ],
          [
            "points",
            0.01101467774576795
          ]
        ],
        "count": 637
      },
      "3": {
        "name": "3_solutions_equations_equation_problem",
        "keywords": [
          [
            "solutions",
            0.03130444585461112
          ],
          [
            "equations",
            0.030129821825761682
          ],
          [
            "equation",
            0.024775936448294632
          ],
          [
            "problem",
            0.019385519415244693
          ],
          [
            "solution",
            0.01860778287703624
          ],
          [
            "existence",
            0.0174755172264435
          ],
          [
            "boundary",
            0.01514145304333399
          ],
          [
            "regularity",
            0.014664684521194927
          ],
          [
            "nonlinear",
            0.01331057722345635
          ],
          [
            "time",
            0.012784281829921964
          ]
        ],
        "count": 445
      },
      "4": {
        "name": "4_neural_networks_approximation_neural networks",
        "keywords": [
          [
            "neural",
            0.029693544421873514
          ],
          [
            "networks",
            0.02822930826674585
          ],
          [
            "approximation",
            0.023522112478376562
          ],
          [
            "neural networks",
            0.020133561401989068
          ],
          [
            "functions",
            0.019210280767002184
          ],
          [
            "sampling",
            0.015251830763883752
          ],
          [
            "kernel",
            0.015033473779506028
          ],
          [
            "function",
            0.014327236534273417
          ],
          [
            "data",
            0.013483941702411167
          ],
          [
            "kernels",
            0.012800574734996462
          ]
        ],
        "count": 428
      },
      "5": {
        "name": "5_numerical_radius_matrices_numerical radius",
        "keywords": [
          [
            "numerical",
            0.05092853921347289
          ],
          [
            "radius",
            0.04752123247779803
          ],
          [
            "matrices",
            0.046044808234061825
          ],
          [
            "numerical radius",
            0.03960208314797904
          ],
          [
            "inequalities",
            0.030530253174484663
          ],
          [
            "matrix",
            0.024738321132040234
          ],
          [
            "operator",
            0.023940811990001233
          ],
          [
            "inequality",
            0.019087128851409743
          ],
          [
            "bounds",
            0.01841943648425459
          ],
          [
            "norm",
            0.018137109157843043
          ]
        ],
        "count": 378
      },
      "6": {
        "name": "6_convex_bodies_Minkowski_inequality",
        "keywords": [
          [
            "convex",
            0.03921567742216581
          ],
          [
            "bodies",
            0.03234872018412203
          ],
          [
            "Minkowski",
            0.031841170088771326
          ],
          [
            "inequality",
            0.031098893677204385
          ],
          [
            "concave",
            0.02368484059226652
          ],
          [
            "body",
            0.02327162336038679
          ],
          [
            "convex bodies",
            0.022102077788056528
          ],
          [
            "volume",
            0.01992604163300359
          ],
          [
            "log",
            0.019890666949076014
          ],
          [
            "inequalities",
            0.019862132418401825
          ]
        ],
        "count": 347
      },
      "7": {
        "name": "7_spaces_Hardy_maximal_Morrey",
        "keywords": [
          [
            "spaces",
            0.038264930243851664
          ],
          [
            "Hardy",
            0.036048480261936
          ],
          [
            "maximal",
            0.02591739637472863
          ],
          [
            "Morrey",
            0.023233152404621326
          ],
          [
            "boundedness",
            0.022274575259752932
          ],
          [
            "weighted",
            0.02111885392071278
          ],
          [
            "operators",
            0.01931044604464775
          ],
          [
            "space",
            0.018337671841759898
          ],
          [
            "type",
            0.01809355894773755
          ],
          [
            "function",
            0.01760507883550901
          ]
        ],
        "count": 331
      },
      "8": {
        "name": "8_frames_frame_Gabor_Hilbert",
        "keywords": [
          [
            "frames",
            0.095662694620723
          ],
          [
            "frame",
            0.07842048889328744
          ],
          [
            "Gabor",
            0.037951550074224724
          ],
          [
            "Hilbert",
            0.028554253914665335
          ],
          [
            "fusion",
            0.02406763570744275
          ],
          [
            "dual",
            0.022808476115475866
          ],
          [
            "spaces",
            0.01679420542357924
          ],
          [
            "Frames",
            0.01375178913934249
          ],
          [
            "paper",
            0.013581434546189
          ],
          [
            "space",
            0.013245158839427755
          ]
        ],
        "count": 325
      },
      "9": {
        "name": "9_fixed_point_mappings_nonexpansive",
        "keywords": [
          [
            "fixed",
            0.05394144732752528
          ],
          [
            "point",
            0.049464510489035
          ],
          [
            "mappings",
            0.043022766203596144
          ],
          [
            "nonexpansive",
            0.034071920795852126
          ],
          [
            "metric",
            0.02466329563780417
          ],
          [
            "results",
            0.020472286823580692
          ],
          [
            "spaces",
            0.019813050824107753
          ],
          [
            "convergence",
            0.018793714267309233
          ],
          [
            "paper",
            0.017588902935774104
          ],
          [
            "Fixed",
            0.017291096065359036
          ]
        ],
        "count": 215
      },
      "10": {
        "name": "10_composition_Bergman_composition operators_operators",
        "keywords": [
          [
            "composition",
            0.04731648546379664
          ],
          [
            "Bergman",
            0.04136612495868575
          ],
          [
            "composition operators",
            0.038147644597303465
          ],
          [
            "operators",
            0.03590646571386121
          ],
          [
            "weighted",
            0.02739934210633062
          ],
          [
            "spaces",
            0.023434199947709483
          ],
          [
            "Hardy",
            0.021510290632345143
          ],
          [
            "space",
            0.02027028676161595
          ],
          [
            "operator",
            0.01848739303682939
          ],
          [
            "unit",
            0.017311785057961715
          ]
        ],
        "count": 214
      },
      "11": {
        "name": "11_lattice_order_lattices_vector",
        "keywords": [
          [
            "lattice",
            0.05621761335361459
          ],
          [
            "order",
            0.05462997502419082
          ],
          [
            "lattices",
            0.04697360462275852
          ],
          [
            "vector",
            0.043143979208480183
          ],
          [
            "Banach",
            0.036595043730591234
          ],
          [
            "convergence",
            0.03644012596909296
          ],
          [
            "operators",
            0.031552485517924674
          ],
          [
            "weakly",
            0.029864551938050994
          ],
          [
            "compact",
            0.025526763035649366
          ],
          [
            "vector lattice",
            0.023869665605492002
          ]
        ],
        "count": 163
      },
      "12": {
        "name": "12_hypercyclic_operators_shifts_weighted",
        "keywords": [
          [
            "hypercyclic",
            0.06525964002732138
          ],
          [
            "operators",
            0.03900654540000175
          ],
          [
            "shifts",
            0.03886917912815592
          ],
          [
            "weighted",
            0.0348268154716847
          ],
          [
            "hypercyclicity",
            0.03165408250528241
          ],
          [
            "weighted shifts",
            0.025103537760413523
          ],
          [
            "recurrent",
            0.02431400540260823
          ],
          [
            "operator",
            0.023202291335206286
          ],
          [
            "shift",
            0.02249377379453898
          ],
          [
            "recurrence",
            0.021267201073848725
          ]
        ],
        "count": 144
      },
      "13": {
        "name": "13_Fock_Toeplitz_Fock space_operators",
        "keywords": [
          [
            "Fock",
            0.0897418445037749
          ],
          [
            "Toeplitz",
            0.04599963565320597
          ],
          [
            "Fock space",
            0.04418474674087726
          ],
          [
            "operators",
            0.04079785136393695
          ],
          [
            "Fock spaces",
            0.03788085919054193
          ],
          [
            "space",
            0.02703263228995105
          ],
          [
            "spaces",
            0.02004369066073767
          ],
          [
            "operator",
            0.01379427755672651
          ],
          [
            "weighted",
            0.012793251318025684
          ],
          [
            "Hankel",
            0.0124700108513785
          ]
        ],
        "count": 128
      },
      "14": {
        "name": "14_orthogonality_Birkhoff_James_space",
        "keywords": [
          [
            "orthogonality",
            0.06461328991317784
          ],
          [
            "Birkhoff",
            0.03855451272548789
          ],
          [
            "James",
            0.03493002755262618
          ],
          [
            "space",
            0.03196083994345964
          ],
          [
            "spaces",
            0.023745121401085433
          ],
          [
            "norm",
            0.02137958355523041
          ],
          [
            "linear",
            0.020284396720159893
          ],
          [
            "Banach",
            0.019923986288648755
          ],
          [
            "operators",
            0.017960335635291633
          ],
          [
            "bounded",
            0.015998012407188122
          ]
        ],
        "count": 121
      },
      "15": {
        "name": "15_potentials_operators_potential_spectrum",
        "keywords": [
          [
            "potentials",
            0.03398959219060935
          ],
          [
            "operators",
            0.02871602666031911
          ],
          [
            "potential",
            0.022922854329023308
          ],
          [
            "spectrum",
            0.0205282979990855
          ],
          [
            "Dirac",
            0.019314779936607674
          ],
          [
            "operator",
            0.01864169187208282
          ],
          [
            "Schrödinger",
            0.018296820028003754
          ],
          [
            "discrete",
            0.017766037779022786
          ],
          [
            "estimates",
            0.016233957860534387
          ],
          [
            "spectral",
            0.015293509851998593
          ]
        ],
        "count": 120
      }
    },
    "correlations": [
      [
        1.0,
        -0.5694787134739152,
        -0.4983576513152483,
        -0.6572366253720492,
        -0.7047964555441559,
        -0.7044520767629788,
        -0.6804574250813091,
        -0.6392777616998173,
        -0.7117705761869524,
        -0.681286424527452,
        -0.671561771321518,
        -0.6638599356255985,
        -0.7150661174582659,
        -0.6887447162412053,
        -0.6578575537896596,
        -0.5438673530717408
      ],
      [
        -0.5694787134739152,
        1.0,
        -0.43540293276921616,
        -0.6342849196487759,
        -0.701796708586082,
        -0.7288766440218979,
        -0.6690023576125441,
        -0.46218350548578824,
        -0.7216941137918411,
        -0.6723024933916852,
        -0.6787662181439995,
        -0.6782833094858596,
        -0.7184460138338364,
        -0.6837397704370265,
        -0.6444719328346595,
        -0.5289499342770411
      ],
      [
        -0.4983576513152483,
        -0.43540293276921616,
        1.0,
        -0.639354981087561,
        -0.7029755214432222,
        -0.7113973014135682,
        -0.6817933863103027,
        -0.5112607437891312,
        -0.6837027763929531,
        -0.6180218548403784,
        -0.6448153386104297,
        -0.5409885584464077,
        -0.6763270459310893,
        -0.49355162940318453,
        -0.12533827109885448,
        -0.594666004596568
      ],
      [
        -0.6572366253720492,
        -0.6342849196487759,
        -0.639354981087561,
        1.0,
        -0.7026754235050204,
        -0.711180642520093,
        -0.6814312275075733,
        -0.4714736805840304,
        -0.7283828635692542,
        -0.4315656620084579,
        -0.6985763239550842,
        -0.6878596149469177,
        -0.7246079287263166,
        -0.7069762859229567,
        -0.6963547669120183,
        -0.6381458450116149
      ],
      [
        -0.7047964555441559,
        -0.701796708586082,
        -0.7029755214432222,
        -0.7026754235050204,
        1.0,
        -0.7262489628228876,
        -0.7267170923970848,
        -0.6991386369323065,
        -0.7267122902865126,
        -0.7146008150386405,
        -0.7178863250564773,
        -0.7037161178290448,
        -0.7359367791974798,
        -0.7201595174341382,
        -0.7196535436579858,
        -0.7219220437585292
      ],
      [
        -0.7044520767629788,
        -0.7288766440218979,
        -0.7113973014135682,
        -0.711180642520093,
        -0.7262489628228876,
        1.0,
        -0.7078415823597246,
        -0.7101207287563723,
        -0.7377596220582254,
        -0.7167988059194963,
        -0.7285106973730158,
        -0.723500931905653,
        -0.7360634847230264,
        -0.7253138943534344,
        -0.7092335559618461,
        -0.7159844776108404
      ],
      [
        -0.6804574250813091,
        -0.6690023576125441,
        -0.6817933863103027,
        -0.6814312275075733,
        -0.7267170923970848,
        -0.7078415823597246,
        1.0,
        -0.6986501367102871,
        -0.7532893301631596,
        -0.7207411406126135,
        -0.7208588936289766,
        -0.7334783925668666,
        -0.7491549927581624,
        -0.7396116622813776,
        -0.7259981605794514,
        -0.6734086008058626
      ],
      [
        -0.6392777616998173,
        -0.46218350548578824,
        -0.5112607437891312,
        -0.4714736805840304,
        -0.6991386369323065,
        -0.7101207287563723,
        -0.6986501367102871,
        1.0,
        -0.7082896652495261,
        -0.4314991382846187,
        -0.32308943061505235,
        -0.662889100587351,
        -0.6752577864554775,
        -0.6484099180379879,
        -0.6598753005391057,
        -0.6800457367079744
      ],
      [
        -0.7117705761869524,
        -0.7216941137918411,
        -0.6837027763929531,
        -0.7283828635692542,
        -0.7267122902865126,
        -0.7377596220582254,
        -0.7532893301631596,
        -0.7082896652495261,
        1.0,
        -0.7284344760283437,
        -0.7211233929116376,
        -0.7139393719876519,
        -0.7319428228374669,
        -0.7155922508937207,
        -0.7004291386793452,
        -0.725697952996208
      ],
      [
        -0.681286424527452,
        -0.6723024933916852,
        -0.6180218548403784,
        -0.4315656620084579,
        -0.7146008150386405,
        -0.7167988059194963,
        -0.7207411406126135,
        -0.4314991382846187,
        -0.7284344760283437,
        1.0,
        -0.692075208334249,
        -0.6811878797903643,
        -0.7176583813401674,
        -0.7068541388075278,
        -0.6722568418384482,
        -0.7197172452859755
      ],
      [
        -0.671561771321518,
        -0.6787662181439995,
        -0.6448153386104297,
        -0.6985763239550842,
        -0.7178863250564773,
        -0.7285106973730158,
        -0.7208588936289766,
        -0.32308943061505235,
        -0.7211233929116376,
        -0.692075208334249,
        1.0,
        -0.6243729523902095,
        -0.40419843137453393,
        -0.4201736015006358,
        -0.6859642002891824,
        -0.6014107403576991
      ],
      [
        -0.6638599356255985,
        -0.6782833094858596,
        -0.5409885584464077,
        -0.6878596149469177,
        -0.7037161178290448,
        -0.723500931905653,
        -0.7334783925668666,
        -0.662889100587351,
        -0.7139393719876519,
        -0.6811878797903643,
        -0.6243729523902095,
        1.0,
        -0.6037069456291204,
        -0.5983950520656158,
        -0.5993202702572218,
        -0.6164759056016389
      ],
      [
        -0.7150661174582659,
        -0.7184460138338364,
        -0.6763270459310893,
        -0.7246079287263166,
        -0.7359367791974798,
        -0.7360634847230264,
        -0.7491549927581624,
        -0.6752577864554775,
        -0.7319428228374669,
        -0.7176583813401674,
        -0.40419843137453393,
        -0.6037069456291204,
        1.0,
        -0.4812821846398088,
        -0.6936402874767538,
        -0.5500361916651735
      ],
      [
        -0.6887447162412053,
        -0.6837397704370265,
        -0.49355162940318453,
        -0.7069762859229567,
        -0.7201595174341382,
        -0.7253138943534344,
        -0.7396116622813776,
        -0.6484099180379879,
        -0.7155922508937207,
        -0.7068541388075278,
        -0.4201736015006358,
        -0.5983950520656158,
        -0.4812821846398088,
        1.0,
        -0.4132911907953335,
        -0.5813683879414955
      ],
      [
        -0.6578575537896596,
        -0.6444719328346595,
        -0.12533827109885448,
        -0.6963547669120183,
        -0.7196535436579858,
        -0.7092335559618461,
        -0.7259981605794514,
        -0.6598753005391057,
        -0.7004291386793452,
        -0.6722568418384482,
        -0.6859642002891824,
        -0.5993202702572218,
        -0.6936402874767538,
        -0.4132911907953335,
        1.0,
        -0.6959983755683123
      ],
      [
        -0.5438673530717408,
        -0.5289499342770411,
        -0.594666004596568,
        -0.6381458450116149,
        -0.7219220437585292,
        -0.7159844776108404,
        -0.6734086008058626,
        -0.6800457367079744,
        -0.725697952996208,
        -0.7197172452859755,
        -0.6014107403576991,
        -0.6164759056016389,
        -0.5500361916651735,
        -0.5813683879414955,
        -0.6959983755683123,
        1.0
      ]
    ],
    "series": {
      "2020-01": [
        30,
        13,
        19,
        9,
        5,
        11,
        7,
        9,
        8,
        18,
        6,
        4,
        0,
        11,
        2,
        5
      ],
      "2020-02": [
        50,
        13,
        20,
        14,
        3,
        14,
        7,
        6,
        6,
        10,
        7,
        11,
        2,
        7,
        3,
        4
      ],
      "2020-03": [
        42,
        14,
        33,
        12,
        5,
        12,
        10,
        15,
        11,
        9,
        3,
        7,
        4,
        2,
        3,
        6
      ],
      "2020-04": [
        40,
        14,
        34,
        7,
        7,
        11,
        11,
        14,
        5,
        12,
        9,
        17,
        1,
        6,
        1,
        6
      ],
      "2020-05": [
        55,
        11,
        31,
        10,
        3,
        17,
        7,
        15,
        7,
        18,
        9,
        15,
        0,
        8,
        4,
        1
      ],
      "2020-06": [
        55,
        8,
        28,
        10,
        10,
        12,
        8,
        13,
        8,
        23,
        5,
        15,
        3,
        3,
        3,
        12
      ],
      "2020-07": [
        44,
        15,
        31,
        13,
        11,
        12,
        5,
        18,
        13,
        18,
        4,
        18,
        3,
        7,
        2,
        11
      ],
      "2020-08": [
        42,
        10,
        21,
        6,
        5,
        11,
        7,
        7,
        10,
        10,
        5,
        11,
        1,
        4,
        2,
        7
      ],
      "2020-09": [
        57,
        10,
        26,
        6,
        5,
        12,
        3,
        15,
        8,
        9,
        3,
        11,
        4,
        8,
        4,
        6
      ],
      "2020-10": [
        54,
        6,
        22,
        8,
        4,
        15,
        6,
        13,
        6,
        10,
        9,
        8,
        0,
        9,
        8,
        13
      ],
      "2020-11": [
        45,
        9,
        21,
        10,
        10,
        9,
        4,
        12,
        12,
        14,
        6,
        11,
        4,
        6,
        2,
        8
      ],
      "2020-12": [
        58,
        9,
        32,
        10,
        9,
        6,
        6,
        9,
        12,
        14,
        5,
        15,
        2,
        8,
        2,
        6
      ],
      "2021-01": [
        45,
        11,
        22,
        4,
        8,
        4,
        7,
        11,
        10,
        11,
        14,
        11,
        2,
        6,
        5,
        9
      ],
      "2021-02": [
        26,
        15,
        23,
        7,
        3,
        10,
        4,
        18,
        9,
        6,
        4,
        9,
        3,
        3,
        2,
        6
      ],
      "2021-03": [
        45,
        9,
        20,
        12,
        2,
        15,
        7,
        17,
        8,
        11,
        5,
        7,
        2,
        9,
        3,
        2
      ],
      "2021-04": [
        47,
        9,
        32,
        12,
        6,
        7,
        2,
        11,
        9,
        18,
        4,
        14,
        1,
        5,
        4,
        10
      ],
      "2021-05": [
        44,
        14,
        23,
        6,
        7,
        12,
        6,
        10,
        9,
        12,
        10,
        14,
        0,
        3,
        0,
        7
      ],
      "2021-06": [
        45,
        10,
        18,
        7,
        7,
        11,
        3,
        12,
        10,
        10,
        3,
        6,
        4,
        7,
        3,
        5
      ],
      "2021-07": [
        55,
        7,
        26,
        11,
        6,
        6,
        4,
        13,
        16,
        15,
        9,
        7,
        2,
        9,
        2,
        4
      ],
      "2021-08": [
        33,
        9,
        20,
        7,
        5,
        16,
        7,
        22,
        6,
        15,
        11,
        5,
        1,
        4,
        3,
        8
      ],
      "2021-09": [
        39,
        16,
        26,
        9,
        6,
        11,
        10,
        14,
        9,
        14,
        5,
        9,
        4,
        7,
        4,
        4
      ],
      "2021-10": [
        54,
        14,
        30,
        8,
        6,
        6,
        4,
        14,
        11,
        12,
        6,
        7,
        0,
        2,
        1,
        2
      ],
      "2021-11": [
        41,
        17,
        19,
        12,
        5,
        10,
        10,
        12,
        5,
        12,
        8,
        5,
        0,
        4,
        3,
        6
      ],
      "2021-12": [
        41,
        8,
        17,
        11,
        9,
        8,
        8,
        14,
        8,
        20,
        8,
        9,
        1,
        9,
        1,
        6
      ],
      "2022-01": [
        47,
        10,
        18,
        8,
        2,
        9,
        9,
        13,
        7,
        23,
        6,
        16,
        1,
        6,
        2,
        13
      ],
      "2022-02": [
        37,
        6,
        18,
        7,
        4,
        5,
        6,
        10,
        6,
        15,
        14,
        11,
        1,
        9,
        2,
        9
      ],
      "2022-03": [
        48,
        14,
        30,
        9,
        4,
        9,
        8,
        16,
        9,
        15,
        6,
        9,
        3,
        6,
        3,
        10
      ],
      "2022-04": [
        48,
        10,
        27,
        13,
        2,
        14,
        5,
        15,
        8,
        21,
        10,
        12,
        4,
        11,
        5,
        6
      ],
      "2022-05": [
        34,
        7,
        20,
        10,
        6,
        8,
        4,
        16,
        5,
        14,
        6,
        11,
        1,
        10,
        4,
        5
      ],
      "2022-06": [
        40,
        11,
        27,
        5,
        5,
        6,
        14,
        18,
        5,
        14,
        4,
        11,
        2,
        4,
        2,
        3
      ],
      "2022-07": [
        49,
        16,
        28,
        11,
        4,
        4,
        4,
        17,
        8,
        12,
        19,
        11,
        5,
        8,
        3,
        6
      ],
      "2022-08": [
        48,
        8,
        23,
        10,
        6,
        4,
        6,
        15,
        11,
        10,
        7,
        6,
        2,
        6,
        3,
        7
      ],
      "2022-09": [
        51,
        15,
        25,
        14,
        2,
        4,
        7,
        18,
        9,
        8,
        12,
        12,
        5,
        3,
        3,
        6
      ],
      "2022-10": [
        45,
        9,
        25,
        6,
        5,
        13,
        6,
        24,
        7,
        11,
        5,
        13,
        0,
        2,
        3,
        2
      ],
      "2022-11": [
        46,
        10,
        15,
        15,
        4,
        3,
        4,
        12,
        6,
        15,
        10,
        8,
        6,
        5,
        4,
        7
      ],
      "2022-12": [
        50,
        13,
        21,
        12,
        4,
        7,
        10,
        16,
        10,
        15,
        3,
        11,
        5,
        4,
        4,
        7
      ],
      "2023-01": [
        43,
        10,
        21,
        11,
        6,
        11,
        8,
        16,
        12,
        9,
        4,
        4,
        4,
        5,
        2,
        5
      ],
      "2023-02": [
        39,
        9,
        19,
        12,
        8,
        10,
        8,
        13,
        5,
        9,
        5,
        10,
        0,
        2,
        1,
        1
      ],
      "2023-03": [
        54,
        12,
        25,
        11,
        8,
        12,
        7,
        23,
        11,
        12,
        6,
        5,
        7,
        1,
        2,
        5
      ],
      "2023-04": [
        41,
        12,
        17,
        3,
        6,
        4,
        8,
        18,
        7,
        11,
        5,
        10,
        5,
        6,
        1,
        4
      ],
      "2023-05": [
        52,
        14,
        40,
        18,
        6,
        8,
        11,
        20,
        9,
        17,
        2,
        9,
        2,
        6,
        0,
        7
      ],
      "2023-06": [
        51,
        15,
        17,
        7,
        10,
        11,
        6,
        11,
        8,
        12,
        14,
        11,
        2,
        5,
        2,
        10
      ],
      "2023-07": [
        50,
        15,
        23,
        11,
        7,
        11,
        5,
        22,
        9,
        10,
        6,
        6,
        5,
        6,
        0,
        9
      ],
      "2023-08": [
        40,
        7,
        17,
        6,
        3,
        8,
        6,
        16,
        12,
        11,
        6,
        4,
        1,
        10,
        0,
        5
      ],
      "2023-09": [
        44,
        11,
        18,
        15,
        2,
        5,
        6,
        19,
        6,
        10,
        5,
        12,
        6,
        6,
        4,
        2
      ],
      "2023-10": [
        45,
        18,
        16,
        11,
        4,
        7,
        3,
        15,
        10,
        7,
        6,
        6,
        6,
        5,
        2,
        3
      ],
      "2023-11": [
        35,
        11,
        17,
        8,
        7,
        5,
        7,
        12,
        11,
        8,
        7,
        13,
        1,
        4,
        0,
        5
      ],
      "2023-12": [
        43,
        10,
        24,
        10,
        12,
        10,
        7,
        14,
        12,
        15,
        6,
        13,
        6,
        5,
        2,
        4
      ],
      "2024-01": [
        49,
        16,
        31,
        10,
        4,
        8,
        8,
        13,
        12,
        12,
        5,
        8,
        2,
        4,
        3,
        4
      ],
      "2024-02": [
        53,
        10,
        37,
        14,
        7,
        15,
        8,
        20,
        12,
        5,
        7,
        11,
        6,
        4,
        6,
        7
      ],
      "2024-03": [
        52,
        17,
        28,
        11,
        6,
        6,
        9,
        13,
        8,
        10,
        6,
        9,
        1,
        6,
        3,
        5
      ],
      "2024-04": [
        42,
        8,
        25,
        11,
        3,
        3,
        6,
        14,
        8,
        12,
        11,
        13,
        2,
        11,
        3,
        6
      ],
      "2024-05": [
        60,
        9,
        24,
        14,
        7,
        9,
        10,
        27,
        13,
        9,
        8,
        20,
        2,
        10,
        4,
        9
      ],
      "2024-06": [
        46,
        15,
        20,
        8,
        4,
        8,
        3,
        24,
        6,
        10,
        10,
        12,
        2,
        4,
        2,
        2
      ],
      "2024-07": [
        56,
        12,
        24,
        7,
        4,
        10,
        10,
        17,
        9,
        17,
        6,
        11,
        6,
        7,
        8,
        12
      ],
      "2024-08": [
        42,
        11,
        25,
        4,
        5,
        14,
        5,
        15,
        10,
        16,
        3,
        4,
        2,
        6,
        3,
        4
      ],
      "2024-09": [
        59,
        11,
        21,
        12,
        9,
        14,
        5,
        19,
        6,
        12,
        11,
        12,
        3,
        8,
        3,
        3
      ],
      "2024-10": [
        51,
        13,
        29,
        12,
        9,
        19,
        7,
        17,
        11,
        19,
        8,
        7,
        2,
        9,
        7,
        8
      ],
      "2024-11": [
        59,
        17,
        18,
        9,
        5,
        8,
        6,
        10,
        8,
        8,
        5,
        9,
        5,
        5,
        6,
        7
      ],
      "2024-12": [
        57,
        13,
        21,
        7,
        5,
        9,
        11,
        18,
        4,
        12,
        7,
        12,
        2,
        4,
        4,
        8
      ],
      "2025-01": [
        38,
        9,
        26,
        16,
        4,
        10,
        10,
        13,
        9,
        14,
        1,
        9,
        2,
        6,
        5,
        5
      ],
      "2025-02": [
        53,
        6,
        14,
        11,
        7,
        14,
        6,
        20,
        14,
        18,
        8,
        5,
        2,
        6,
        1,
        8
      ],
      "2025-03": [
        60,
        27,
        22,
        12,
        11,
        11,
        13,
        28,
        9,
        11,
        6,
        2,
        7,
        6,
        3,
        4
      ],
      "2025-04": [
        45,
        14,
        32,
        9,
        12,
        11,
        13,
        15,
        4,
        12,
        8,
        12,
        3,
        6,
        10,
        6
      ],
      "2025-05": [
        48,
        20,
        18,
        6,
        4,
        9,
        8,
        20,
        14,
        18,
        9,
        19,
        0,
        6,
        2,
        8
      ],
      "2025-06": [
        52,
        13,
        21,
        6,
        8,
        12,
        5,
        12,
        7,
        12,
        8,
        8,
        4,
        6,
        1,
        5
      ],
      "2025-07": [
        60,
        11,
        28,
        15,
        2,
        12,
        9,
        9,
        10,
        26,
        16,
        6,
        5,
        10,
        8,
        5
      ],
      "2025-08": [
        51,
        13,
        31,
        6,
        8,
        11,
        10,
        14,
        14,
        25,
        6,
        12,
        3,
        9,
        1,
        5
      ],
      "2025-09": [
        28,
        7,
        10,
        10,
        5,
        4,
        4,
        6,
        7,
        5,
        6,
        6,
        7,
        2,
        1,
        2
      ]
    },
    "papers": {
      "0": [
        {
          "title": "Banach algebras associated to twisted étale groupoids: inverse semigroup disintegration and representations on $L^p$-spaces",
          "year": "2023-03",
          "abstract": "We introduce Banach algebras associated to twisted \\'etale groupoids\n$(\\mathcal{G},\\mathcal{L})$ and to twisted inverse semigroup actions. This\nprovides a unifying framework for numerous recent papers on $L^p$-operator\nalgebras and the theory of groupoid $C^*$-algebras. We prove disintegrations\ntheorems that allow to study Banach algebras associated to\n$(\\mathcal{G},\\mathcal{L})$ as universal Banach algebras generated by $C_0(X)$\nand a twisted inverse semigroup $S$ of partial isometries subject to some\nrelations. They work best when the target of a representation is a dual Banach\nalgebra. For representations on dual Banach spaces, they allow to extend\nrepresentations to twisted Borel convolution algebras, which is crucial when\nthe groupoid is non-Hausdorff.\n  We establish fundamental norm estimates and hierarchy for full and reduced\n$L^p$-operator algebras for $(\\mathcal{G},\\mathcal{L})$ and $p \\in [1,\\infty]$,\nwhose special cases have been studied recently by Gardella-Lupini,\nChoi-Gardella-Thiel and Hetland-Ortega. We show that in the constructions of\n$L^p$-analogues of Cuntz or graph algebras, by Phillips and\nCorti\\~{n}as-Rodr\\'{\\i}guez, the use of spatial partial isometries is not an\nassumption, in fact it is forced by the relations. We also introduce tight\ninverse semigroup Banach algebras that cover ample groupoid Banach algebras,\nand discuss Banach algebras associated to directed graphs.\n  Our results cover non-Hausdorff \\'{e}tale groupoids and both real and complex\nalgebras. Some of the results are new already for complex $C^*$-algebras.",
          "arxiv_id": "2303.09997v4"
        },
        {
          "title": "Group $C^*$-algebras of locally compact groups acting on trees",
          "year": "2020-11",
