{
  "topics": {
    "data": {
      "0": {
        "name": "0_Langevin_Monte_Carlo_Metropolis",
        "keywords": [
          [
            "Langevin",
            0.021992272382117144
          ],
          [
            "Monte",
            0.0217805815262026
          ],
          [
            "Carlo",
            0.0217805815262026
          ],
          [
            "Metropolis",
            0.020465255364098062
          ],
          [
            "Markov",
            0.01849872484384124
          ],
          [
            "target",
            0.018397589650476203
          ],
          [
            "sampling",
            0.017919706587404292
          ],
          [
            "algorithm",
            0.01765354143136938
          ],
          [
            "Hamiltonian",
            0.017016135160320245
          ],
          [
            "HMC",
            0.016423152656514103
          ]
        ],
        "count": 348
      },
      "1": {
        "name": "1_algorithm_regression_matrix_sparse",
        "keywords": [
          [
            "algorithm",
            0.020307122464010827
          ],
          [
            "regression",
            0.017689694426751026
          ],
          [
            "matrix",
            0.01501963414901599
          ],
          [
            "sparse",
            0.013954298344805573
          ],
          [
            "method",
            0.013903386129760364
          ],
          [
            "problem",
            0.013343112758790916
          ],
          [
            "optimization",
            0.013185024891850493
          ],
          [
            "data",
            0.012870630711738886
          ],
          [
            "linear",
            0.012682922630593545
          ],
          [
            "problems",
            0.012418640902666986
          ]
        ],
        "count": 301
      },
      "2": {
        "name": "2_data_survival_model_package",
        "keywords": [
          [
            "data",
            0.02258196619751039
          ],
          [
            "survival",
            0.019154354417793423
          ],
          [
            "model",
            0.018844762205020935
          ],
          [
            "package",
            0.01860949769927633
          ],
          [
            "effects",
            0.01702969787425923
          ],
          [
            "models",
            0.014755949527323477
          ],
          [
            "time",
            0.014451337662507694
          ],
          [
            "analysis",
            0.01404340398777038
          ],
          [
            "causal",
            0.013942420311504573
          ],
          [
            "longitudinal",
            0.010840039069161686
          ]
        ],
        "count": 287
      },
      "3": {
        "name": "3_state_model_Bayesian_particle",
        "keywords": [
          [
            "state",
            0.016493645984259897
          ],
          [
            "model",
            0.015420089073531554
          ],
          [
            "Bayesian",
            0.014884564826271646
          ],
          [
            "particle",
            0.0147156357813511
          ],
          [
            "problems",
            0.014269266928046717
          ],
          [
            "Gaussian",
            0.012785068682091078
          ],
          [
            "models",
            0.01277576894420277
          ],
          [
            "Kalman",
            0.012701981139161005
          ],
          [
            "time",
            0.012563618976986735
          ],
          [
            "filter",
            0.012464108265707046
          ]
        ],
        "count": 275
      },
      "4": {
        "name": "4_spatial_data_Gaussian_model",
        "keywords": [
          [
            "spatial",
            0.039731765267665926
          ],
          [
            "data",
            0.026596487075155165
          ],
          [
            "Gaussian",
            0.01915638726404419
          ],
          [
            "model",
            0.016930433807998493
          ],
          [
            "models",
            0.0162075925253911
          ],
          [
            "large",
            0.01374405038262415
          ],
          [
            "covariance",
            0.012254911696983431
          ],
          [
            "process",
            0.012001625450254745
          ],
          [
            "processes",
            0.011691137654882994
          ],
          [
            "approach",
            0.010423267372836316
          ]
        ],
        "count": 212
      },
      "5": {
        "name": "5_Bayesian_MCMC_posterior_inference",
        "keywords": [
          [
            "Bayesian",
            0.02912853015660235
          ],
          [
            "MCMC",
            0.02789839763060783
          ],
          [
            "posterior",
            0.023360523981067794
          ],
          [
            "inference",
            0.019156255243320028
          ],
          [
            "ABC",
            0.019102391047800347
          ],
          [
            "likelihood",
            0.018728095171986873
          ],
          [
            "methods",
            0.016315994301873426
          ],
          [
            "Carlo",
            0.016271857581233933
          ],
          [
            "Monte",
            0.016271857581233933
          ],
          [
            "Markov",
            0.015232760674428535
          ]
        ],
        "count": 176
      },
      "6": {
        "name": "6_series_time_time series_model",
        "keywords": [
          [
            "series",
            0.029432845569586228
          ],
          [
            "time",
            0.028552645227401148
          ],
          [
            "time series",
            0.028337219285294517
          ],
          [
            "model",
            0.018488380583472193
          ],
          [
            "data",
            0.01796683518977469
          ],
          [
            "models",
            0.017614742031181237
          ],
          [
            "forecasting",
            0.017372869913628523
          ],
          [
            "detection",
            0.016018861007974495
          ],
          [
            "change",
            0.014785874348870994
          ],
          [
            "volatility",
            0.01250606215591914
          ]
        ],
        "count": 166
      },
      "7": {
        "name": "7_network_networks_graph_nodes",
        "keywords": [
          [
            "network",
            0.04880865356236374
          ],
          [
            "networks",
            0.04206947079200961
          ],
          [
            "graph",
            0.028076338372961644
          ],
          [
            "nodes",
            0.02042843822000072
          ],
          [
            "community",
            0.017518896314683105
          ],
          [
            "model",
            0.015696215991914984
          ],
          [
            "structure",
            0.014734286613527459
          ],
          [
            "edge",
            0.014627167435980505
          ],
          [
            "node",
            0.014362773117744684
          ],
          [
            "clustering",
            0.013135450776223676
          ]
        ],
        "count": 129
      },
      "8": {
        "name": "8_surrogate_uncertainty_fidelity_model",
        "keywords": [
          [
            "surrogate",
            0.028757429969235148
          ],
          [
            "uncertainty",
            0.025479640637470515
          ],
          [
            "fidelity",
            0.022425792766446934
          ],
          [
            "model",
            0.02162064520320976
          ],
          [
            "models",
            0.02091819018859246
          ],
          [
            "input",
            0.016138726369053905
          ],
          [
            "quantification",
            0.014150968272844726
          ],
          [
            "method",
            0.013418801515883719
          ],
          [
            "engineering",
            0.012841235177592062
          ],
          [
            "uncertainty quantification",
            0.012706011490325901
          ]
        ],
        "count": 108
      },
      "9": {
        "name": "9_distribution_test_sample_tests",
        "keywords": [
          [
            "distribution",
            0.032036330104419745
          ],
          [
            "test",
            0.02660501118406174
          ],
          [
            "sample",
            0.022358875301158914
          ],
          [
            "tests",
            0.02180233173515187
          ],
          [
            "confidence",
            0.019161766978506432
          ],
          [
            "values",
            0.017775350752054362
          ],
          [
            "statistics",
            0.016908492119424964
          ],
          [
            "method",
            0.016025730119640137
          ],
          [
            "distributions",
            0.015243147147650361
          ],
          [
            "type",
            0.013360165724943012
          ]
        ],
        "count": 96
      },
      "10": {
        "name": "10_design_designs_optimal_experimental",
        "keywords": [
          [
            "design",
            0.0679192257542954
          ],
          [
            "designs",
            0.04632389454526036
          ],
          [
            "optimal",
            0.035998770458876186
          ],
          [
            "experimental",
            0.034467222562619235
          ],
          [
            "experimental design",
            0.025742162757648495
          ],
          [
            "experiments",
            0.021635127737212493
          ],
          [
            "Design",
            0.01999253875250916
          ],
          [
            "optimal designs",
            0.016861542765743698
          ],
          [
            "information",
            0.0161807804383956
          ],
          [
            "Bayesian",
            0.01583377734501991
          ]
        ],
        "count": 86
      },
      "11": {
        "name": "11_data_package_code_statistical",
        "keywords": [
          [
            "data",
            0.039154130794081705
          ],
          [
            "package",
            0.025471896680713372
          ],
          [
            "code",
            0.025341315450368523
          ],
          [
            "statistical",
            0.022498125707661874
          ],
          [
            "data science",
            0.020110283617279255
          ],
          [
            "science",
            0.019448441319854803
          ],
          [
            "research",
            0.01665552270851411
          ],
          [
            "packages",
            0.015344578362105973
          ],
          [
            "software",
            0.015068790821636101
          ],
          [
            "reproducible",
            0.014677953961191904
          ]
        ],
        "count": 82
      },
      "12": {
        "name": "12_clustering_mixture_data_clusters",
        "keywords": [
          [
            "clustering",
            0.052615178986829825
          ],
          [
            "mixture",
            0.02985978669252492
          ],
          [
            "data",
            0.024758503192696048
          ],
          [
            "clusters",
            0.020462138558719842
          ],
          [
            "model",
            0.019022975011198807
          ],
          [
            "cluster",
            0.016485510931539823
          ],
          [
            "algorithm",
            0.01583576145037656
          ],
          [
            "Mixture",
            0.014153268674932638
          ],
          [
            "Bayesian",
            0.013499886792600758
          ],
          [
            "approach",
            0.013305027967030206
          ]
        ],
        "count": 79
      },
      "13": {
        "name": "13_model_disease_transmission_data",
        "keywords": [
          [
            "model",
            0.03025188221902898
          ],
          [
            "disease",
            0.029942286260865817
          ],
          [
            "transmission",
            0.025372215147678928
          ],
          [
            "data",
            0.024102503664646332
          ],
          [
            "models",
            0.02188900032456378
          ],
          [
            "epidemic",
            0.019710234424629144
          ],
          [
            "spread",
            0.018053423436565335
          ],
          [
            "infection",
            0.01754870849481144
          ],
          [
            "time",
            0.01709705483643522
          ],
          [
            "cases",
            0.014046965321640117
          ]
        ],
        "count": 73
      },
      "14": {
        "name": "14_random_sampling_algorithm_entropy",
        "keywords": [
          [
            "random",
            0.027774786040530325
          ],
          [
            "sampling",
            0.022249606448815972
          ],
          [
            "algorithm",
            0.018383902029126317
          ],
          [
            "entropy",
            0.017374638150055233
          ],
          [
            "number",
            0.01522685203115395
          ],
          [
            "distribution",
            0.014961918931479986
          ],
          [
            "generators",
            0.013282366697502514
          ],
          [
            "efficient",
            0.01245017324916035
          ],
          [
            "nets",
            0.012376842765172199
          ],
          [
            "algorithms",
            0.012267582328036396
          ]
        ],
        "count": 70
      }
    },
    "correlations": [
      [
        1.0,
        -0.6343276965459493,
        -0.6790888010305794,
        -0.6651218651652115,
        -0.6953567833477482,
        -0.136644622733501,
        -0.6965474717179376,
        -0.7120227395622962,
        -0.6129209783771132,
        -0.6529075818281715,
        -0.6951087220304724,
        -0.7005029178117803,
        -0.6980846879693063,
        -0.6861163010668684,
        -0.6658752659602227
      ],
      [
        -0.6343276965459493,
        1.0,
        -0.6771532840179129,
        -0.705094792445728,
        -0.709871168570953,
        -0.6772149408425494,
        -0.7118804334821915,
        -0.7251443754400106,
        -0.7059701626906503,
        -0.6840321835682686,
        -0.7024506350676587,
        -0.6885913226952586,
        -0.6941883343589347,
        -0.70369404312728,
        -0.7052048589011948
      ],
      [
        -0.6790888010305794,
        -0.6771532840179129,
        1.0,
        -0.725105513100007,
        -0.44340558797838764,
        -0.653166331242087,
        -0.6373812606904505,
        -0.6948852578324041,
        -0.4506535526261072,
        -0.6685941770044102,
        -0.6869257514413505,
        0.032208397535631095,
        -0.48009002634723036,
        -0.15841956921516753,
        -0.7339343222961335
      ],
      [
        -0.6651218651652115,
        -0.705094792445728,
        -0.725105513100007,
        1.0,
        -0.7170054784707025,
        -0.6385661770739056,
        -0.6853522316867218,
        -0.7525400841050838,
        -0.6776005393108104,
        -0.7224460463697553,
        -0.7351381449197543,
        -0.7440986392767093,
        -0.7250091541627774,
        -0.7186392497345647,
        -0.7381307495205929
      ],
      [
        -0.6953567833477482,
        -0.709871168570953,
        -0.44340558797838764,
        -0.7170054784707025,
        1.0,
        -0.6791330282091321,
        -0.6985354672007191,
        -0.7071327800496757,
        -0.6573176912321748,
        -0.7000552127199265,
        -0.7182688363890035,
        -0.4208013734555603,
        -0.49899420690228624,
        -0.46386372758267536,
        -0.7322373372677504
      ],
      [
        -0.136644622733501,
        -0.6772149408425494,
        -0.653166331242087,
        -0.6385661770739056,
        -0.6791330282091321,
        1.0,
        -0.7052362995637499,
        -0.6979176050822854,
        -0.587201624161757,
        -0.6706301728825319,
        -0.699973088780707,
        -0.6881604229195174,
        -0.6770553860088817,
        -0.6607837710684199,
        -0.6794111869736225
      ],
      [
        -0.6965474717179376,
        -0.7118804334821915,
        -0.6373812606904505,
        -0.6853522316867218,
        -0.6985354672007191,
        -0.7052362995637499,
        1.0,
        -0.7240049782579943,
        -0.677004287204262,
        -0.6995950029957796,
        -0.7288304122158654,
        -0.6644151505739422,
        -0.706596962263178,
        -0.6671936850829331,
        -0.7217389569676133
      ],
      [
        -0.7120227395622962,
        -0.7251443754400106,
        -0.6948852578324041,
        -0.7525400841050838,
        -0.7071327800496757,
        -0.6979176050822854,
        -0.7240049782579943,
        1.0,
        -0.6952696216215857,
        -0.7338194505417037,
        -0.7196754003276107,
        -0.70651209689291,
        -0.6855163908939645,
        -0.7094803047732106,
        -0.7394826328480952
      ],
      [
        -0.6129209783771132,
        -0.7059701626906503,
        -0.4506535526261072,
        -0.6776005393108104,
        -0.6573176912321748,
        -0.587201624161757,
        -0.677004287204262,
        -0.6952696216215857,
        1.0,
        -0.6824183492839919,
        -0.6827806783089212,
        -0.646837673420228,
        -0.683234084260543,
        -0.42333225019053233,
        -0.7249460895569294
      ],
      [
        -0.6529075818281715,
        -0.6840321835682686,
        -0.6685941770044102,
        -0.7224460463697553,
        -0.7000552127199265,
        -0.6706301728825319,
        -0.6995950029957796,
        -0.7338194505417037,
        -0.6824183492839919,
        1.0,
        -0.716532836228451,
        -0.6852886284723747,
        -0.7043295771638353,
        -0.6931368676604346,
        -0.6941037663312879
      ],
      [
        -0.6951087220304724,
        -0.7024506350676587,
        -0.6869257514413505,
        -0.7351381449197543,
        -0.7182688363890035,
        -0.699973088780707,
        -0.7288304122158654,
        -0.7196754003276107,
        -0.6827806783089212,
        -0.716532836228451,
        1.0,
        -0.6862149552842461,
        -0.722797507668411,
        -0.7120704925834433,
        -0.7243718112790865
      ],
      [
        -0.7005029178117803,
        -0.6885913226952586,
        0.032208397535631095,
        -0.7440986392767093,
        -0.4208013734555603,
        -0.6881604229195174,
        -0.6644151505739422,
        -0.70651209689291,
        -0.646837673420228,
        -0.6852886284723747,
        -0.6862149552842461,
        1.0,
        -0.4578395509994848,
        -0.4391867093185724,
        -0.7372043491205076
      ],
      [
        -0.6980846879693063,
        -0.6941883343589347,
        -0.48009002634723036,
        -0.7250091541627774,
        -0.49899420690228624,
        -0.6770553860088817,
        -0.706596962263178,
        -0.6855163908939645,
        -0.683234084260543,
        -0.7043295771638353,
        -0.722797507668411,
        -0.4578395509994848,
        1.0,
        -0.48915555296398405,
        -0.7376405536276908
      ],
      [
        -0.6861163010668684,
        -0.70369404312728,
        -0.15841956921516753,
        -0.7186392497345647,
        -0.46386372758267536,
        -0.6607837710684199,
        -0.6671936850829331,
        -0.7094803047732106,
        -0.42333225019053233,
        -0.6931368676604346,
        -0.7120704925834433,
        -0.4391867093185724,
        -0.48915555296398405,
        1.0,
        -0.7398485571291737
      ],
      [
        -0.6658752659602227,
        -0.7052048589011948,
        -0.7339343222961335,
        -0.7381307495205929,
        -0.7322373372677504,
        -0.6794111869736225,
        -0.7217389569676133,
        -0.7394826328480952,
        -0.7249460895569294,
        -0.6941037663312879,
        -0.7243718112790865,
        -0.7372043491205076,
        -0.7376405536276908,
        -0.7398485571291737,
        1.0
      ]
    ],
    "series": {
      "2020-01": [
        14,
        2,
        0,
        1,
        5,
        12,
        4,
        2,
        2,
        2,
        8,
        5,
        3,
        2,
        0
      ],
      "2020-02": [
        28,
        2,
        1,
        2,
        4,
        10,
        7,
        3,
        3,
        4,
        5,
        2,
        2,
        3,
        0
      ],
      "2020-03": [
        17,
        1,
        2,
        2,
        3,
        4,
        1,
        3,
        5,
        6,
        2,
        6,
        5,
        1,
        2
      ],
      "2020-04": [
        15,
        3,
        0,
        1,
        7,
        14,
        6,
        1,
        6,
        6,
        9,
        2,
        1,
        8,
        0
      ],
      "2020-05": [
        18,
        3,
        2,
        0,
        6,
        6,
        5,
        1,
        5,
        6,
        6,
        9,
        2,
        4,
        0
      ],
      "2020-06": [
        18,
        5,
        1,
        3,
        2,
        9,
        7,
        5,
        1,
        10,
        7,
        9,
        6,
        3,
        0
      ],
      "2020-07": [
        27,
        2,
        3,
        5,
        3,
        12,
        10,
        5,
        5,
        2,
        5,
        7,
        5,
        2,
        0
      ],
      "2020-08": [
        16,
        1,
        1,
        1,
        5,
        6,
        3,
        4,
        3,
        3,
        2,
        5,
        0,
        0,
        0
      ],
      "2020-09": [
        14,
        2,
        0,
        1,
        0,
        7,
        4,
        5,
        2,
        5,
        2,
        6,
        4,
        6,
        0
      ],
      "2020-10": [
        20,
        8,
        1,
        2,
        2,
        11,
        8,
        2,
        4,
        4,
        5,
        8,
        7,
        3,
        0
      ],
      "2020-11": [
        18,
        3,
        0,
        3,
        3,
        6,
        3,
        4,
        4,
        5,
        4,
        9,
        6,
        3,
        0
      ],
      "2020-12": [
        15,
        1,
        5,
        0,
        8,
        9,
        1,
        5,
        2,
        2,
        6,
        5,
        4,
        4,
        1
      ],
      "2021-01": [
        16,
        0,
        4,
        3,
        5,
        6,
        7,
        5,
        3,
        1,
        1,
        12,
        2,
        4,
        3
      ],
      "2021-02": [
        22,
        4,
        3,
        2,
        3,
        4,
        5,
        2,
        4,
        5,
        4,
        7,
        2,
        5,
        1
      ],
      "2021-03": [
        16,
        3,
        1,
        1,
        3,
        10,
        5,
        1,
        1,
        5,
        6,
        4,
        4,
        1,
        1
      ],
      "2021-04": [
        18,
        4,
        2,
        0,
        1,
        9,
        4,
        4,
        4,
        0,
        9,
        2,
        3,
        3,
        0
      ],
      "2021-05": [
        22,
        5,
        3,
        2,
        7,
        8,
        5,
        5,
        3,
        4,
        3,
        9,
        2,
        3,
        0
      ],
      "2021-06": [
        33,
        7,
        5,
        2,
        3,
        11,
        6,
        1,
        5,
        5,
        7,
        4,
        7,
        2,
        3
      ],
      "2021-07": [
        16,
        0,
        2,
        0,
        2,
        6,
        7,
        2,
        6,
        0,
        4,
        4,
        3,
        3,
        0
      ],
      "2021-08": [
        18,
        3,
        3,
        0,
        4,
        4,
        4,
        4,
        4,
        2,
        4,
        3,
        0,
        3,
        0
      ],
      "2021-09": [
        11,
        3,
        4,
        1,
        6,
        5,
        7,
        3,
        3,
        4,
        3,
        7,
        2,
        9,
        0
      ],
      "2021-10": [
        24,
        2,
        4,
        3,
        5,
        11,
        6,
        2,
        3,
        5,
        11,
        11,
        1,
        5,
        1
      ],
      "2021-11": [
        17,
        4,
        1,
        0,
        3,
        3,
        2,
        4,
        4,
        5,
        3,
        4,
        0,
        2,
        0
      ],
      "2021-12": [
        18,
        3,
        0,
        2,
        2,
        11,
        5,
        6,
        1,
        4,
        3,
        2,
        2,
        2,
        0
      ],
      "2022-01": [
        17,
        2,
        2,
        1,
        3,
        6,
        1,
        6,
        6,
        5,
        6,
        8,
        1,
        3,
        1
      ],
      "2022-02": [
        19,
        0,
        3,
        1,
        4,
        5,
        1,
        6,
        6,
        5,
        3,
        4,
        5,
        1,
        0
      ],
      "2022-03": [
        14,
        3,
        3,
        3,
        2,
        12,
        3,
        5,
        4,
        7,
        5,
        5,
        2,
        6,
        2
      ],
      "2022-04": [
        17,
        3,
        2,
        2,
        2,
        6,
        3,
        2,
        1,
        2,
        3,
        2,
        2,
        2,
        0
      ],
      "2022-05": [
        18,
        3,
        2,
        1,
        0,
        10,
        3,
        3,
        3,
        5,
        10,
        2,
        5,
        2,
        1
      ],
      "2022-06": [
        22,
        3,
        1,
        5,
        3,
        18,
        2,
        7,
        5,
        3,
        6,
        5,
        4,
        2,
        0
      ],
      "2022-07": [
        22,
        2,
        1,
        3,
        3,
        9,
        5,
        1,
        4,
        1,
        4,
        6,
        5,
        4,
        2
      ],
      "2022-08": [
        17,
        8,
        3,
        3,
        3,
        7,
        3,
        5,
        4,
        4,
        8,
        5,
        0,
        4,
        0
      ],
      "2022-09": [
        20,
        1,
        2,
        0,
        1,
        4,
        4,
        4,
        1,
        7,
        6,
        5,
        2,
        7,
        0
      ],
      "2022-10": [
        22,
        3,
        2,
        3,
        4,
        7,
        6,
        6,
        4,
        2,
        7,
        8,
        1,
        2,
        1
      ],
      "2022-11": [
        23,
        4,
        3,
        0,
        2,
        5,
        9,
        3,
        8,
        5,
        4,
        9,
        3,
        7,
        0
      ],
      "2022-12": [
        9,
        4,
        0,
        1,
        4,
        3,
        3,
        2,
        1,
        5,
        4,
        8,
        2,
        2,
        0
      ],
      "2023-01": [
        16,
        0,
        0,
        0,
        3,
        5,
        6,
        4,
        6,
        2,
        7,
        4,
        1,
        3,
        0
      ],
      "2023-02": [
        13,
        2,
        3,
        2,
        2,
        2,
        2,
        4,
        4,
        3,
        6,
        4,
        6,
        3,
        0
      ],
      "2023-03": [
        26,
        3,
        1,
        4,
        10,
        5,
        3,
        6,
        5,
        5,
        2,
        7,
        1,
        1,
        0
      ],
      "2023-04": [
        13,
        4,
        2,
        3,
        2,
        5,
        1,
        0,
        3,
        4,
        5,
        2,
        1,
        1,
        0
      ],
      "2023-05": [
        20,
        4,
        1,
        2,
        4,
        8,
        5,
        3,
        3,
        3,
        4,
        8,
        1,
        3,
        0
      ],
      "2023-06": [
        17,
        3,
        1,
        2,
        4,
        10,
        6,
        4,
        1,
        2,
        5,
        2,
        3,
        0,
        2
      ],
      "2023-07": [
        15,
        3,
        0,
        1,
        1,
        5,
        5,
        4,
        4,
        1,
        3,
        7,
        4,
        2,
        1
      ],
      "2023-08": [
        21,
        4,
        1,
        0,
        3,
        7,
        3,
        6,
        3,
        6,
        6,
        1,
        1,
        3,
        0
      ],
      "2023-09": [
        13,
        2,
        3,
        2,
        3,
        5,
        1,
        4,
        6,
        3,
        3,
        5,
        5,
        1,
        0
      ],
      "2023-10": [
        24,
        3,
        5,
        4,
        0,
        9,
        8,
        7,
        4,
        2,
        2,
        5,
        1,
        4,
        0
      ],
      "2023-11": [
        13,
        2,
        0,
        1,
        2,
        8,
        5,
        2,
        3,
        0,
        5,
        5,
        4,
        5,
        0
      ],
      "2023-12": [
        22,
        2,
        2,
        0,
        2,
        9,
        1,
        2,
        3,
        4,
        5,
        3,
        1,
        2,
        0
      ],
      "2024-01": [
        20,
        2,
        2,
        3,
        7,
        7,
        5,
        3,
        4,
        3,
        5,
        2,
        2,
        0,
        0
      ],
      "2024-02": [
        32,
        2,
        8,
        1,
        5,
        9,
        2,
        2,
        3,
        3,
        9,
        4,
        3,
        1,
        1
      ],
      "2024-03": [
        15,
        3,
        2,
        1,
        4,
        6,
        5,
        2,
        2,
        5,
        8,
        7,
        2,
        2,
        0
      ],
      "2024-04": [
        17,
        5,
        2,
        2,
        6,
        10,
        5,
        1,
        4,
        6,
        4,
        10,
        0,
        3,
        0
      ],
      "2024-05": [
        21,
        4,
        1,
        2,
        5,
        11,
        3,
        9,
        5,
        6,
        5,
        6,
        4,
        4,
        2
      ],
      "2024-06": [
        18,
        1,
        3,
        0,
        3,
        15,
        1,
        9,
        4,
        3,
        5,
        3,
        3,
        5,
        1
      ],
      "2024-07": [
        20,
        5,
        0,
        3,
        7,
        7,
        5,
        4,
        5,
        1,
        3,
        3,
        2,
        3,
        0
      ],
      "2024-08": [
        16,
        6,
        6,
        1,
        2,
        13,
        6,
        4,
        4,
        1,
        4,
        2,
        6,
        4,
        0
      ],
      "2024-09": [
        27,
        1,
        0,
        2,
        4,
        10,
        3,
        8,
        3,
        4,
        3,
        5,
        1,
        3,
        1
      ],
      "2024-10": [
        37,
        9,
        4,
        3,
        4,
        10,
        9,
        6,
        3,
        9,
        8,
        6,
        4,
        3,
        0
      ],
      "2024-11": [
        20,
        4,
        6,
        2,
        4,
        6,
        6,
        7,
        5,
        4,
        4,
        7,
        3,
        3,
        0
      ],
      "2024-12": [
        20,
        4,
        0,
        0,
        3,
        14,
        5,
        2,
        6,
        6,
        4,
        1,
        3,
        3,
        0
      ],
      "2025-01": [
        26,
        7,
        2,
        3,
        3,
        10,
        3,
        3,
        3,
        4,
        6,
        5,
        4,
        3,
        0
      ],
      "2025-02": [
        18,
        4,
        2,
        2,
        6,
        16,
        6,
        5,
        6,
        2,
        6,
        4,
        3,
        2,
        1
      ],
      "2025-03": [
        26,
        5,
        1,
        1,
        4,
        8,
        4,
        9,
        4,
        2,
        7,
        3,
        5,
        1,
        1
      ],
      "2025-04": [
        20,
        4,
        4,
        3,
        3,
        10,
        5,
        2,
        2,
        7,
        6,
        7,
        2,
        3,
        0
      ],
      "2025-05": [
        23,
        4,
        5,
        1,
        4,
        6,
        3,
        7,
        6,
        6,
        10,
        9,
        2,
        3,
        4
      ],
      "2025-06": [
        25,
        2,
        2,
        1,
        4,
        4,
        3,
        7,
        5,
        6,
        1,
        3,
        2,
        3,
        3
      ],
      "2025-07": [
        15,
        2,
        2,
        1,
        5,
        8,
        4,
        2,
        6,
        6,
        10,
        4,
        6,
        6,
        0
      ],
      "2025-08": [
        28,
        2,
        2,
        1,
        3,
        5,
        2,
        5,
        7,
        3,
        6,
        2,
        2,
        1,
        1
      ],
      "2025-09": [
        10,
        1,
        0,
        0,
        0,
        7,
        2,
        2,
        6,
        3,
        4,
        2,
        2,
        0,
        0
      ]
    },
    "papers": {
      "0": [
        {
          "title": "Metropolis Augmented Hamiltonian Monte Carlo",
          "year": "2022-01",
          "abstract": "Hamiltonian Monte Carlo (HMC) is a powerful Markov Chain Monte Carlo (MCMC)\nmethod for sampling from complex high-dimensional continuous distributions.\nHowever, in many situations it is necessary or desirable to combine HMC with\nother Metropolis-Hastings (MH) samplers. The common HMC-within-Gibbs strategy\nimplies a trade-off between long HMC trajectories and more frequent other MH\nupdates. Addressing this trade-off has been the focus of several recent works.\nIn this paper we propose Metropolis Augmented Hamiltonian Monte Carlo (MAHMC),\nan HMC variant that allows MH updates within HMC and eliminates this trade-off.\nExperiments on two representative examples demonstrate MAHMC's efficiency and\nease of use when compared with within-Gibbs alternatives.",
          "arxiv_id": "2201.08044v2"
        },
        {
          "title": "Hamiltonian Assisted Metropolis Sampling",
          "year": "2020-05",
          "abstract": "Various Markov chain Monte Carlo (MCMC) methods are studied to improve upon\nrandom walk Metropolis sampling, for simulation from complex distributions.\nExamples include Metropolis-adjusted Langevin algorithms, Hamiltonian Monte\nCarlo, and other recent algorithms related to underdamped Langevin dynamics. We\npropose a broad class of irreversible sampling algorithms, called Hamiltonian\nassisted Metropolis sampling (HAMS), and develop two specific algorithms with\nappropriate tuning and preconditioning strategies. Our HAMS algorithms are\ndesigned to achieve two distinctive properties, while using an augmented target\ndensity with momentum as an auxiliary variable. One is generalized detailed\nbalance, which induces an irreversible exploration of the target. The other is\na rejection-free property, which allows our algorithms to perform\nsatisfactorily with relatively large step sizes. Furthermore, we formulate a\nframework of generalized Metropolis--Hastings sampling, which not only\nhighlights our construction of HAMS at a more abstract level, but also\nfacilitates possible further development of irreversible MCMC algorithms. We\npresent several numerical experiments, where the proposed algorithms are found\nto consistently yield superior results among existing ones.",
          "arxiv_id": "2005.08159v1"
        },
        {
          "title": "On Irreversible Metropolis Sampling Related to Langevin Dynamics",
          "year": "2021-06",
          "abstract": "There has been considerable interest in designing Markov chain Monte Carlo\nalgorithms by exploiting numerical methods for Langevin dynamics, which\nincludes Hamiltonian dynamics as a deterministic case. A prominent approach is\nHamiltonian Monte Carlo (HMC), where a leapfrog discretization of Hamiltonian\ndynamics is employed. We investigate a recently proposed class of irreversible\nsampling algorithms, called Hamiltonian assisted Metropolis sampling (HAMS),\nwhich uses an augmented target density similarly as in HMC, but involves a\nflexible proposal scheme and a carefully formulated acceptance-rejection scheme\nto achieve generalized reversibility. We show that as the step size tends to 0,\nthe HAMS proposal satisfies a class of stochastic differential equations\nincluding Langevin dynamics as a special case. We provide theoretical results\nfor HAMS under the univariate Gaussian setting, including the stationary\nvariance, the expected acceptance rate, and the spectral radius. From these\nresults, we derive default choices of tuning parameters for HAMS, such that\nonly the step size needs to be tuned in applications. Various relatively recent\nalgorithms for Langevin dynamics are also shown to fall in the class of HAMS\nproposals up to negligible differences. Our numerical experiments on sampling\nhigh-dimensional latent variables confirm that the HAMS algorithms consistently\nachieve superior performance, compared with several Metropolis-adjusted\nalgorithms based on popular integrators of Langevin dynamics.",
          "arxiv_id": "2106.03012v1"
        }
      ],
      "1": [
        {
          "title": "Estimating Multiple Precision Matrices with Cluster Fusion Regularization",
          "year": "2020-03",
          "abstract": "We propose a penalized likelihood framework for estimating multiple precision\nmatrices from different classes. Most existing methods either incorporate no\ninformation on relationships between the precision matrices, or require this\ninformation be known a priori. The framework proposed in this article allows\nfor simultaneous estimation of the precision matrices and relationships between\nthe precision matrices, jointly. Sparse and non-sparse estimators are proposed,\nboth of which require solving a non-convex optimization problem. To compute our\nproposed estimators, we use an iterative algorithm which alternates between a\nconvex optimization problem solved by blockwise coordinate descent and a\nk-means clustering problem. Blockwise updates for computing the sparse\nestimator require solving an elastic net penalized precision matrix estimation\nproblem, which we solve using a proximal gradient descent algorithm. We prove\nthat this subalgorithm has a linear rate of convergence. In simulation studies\nand two real data applications, we show that our method can outperform\ncompetitors that ignore relevant relationships between precision matrices and\nperforms similarly to methods which use prior information often uknown in\npractice.",
          "arxiv_id": "2003.00371v1"
        },
        {
          "title": "Grouped Variable Selection with Discrete Optimization: Computational and Statistical Perspectives",
          "year": "2021-04",
