{
  "topics": {
    "data": {
      "0": {
        "name": "0_algebra_theory_algebras_Lie",
        "keywords": [
          [
            "algebra",
            0.01875842737979139
          ],
          [
            "theory",
            0.01751104858790344
          ],
          [
            "algebras",
            0.016743576421391255
          ],
          [
            "Lie",
            0.01343160370886422
          ],
          [
            "gauge",
            0.011125388396709863
          ],
          [
            "theories",
            0.011072135281364212
          ],
          [
            "space",
            0.009616821153125584
          ],
          [
            "quantum",
            0.008917584946915497
          ],
          [
            "group",
            0.0085733333439832
          ],
          [
            "structure",
            0.008467975958693938
          ]
        ],
        "count": 3152
      },
      "1": {
        "name": "1_equations_solutions_model_equation",
        "keywords": [
          [
            "equations",
            0.01752949513095451
          ],
          [
            "solutions",
            0.015188735146685882
          ],
          [
            "model",
            0.013117658539375153
          ],
          [
            "equation",
            0.012976394548986638
          ],
          [
            "flow",
            0.011982812331058768
          ],
          [
            "fluid",
            0.011694223816236629
          ],
          [
            "boundary",
            0.01165137886920204
          ],
          [
            "problem",
            0.011185796025401836
          ],
          [
            "solution",
            0.010730033787062523
          ],
          [
            "time",
            0.01060575085591714
          ]
        ],
        "count": 1750
      },
      "2": {
        "name": "2_spacetime_black_field_Einstein",
        "keywords": [
          [
            "spacetime",
            0.021371234939216947
          ],
          [
            "black",
            0.0198749769365898
          ],
          [
            "field",
            0.016594720242267935
          ],
          [
            "Einstein",
            0.015933738517096396
          ],
          [
            "spacetimes",
            0.015006131585260454
          ],
          [
            "scalar",
            0.014920406778584156
          ],
          [
            "gravity",
            0.014681928478617087
          ],
          [
            "hole",
            0.014217596375178334
          ],
          [
            "black hole",
            0.014093389596631256
          ],
          [
            "solutions",
            0.01309150330594812
          ]
        ],
        "count": 1469
      },
      "3": {
        "name": "3_random_model_process_time",
        "keywords": [
          [
            "random",
            0.01956844392223454
          ],
          [
            "model",
            0.01879395999126328
          ],
          [
            "process",
            0.014336234168602887
          ],
          [
            "time",
            0.013683632008324958
          ],
          [
            "percolation",
            0.013564505613803037
          ],
          [
            "critical",
            0.012165882565238076
          ],
          [
            "models",
            0.010572490929071993
          ],
          [
            "limit",
            0.010391396345408036
          ],
          [
            "large",
            0.009515273034309754
          ],
          [
            "probability",
            0.009302713400660658
          ]
        ],
        "count": 1374
      },
      "4": {
        "name": "4_operators_operator_potentials_magnetic",
        "keywords": [
          [
            "operators",
            0.028343569337932664
          ],
          [
            "operator",
            0.02216514788411981
          ],
          [
            "potentials",
            0.016425840315411246
          ],
          [
            "magnetic",
            0.01578513624165962
          ],
          [
            "potential",
            0.013912423417460552
          ],
          [
            "spectral",
            0.012962433924809898
          ],
          [
            "eigenvalues",
            0.012476990487932474
          ],
          [
            "spectrum",
            0.012401121972843316
          ],
          [
            "Dirac",
            0.011016909933636326
          ],
          [
            "Schrödinger",
            0.010383944431178838
          ]
        ],
        "count": 1094
      },
      "5": {
        "name": "5_topological_symmetry_phases_spin",
        "keywords": [
          [
            "topological",
            0.03273676375781247
          ],
          [
            "symmetry",
            0.021107483079178348
          ],
          [
            "phases",
            0.017472477574628827
          ],
          [
            "spin",
            0.016440289505402376
          ],
          [
            "model",
            0.014760063669216537
          ],
          [
            "lattice",
            0.014672377478305477
          ],
          [
            "states",
            0.014192565450517997
          ],
          [
            "quantum",
            0.01397160704458991
          ],
          [
            "boundary",
            0.013542014600494513
          ],
          [
            "non",
            0.013160730991445888
          ]
        ],
        "count": 983
      },
      "6": {
        "name": "6_quantum_states_entanglement_state",
        "keywords": [
          [
            "quantum",
            0.054089259716390455
          ],
          [
            "states",
            0.026702254923346408
          ],
          [
            "entanglement",
            0.019111023688519444
          ],
          [
            "state",
            0.017287310289875884
          ],
          [
            "information",
            0.016505255786972903
          ],
          [
            "channels",
            0.013041429908230841
          ],
          [
            "entropy",
            0.012840555428343614
          ],
          [
            "Quantum",
            0.011618421741414661
          ],
          [
            "qubit",
            0.011181347564751936
          ],
          [
            "classical",
            0.011115725966690203
          ]
        ],
        "count": 963
      },
      "7": {
        "name": "7_systems_equations_Hamiltonian_problem",
        "keywords": [
          [
            "systems",
            0.023059942811904044
          ],
          [
            "equations",
            0.021414454495702652
          ],
          [
            "Hamiltonian",
            0.018986763398633092
          ],
          [
            "problem",
            0.015007865857268468
          ],
          [
            "body",
            0.013775323016165922
          ],
          [
            "Lagrangian",
            0.013427934399989933
          ],
          [
            "symmetries",
            0.013394000004878953
          ],
          [
            "Lie",
            0.013193362541596062
          ],
          [
            "contact",
            0.012428235082529743
          ],
          [
            "differential",
            0.011505680415011202
          ]
        ],
        "count": 810
      },
      "8": {
        "name": "8_hierarchy_equations_Toda_systems",
        "keywords": [
          [
            "hierarchy",
            0.022448400725078033
          ],
          [
            "equations",
            0.020250500157814585
          ],
          [
            "Toda",
            0.019756542565917867
          ],
          [
            "systems",
            0.01850791751457981
          ],
          [
            "integrable",
            0.018208113906043218
          ],
          [
            "equation",
            0.017321337590602514
          ],
          [
            "solutions",
            0.014024643057742451
          ],
          [
            "Hamiltonian",
            0.013884697593533177
          ],
          [
            "non",
            0.011512971328653724
          ],
          [
            "type",
            0.01089345557947511
          ]
        ],
        "count": 750
      },
      "9": {
        "name": "9_equation_solutions_nonlinear_soliton",
        "keywords": [
          [
            "equation",
            0.040842913633683336
          ],
          [
            "solutions",
            0.030933416049780102
          ],
          [
            "nonlinear",
            0.030003556641602713
          ],
          [
            "soliton",
            0.027879621635125133
          ],
          [
            "problem",
            0.01896152118522299
          ],
          [
            "wave",
            0.018106657736521637
          ],
          [
            "solution",
            0.01785867557458875
          ],
          [
            "waves",
            0.01646790505215627
          ],
          [
            "equations",
            0.01541840773005974
          ],
          [
            "solitons",
            0.013846054832891093
          ]
        ],
        "count": 656
      },
      "10": {
        "name": "10_random_matrices_matrix_ensemble",
        "keywords": [
          [
            "random",
            0.03401175901747914
          ],
          [
            "matrices",
            0.033582375261969784
          ],
          [
            "matrix",
            0.025805047646674885
          ],
          [
            "ensemble",
            0.02078420258894374
          ],
          [
            "ensembles",
            0.020114066856076876
          ],
          [
            "random matrices",
            0.01669355753327045
          ],
          [
            "random matrix",
            0.014806379860057537
          ],
          [
            "moments",
            0.014794156468076173
          ],
          [
            "eigenvalues",
            0.014581482594139173
          ],
          [
            "Gaussian",
            0.014507704608807443
          ]
        ],
        "count": 639
      },
      "11": {
        "name": "11_quantum_systems_dynamics_time",
        "keywords": [
          [
            "quantum",
            0.04082616429670859
          ],
          [
            "systems",
            0.023604916546052332
          ],
          [
            "dynamics",
            0.01968995817686493
          ],
          [
            "time",
            0.019505393157756047
          ],
          [
            "state",
            0.014948373804806929
          ],
          [
            "states",
            0.013744466588902465
          ],
          [
            "local",
            0.013670965458818836
          ],
          [
            "quantum systems",
            0.012215255875876305
          ],
          [
            "body",
            0.01186562169070147
          ],
          [
            "entanglement",
            0.0116716063993795
          ]
        ],
        "count": 454
      },
      "12": {
        "name": "12_wave_scattering_problem_frequency",
        "keywords": [
          [
            "wave",
            0.0194106562355557
          ],
          [
            "scattering",
            0.018912865734944044
          ],
          [
            "problem",
            0.016282698174908447
          ],
          [
            "frequency",
            0.014481354802122582
          ],
          [
            "method",
            0.013684188716555051
          ],
          [
            "waves",
            0.01246183867276624
          ],
          [
            "field",
            0.011253681563283251
          ],
          [
            "equation",
            0.010818268811302066
          ],
          [
            "numerical",
            0.010434909129773877
          ],
          [
            "inverse",
            0.010167692726301955
          ]
        ],
        "count": 451
      },
      "13": {
        "name": "13_Bose_energy_density_ground",
        "keywords": [
          [
            "Bose",
            0.029284138271364286
          ],
          [
            "energy",
            0.024863542325479358
          ],
          [
            "density",
            0.022723840456403535
          ],
          [
            "ground",
            0.019280198469328713
          ],
          [
            "gas",
            0.01883221261699047
          ],
          [
            "state",
            0.018808590086590627
          ],
          [
            "ground state",
            0.017661413701769116
          ],
          [
            "body",
            0.017201277805190898
          ],
          [
            "Hartree",
            0.015651085260378575
          ],
          [
            "Fock",
            0.01363107284782439
          ]
        ],
        "count": 394
      },
      "14": {
        "name": "14_graphs_graph_quantum_walk",
        "keywords": [
          [
            "graphs",
            0.061942206836091265
          ],
          [
            "graph",
            0.0515198301730489
          ],
          [
            "quantum",
            0.03817919563109792
          ],
          [
            "walk",
            0.031177454275259576
          ],
          [
            "quantum graphs",
            0.026265789993023782
          ],
          [
            "walks",
            0.022911450513444336
          ],
          [
            "quantum walk",
            0.02232475114171206
          ],
          [
            "quantum walks",
            0.01857426377141941
          ],
          [
            "vertex",
            0.017973357530634313
          ],
          [
            "spectral",
            0.016296269094551768
          ]
        ],
        "count": 186
      },
      "15": {
        "name": "15_quantum_theory_operator_algebras",
        "keywords": [
          [
            "quantum",
            0.03305409330442817
          ],
          [
            "theory",
            0.02620860732322887
          ],
          [
            "operator",
            0.018171715225707853
          ],
          [
            "algebras",
            0.016949156977060974
          ],
          [
            "space",
            0.015470454844470674
          ],
          [
            "Hilbert",
            0.013818504063727166
          ],
          [
            "mechanics",
            0.013813811725020558
          ],
          [
            "operators",
            0.013100846455094538
          ],
          [
            "Quantum",
            0.01302759160866425
          ],
          [
            "quantum mechanics",
            0.012992664382766887
          ]
        ],
        "count": 168
      }
    },
    "correlations": [
      [
        1.0,
        -0.666180821087471,
        -0.6829047828833339,
        -0.23072048832435177,
        -0.3014174987829503,
        -0.3660935893391961,
        -0.6780944265451281,
        -0.661737675458026,
        -0.6561546562067986,
        -0.6960026033512439,
        -0.6768964492111584,
        -0.6640466380547352,
        -0.685006413499277,
        -0.6400420810222718,
        -0.7181986907633047,
        -0.43965970146801187
      ],
      [
        -0.666180821087471,
        1.0,
        -0.6793535028796526,
        -0.6585936681869256,
        -0.6718256635089797,
        -0.6827530400383812,
        -0.7377481103309843,
        -0.3979216367813069,
        -0.4628474469481994,
        -0.3212757825345932,
        -0.7155401940461137,
        -0.6850152344782822,
        -0.5178797628977521,
        -0.6895110036924077,
        -0.7483134583249487,
        -0.7253099331379085
      ],
      [
        -0.6829047828833339,
        -0.6793535028796526,
        1.0,
        -0.6820346892847025,
        -0.7001535075656022,
        -0.6887831198678687,
        -0.7337927387058208,
        -0.6966235690991631,
        -0.6932862558032885,
        -0.7164469649824952,
        -0.7259294776186844,
        -0.7030334938591505,
        -0.6852469237280006,
        -0.7063620843150746,
        -0.754749435624749,
        -0.7074802122152017
      ],
      [
        -0.23072048832435177,
        -0.6585936681869256,
        -0.6820346892847025,
        1.0,
        -0.19844683575186714,
        -0.367735192231306,
        -0.6940851828529142,
        -0.6695257939088445,
        -0.6643053320743764,
        -0.6741776847292962,
        -0.635341768282965,
        -0.6442452934876517,
        -0.6815366985148757,
        -0.48816299786463857,
        -0.6718819052001257,
        -0.6992935886825629
      ],
      [
        -0.3014174987829503,
        -0.6718256635089797,
        -0.7001535075656022,
        -0.19844683575186714,
        1.0,
        -0.4483137234307495,
        -0.6884558214518826,
        -0.677056534934761,
        -0.6688516475700701,
        -0.598285930861394,
        -0.6797788718404674,
        -0.6616823031097343,
        -0.6810629083637196,
        -0.5165299182500371,
        -0.7069737721582551,
        -0.6866034639288048
      ],
      [
        -0.3660935893391961,
        -0.6827530400383812,
        -0.6887831198678687,
        -0.367735192231306,
        -0.4483137234307495,
        1.0,
        -0.6794150877310671,
        -0.6801087774973773,
        -0.670327905139781,
        -0.7143582637797499,
        -0.6931853851611932,
        -0.6674592025750757,
        -0.6866852619053858,
        -0.6739091807645062,
        -0.7247108537759193,
        -0.6751045386248629
      ],
      [
        -0.6780944265451281,
        -0.7377481103309843,
        -0.7337927387058208,
        -0.6940851828529142,
        -0.6884558214518826,
        -0.6794150877310671,
        1.0,
        -0.7124973600910173,
        -0.7210146082401896,
        -0.7347394645142763,
        -0.7158254602729488,
        -0.3760859225120084,
        -0.7389683730709657,
        -0.7104699308816448,
        -0.6591675302018427,
        -0.5373491922221316
      ],
      [
        -0.661737675458026,
        -0.3979216367813069,
        -0.6966235690991631,
        -0.6695257939088445,
        -0.677056534934761,
        -0.6801087774973773,
        -0.7124973600910173,
        1.0,
        -0.34094476769806403,
        -0.6763550485290031,
        -0.7167158238443017,
        -0.5644194034924812,
        -0.5978319743053969,
        -0.6936739633141509,
        -0.7442063524586624,
        -0.7064669356806628
      ],
      [
        -0.6561546562067986,
        -0.4628474469481994,
        -0.6932862558032885,
        -0.6643053320743764,
        -0.6688516475700701,
        -0.670327905139781,
        -0.7210146082401896,
        -0.34094476769806403,
        1.0,
        -0.49705943779307427,
        -0.7068055114581648,
        -0.5711047353584414,
        -0.6818994371323667,
        -0.6954756600832973,
        -0.7483241327327645,
        -0.7177156854675687
      ],
      [
        -0.6960026033512439,
        -0.3212757825345932,
        -0.7164469649824952,
        -0.6741776847292962,
        -0.598285930861394,
        -0.7143582637797499,
        -0.7347394645142763,
        -0.6763550485290031,
        -0.49705943779307427,
        1.0,
        -0.7406690195869481,
        -0.7034945074955588,
        -0.6566849115151714,
        -0.7047023812023709,
        -0.7474005727164272,
        -0.7262704826957408
      ],
      [
        -0.6768964492111584,
        -0.7155401940461137,
        -0.7259294776186844,
        -0.635341768282965,
        -0.6797788718404674,
        -0.6931853851611932,
        -0.7158254602729488,
        -0.7167158238443017,
        -0.7068055114581648,
        -0.7406690195869481,
        1.0,
        -0.6980124317710756,
        -0.6969518696444592,
        -0.689716436662763,
        -0.7257044574033922,
        -0.7324637032514233
      ],
      [
        -0.6640466380547352,
        -0.6850152344782822,
        -0.7030334938591505,
        -0.6442452934876517,
        -0.6616823031097343,
        -0.6674592025750757,
        -0.3760859225120084,
        -0.5644194034924812,
        -0.5711047353584414,
        -0.7034945074955588,
        -0.6980124317710756,
        1.0,
        -0.7047451302563417,
        -0.6736562944579609,
        -0.6742165867011101,
        -0.6317445438344391
      ],
      [
        -0.685006413499277,
        -0.5178797628977521,
        -0.6852469237280006,
        -0.6815366985148757,
        -0.6810629083637196,
        -0.6866852619053858,
        -0.7389683730709657,
        -0.5978319743053969,
        -0.6818994371323667,
        -0.6566849115151714,
        -0.6969518696444592,
        -0.7047451302563417,
        1.0,
        -0.6881778522287751,
        -0.7475519990790425,
        -0.7341200498429254
      ],
      [
        -0.6400420810222718,
        -0.6895110036924077,
        -0.7063620843150746,
        -0.48816299786463857,
        -0.5165299182500371,
        -0.6739091807645062,
        -0.7104699308816448,
        -0.6936739633141509,
        -0.6954756600832973,
        -0.7047023812023709,
        -0.689716436662763,
        -0.6736562944579609,
        -0.6881778522287751,
        1.0,
        -0.7346585390372526,
        -0.7237121380934536
      ],
      [
        -0.7181986907633047,
        -0.7483134583249487,
        -0.754749435624749,
        -0.6718819052001257,
        -0.7069737721582551,
        -0.7247108537759193,
        -0.6591675302018427,
        -0.7442063524586624,
        -0.7483241327327645,
        -0.7474005727164272,
        -0.7257044574033922,
        -0.6742165867011101,
        -0.7475519990790425,
        -0.7346585390372526,
        1.0,
        -0.6935148766210274
      ],
      [
        -0.43965970146801187,
        -0.7253099331379085,
        -0.7074802122152017,
        -0.6992935886825629,
        -0.6866034639288048,
        -0.6751045386248629,
        -0.5373491922221316,
        -0.7064669356806628,
        -0.7177156854675687,
        -0.7262704826957408,
        -0.7324637032514233,
        -0.6317445438344391,
        -0.7341200498429254,
        -0.7237121380934536,
        -0.6935148766210274,
        1.0
      ]
    ],
    "series": {
      "2020-01": [
        88,
        3,
        6,
        17,
        22,
        11,
        14,
        13,
        4,
        27,
        8,
        18,
        4,
        22,
        10,
        16
      ],
      "2020-02": [
        108,
        3,
        12,
        13,
        21,
        6,
        12,
        18,
        4,
        31,
        13,
        22,
        3,
        22,
        10,
        15
      ],
      "2020-03": [
        127,
        5,
        9,
        17,
        28,
        11,
        25,
        29,
        8,
        29,
        15,
        15,
        4,
        26,
        18,
        18
      ],
      "2020-04": [
        122,
        4,
        9,
        26,
        29,
        11,
        22,
        16,
        5,
        29,
        10,
        19,
        2,
        19,
        10,
        23
      ],
      "2020-05": [
        127,
        6,
        13,
        16,
        22,
        9,
        17,
        8,
        9,
        38,
        20,
        9,
        0,
        24,
        13,
        17
      ],
      "2020-06": [
        127,
        3,
        10,
        21,
        40,
        12,
        25,
        21,
        7,
        36,
        13,
        20,
        2,
        11,
        17,
        20
      ],
      "2020-07": [
        137,
        3,
        11,
        29,
        24,
        10,
        21,
        19,
        9,
        32,
        16,
        11,
        3,
        28,
        15,
        16
      ],
      "2020-08": [
        123,
        7,
        8,
        14,
        22,
        8,
        25,
        21,
        8,
        32,
        20,
        17,
        2,
        20,
        19,
        14
      ],
      "2020-09": [
        117,
        6,
        11,
        16,
        27,
        7,
        29,
        23,
        7,
        30,
        18,
        12,
        2,
        11,
        11,
        13
      ],
      "2020-10": [
        132,
        6,
        11,
        17,
        29,
        13,
        26,
        16,
        9,
        27,
        21,
        16,
        3,
        23,
        13,
        11
      ],
      "2020-11": [
        138,
        8,
        6,
        26,
        22,
        14,
        28,
        17,
        6,
        20,
        17,
        14,
        0,
        20,
        15,
        13
      ],
      "2020-12": [
        135,
        4,
        8,
        27,
        32,
        16,
        28,
        13,
        8,
        24,
        18,
        19,
        3,
        27,
        18,
        25
      ],
      "2021-01": [
        90,
        5,
        13,
        24,
        22,
        11,
        21,
        16,
        10,
        21,
        11,
        17,
        0,
        18,
        9,
        25
      ],
      "2021-02": [
        95,
        7,
        12,
        15,
        27,
        8,
        25,
        18,
        7,
        23,
        9,
        13,
        0,
        22,
        17,
        16
      ],
      "2021-03": [
        130,
        4,
        6,
        19,
        28,
        9,
        22,
        24,
        6,
        44,
        20,
        19,
        3,
        10,
        9,
        28
      ],
      "2021-04": [
        134,
        3,
        7,
        21,
        24,
        6,
        30,
        21,
        5,
        34,
        12,
        19,
        3,
        21,
        11,
        15
      ],
      "2021-05": [
        95,
        5,
        13,
        20,
        28,
        10,
        31,
        17,
        5,
        26,
        14,
        12,
        3,
        18,
        13,
        16
      ],
      "2021-06": [
        114,
        8,
        8,
        17,
        24,
        15,
        16,
        22,
        3,
        26,
        28,
        16,
        1,
        28,
        7,
        15
      ],
      "2021-07": [
        126,
        5,
        16,
        20,
        20,
        16,
        24,
        18,
        4,
        31,
        15,
        15,
        1,
        21,
        18,
        26
      ],
      "2021-08": [
        127,
        6,
        13,
        16,
        28,
        7,
        21,
        14,
        5,
        24,
        17,
        18,
        5,
        17,
        13,
        21
      ],
      "2021-09": [
        124,
        4,
        7,
        12,
        26,
        13,
        17,
        31,
        6,
        39,
        18,
        15,
        1,
        10,
        16,
        15
      ],
      "2021-10": [
        106,
        5,
        4,
        17,
        19,
        16,
        21,
        16,
        9,
        18,
        16,
        14,
        6,
        12,
        15,
        7
      ],
      "2021-11": [
        120,
        3,
        6,
        21,
        19,
        14,
        32,
        19,
        8,
        28,
        13,
        8,
        1,
        18,
        16,
        26
      ],
      "2021-12": [
        132,
        7,
        12,
        23,
        26,
        20,
        25,
        16,
        4,
        41,
        22,
        15,
        3,
        22,
        15,
        28
      ],
      "2022-01": [
        106,
        8,
        5,
        14,
        20,
        10,
        20,
        13,
        12,
        36,
        18,
        19,
        2,
        16,
        10,
        14
      ],
      "2022-02": [
        120,
        2,
        6,
        19,
        25,
        10,
        22,
        12,
        5,
        31,
        14,
        15,
        2,
        20,
        9,
        16
      ],
      "2022-03": [
        132,
        9,
        12,
        24,
        29,
        13,
        17,
        13,
        12,
        19,
        16,
        19,
        7,
        29,
        14,
        15
      ],
      "2022-04": [
        97,
        5,
        9,
        16,
        22,
        7,
        29,
        20,
        7,
        24,
        11,
        22,
        4,
        15,
        12,
        21
      ],
      "2022-05": [
        117,
        2,
        10,
        16,
        20,
        10,
        26,
        16,
        6,
        34,
        15,
        13,
        3,
        17,
        9,
        9
      ],
      "2022-06": [
        117,
        10,
        21,
        19,
        29,
        16,
        13,
        22,
        3,
        29,
        20,
        17,
        1,
        20,
        11,
        12
      ],
      "2022-07": [
        107,
        2,
        13,
        13,
        26,
        9,
        16,
        22,
        5,
        26,
        16,
        15,
        2,
        27,
        18,
        13
      ],
      "2022-08": [
        109,
        7,
        8,
        14,
        31,
        11,
        23,
        23,
        6,
        22,
        12,
        23,
        0,
        19,
        14,
        19
      ],
      "2022-09": [
        110,
        2,
        15,
        16,
        19,
        9,
        45,
        22,
        3,
        26,
        12,
        21,
        1,
        19,
        16,
        14
      ],
      "2022-10": [
        107,
        9,
        13,
        19,
        30,
        13,
        31,
        23,
        9,
        30,
        20,
        20,
        4,
        22,
        12,
        15
      ],
      "2022-11": [
        129,
        8,
        19,
        27,
        28,
        10,
        29,
        17,
        12,
        38,
        12,
        6,
        2,
        21,
        18,
        15
      ],
      "2022-12": [
        151,
        1,
        16,
        21,
        29,
        14,
        28,
        19,
        11,
        41,
        14,
        20,
        1,
        19,
        16,
        28
      ],
      "2023-01": [
        116,
        6,
        14,
        16,
        13,
        4,
        23,
        25,
        8,
        20,
        16,
        9,
        3,
        17,
        9,
        21
      ],
      "2023-02": [
        118,
        6,
        15,
        21,
        18,
        8,
        22,
        16,
        10,
        22,
        13,
        10,
        0,
        16,
        10,
        16
      ],
      "2023-03": [
        149,
        10,
        11,
        27,
        22,
        9,
        24,
        19,
        5,
        32,
        12,
        19,
        1,
        18,
        13,
        25
      ],
      "2023-04": [
        112,
        8,
        10,
        15,
        25,
        13,
        25,
        23,
        13,
        37,
        11,
        22,
        1,
        23,
        12,
        18
      ],
      "2023-05": [
        121,
        7,
        12,
        21,
        27,
        10,
        29,
        21,
        8,
        44,
        16,
        16,
        2,
        21,
        7,
        25
      ],
      "2023-06": [
        134,
        7,
        5,
        20,
        30,
        21,
        27,
        18,
        4,
        22,
        16,
        19,
        2,
        15,
        25,
        21
      ],
      "2023-07": [
        146,
        7,
        15,
        26,
        28,
        10,
        23,
        20,
        11,
        33,
        16,
        13,
        0,
        23,
        11,
        19
      ],
      "2023-08": [
        138,
        6,
        13,
        20,
        23,
        11,
        25,
        13,
        5,
        25,
        17,
        20,
        2,
        17,
        10,
        16
      ],
      "2023-09": [
        138,
        5,
        9,
        24,
        23,
        17,
        29,
        15,
        12,
        33,
        17,
        19,
        2,
        21,
        11,
        21
      ],
      "2023-10": [
        149,
        10,
        14,
        26,
        21,
        19,
        17,
        21,
        5,
        38,
        19,
        24,
        1,
        27,
        13,
        24
      ],
      "2023-11": [
        140,
        7,
        14,
        20,
        23,
        7,
        22,
        19,
        6,
        20,
        9,
        16,
        6,
        23,
        15,
        23
      ],
      "2023-12": [
        176,
        4,
        16,
        22,
        24,
        10,
        43,
        24,
        10,
        25,
        20,
        20,
        0,
        24,
        15,
        39
      ],
      "2024-01": [
        116,
        6,
        13,
        21,
        21,
        15,
        29,
        26,
        3,
        32,
        10,
        15,
        5,
        18,
        13,
        31
      ],
      "2024-02": [
        135,
        12,
        14,
        21,
        31,
        7,
        21,
        19,
        4,
        35,
        17,
        14,
        6,
        15,
        10,
        25
      ],
      "2024-03": [
        145,
        9,
        9,
        24,
        31,
        18,
        34,
        17,
        10,
        23,
        15,
        18,
        4,
        20,
        10,
        24
      ],
      "2024-04": [
        123,
        6,
        14,
        16,
        19,
        10,
        29,
        18,
        8,
        39,
        9,
        19,
        2,
        14,
        10,
        28
      ],
      "2024-05": [
        122,
        8,
        15,
        26,
        31,
        18,
        23,
        25,
        10,
        38,
        14,
        25,
        3,
        19,
        11,
        25
      ],
      "2024-06": [
        139,
        6,
        7,
        14,
        22,
        16,
        22,
        20,
        8,
        30,
        7,
        22,
        3,
        13,
        20,
        18
      ],
      "2024-07": [
        150,
        9,
        16,
        25,
        27,
        12,
        29,
        23,
        11,
        31,
        18,
        21,
        3,
        19,
        12,
        27
      ],
      "2024-08": [
        129,
        5,
        16,
        17,
        22,
        12,
        34,
        25,
        8,
        26,
        9,
        19,
        7,
        25,
        18,
        26
      ],
      "2024-09": [
        149,
        12,
        10,
        20,
        32,
        11,
        32,
        19,
        0,
        42,
        19,
        24,
        0,
        23,
        18,
        24
      ],
      "2024-10": [
        169,
        10,
        13,
        22,
        26,
        21,
        32,
        30,
        8,
        39,
        22,
        20,
        2,
        23,
        14,
        24
      ],
      "2024-11": [
        147,
        4,
        14,
        18,
        23,
        15,
        45,
        16,
        8,
        33,
        22,
        23,
        5,
        22,
        17,
        28
      ],
      "2024-12": [
        186,
        9,
        14,
        25,
        29,
        24,
        42,
        31,
        7,
        30,
        15,
        18,
        1,
        15,
        20,
        24
      ],
      "2025-01": [
        131,
        5,
        14,
        15,
        21,
        9,
        35,
        15,
        7,
        36,
        14,
        13,
        0,
        27,
        9,
        19
      ],
      "2025-02": [
        134,
        9,
        18,
        26,
        19,
        9,
        23,
        14,
        2,
        33,
        14,
        10,
        0,
        12,
        10,
        24
      ],
      "2025-03": [
        127,
        7,
        12,
        27,
        27,
        18,
        14,
        26,
        10,
        37,
        23,
        23,
        2,
        16,
        12,
        26
      ],
      "2025-04": [
        154,
        9,
        12,
        9,
        21,
        19,
        26,
        23,
        10,
        24,
        14,
        17,
        2,
        20,
        7,
        22
      ],
      "2025-05": [
        141,
        10,
        10,
        21,
        31,
        15,
        30,
        25,
        9,
        33,
        20,
        23,
        2,
        20,
        14,
        22
      ],
      "2025-06": [
        167,
        10,
        14,
        15,
        22,
        15,
        31,
        21,
        7,
        34,
        11,
        19,
        2,
        20,
        12,
        26
      ],
      "2025-07": [
        172,
        7,
        13,
        30,
        27,
        19,
        23,
        21,
        11,
        38,
        15,
        26,
        2,
        20,
        17,
        19
      ],
      "2025-08": [
        139,
        7,
        15,
        24,
        26,
        19,
        29,
        14,
        7,
        25,
        22,
        19,
        3,
        8,
        16,
        32
      ],
      "2025-09": [
        83,
        4,
        7,
        14,
        17,
        12,
        18,
        7,
        3,
        10,
        6,
        10,
        1,
        10,
        11,
        11
      ]
    },
    "papers": {
      "0": [
        {
          "title": "Structures of (supersymmetric) classical W-algebras",
          "year": "2020-04",
          "abstract": "In the first part of this paper, we discuss the classical W-algebra\n$\\mathcal{W}(\\mathfrak{g}, F)$ associated with a Lie superalgebra\n$\\mathfrak{g}$ and the nilpotent element $F$ in an $\\mathfrak{sl}_2$-triple. We\nfind a generating set of $\\mathcal{W}(\\mathfrak{g}, F)$ and compute the Poisson\nbrackets between them. In the second part, which is the main part of the paper,\nwe discuss supersymmetric classical W-algebras. We introduce two different\nconstructions of a supersymmetric classical W-algebra\n$\\mathcal{W}(\\mathfrak{g}, f)$ associated with a Lie superalgebra\n$\\mathfrak{g}$ and an odd nilpotent element $f$ in a subalgebra isomorphic to\n$\\mathfrak{osp}(1|2)$. The first construction is via the SUSY classical BRST\ncomplex and the second is via the SUSY Drinfeld-Sokolov Hamiltonian reduction.\nWe show that these two methods give rise to isomorphic SUSY Poisson vertex\nalgebras. As a supersymmetric analogue of the first part, we compute explicit\ngenerators and Poisson brackets between the generators.",
          "arxiv_id": "2004.07958v1"
        },
        {
          "title": "$\\mathbb{Z}$-graded supergeometry: Differential graded modules, higher algebroid representations, and linear structures",
          "year": "2021-06",
