{
  "topics": {
    "data": {
      "0": {
        "name": "0_music_generation_musical_Music",
        "keywords": [
          [
            "music",
            0.03902134310041004
          ],
          [
            "generation",
            0.018468222067368277
          ],
          [
            "musical",
            0.016734768554910018
          ],
          [
            "Music",
            0.014917565925465788
          ],
          [
            "audio",
            0.014717358660918611
          ],
          [
            "model",
            0.01075327240549517
          ],
          [
            "models",
            0.009436130748126917
          ],
          [
            "music generation",
            0.008494206981242135
          ],
          [
            "text",
            0.007910621659443244
          ],
          [
            "melody",
            0.007710981504938271
          ]
        ],
        "count": 1325
      },
      "1": {
        "name": "1_enhancement_speech_speech enhancement_separation",
        "keywords": [
          [
            "enhancement",
            0.023441545688715183
          ],
          [
            "speech",
            0.02118170253222282
          ],
          [
            "speech enhancement",
            0.020123995548721366
          ],
          [
            "separation",
            0.012664372626030714
          ],
          [
            "noise",
            0.012523352562442502
          ],
          [
            "channel",
            0.01234087682395824
          ],
          [
            "network",
            0.012038842326164987
          ],
          [
            "SE",
            0.010890854649828651
          ],
          [
            "Speech",
            0.010841438496492538
          ],
          [
            "performance",
            0.010698272515506894
          ]
        ],
        "count": 998
      },
      "2": {
        "name": "2_attacks_detection_audio_adversarial",
        "keywords": [
          [
            "attacks",
            0.021120110576905195
          ],
          [
            "detection",
            0.015910112254692774
          ],
          [
            "audio",
            0.015549811146888175
          ],
          [
            "adversarial",
            0.01538514988702752
          ],
          [
            "spoofing",
            0.014651809334306725
          ],
          [
            "deepfake",
            0.01317394777000835
          ],
          [
            "privacy",
            0.012238472785016122
          ],
          [
            "attack",
            0.012089511476268617
          ],
          [
            "speech",
            0.011794160166736532
          ],
          [
            "speaker",
            0.011508705450476556
          ]
        ],
        "count": 979
      },
      "3": {
        "name": "3_sound_acoustic_room_method",
        "keywords": [
          [
            "sound",
            0.024481093348780642
          ],
          [
            "acoustic",
            0.01658073835200344
          ],
          [
            "room",
            0.015310595991527296
          ],
          [
            "method",
            0.013260236499945762
          ],
          [
            "source",
            0.013155785079510705
          ],
          [
            "microphone",
            0.012723766356671794
          ],
          [
            "spatial",
            0.012641205452096524
          ],
          [
            "field",
            0.012553844152869809
          ],
          [
            "estimation",
            0.010803396358227782
          ],
          [
            "localization",
            0.010615640622252601
          ]
        ],
        "count": 832
      },
      "4": {
        "name": "4_ASR_CTC_streaming_model",
        "keywords": [
          [
            "ASR",
            0.023344917879424214
          ],
          [
            "CTC",
            0.01890422673181976
          ],
          [
            "streaming",
            0.016530220599382642
          ],
          [
            "model",
            0.016054226691900538
          ],
          [
            "recognition",
            0.015548140840175237
          ],
          [
            "speech recognition",
            0.014915409710062057
          ],
          [
            "models",
            0.01471812878739657
          ],
          [
            "RNN",
            0.013708727182401756
          ],
          [
            "attention",
            0.013459356866171432
          ],
          [
            "end",
            0.013049737747610694
          ]
        ],
        "count": 695
      },
      "5": {
        "name": "5_event_sound_audio_classification",
        "keywords": [
          [
            "event",
            0.019039553492654564
          ],
          [
            "sound",
            0.01826122273602468
          ],
          [
            "audio",
            0.0175112282104796
          ],
          [
            "classification",
            0.013551525269706054
          ],
          [
            "SED",
            0.011869692755677841
          ],
          [
            "sound event",
            0.011778313845306292
          ],
          [
            "events",
            0.011772931672287889
          ],
          [
            "Sound",
            0.011246005482012092
          ],
          [
            "data",
            0.01051687617702904
          ],
          [
            "Event",
            0.01027440741941173
          ]
        ],
        "count": 677
      },
      "6": {
        "name": "6_emotion_emotion recognition_Emotion_recognition",
        "keywords": [
          [
            "emotion",
            0.03204604332219626
          ],
          [
            "emotion recognition",
            0.020837226973544235
          ],
          [
            "Emotion",
            0.02026016132115956
          ],
          [
            "recognition",
            0.015463785079178685
          ],
          [
            "Recognition",
            0.012522924158129565
          ],
          [
            "emotional",
            0.011694625990619588
          ],
          [
            "emotions",
            0.011255635364162056
          ],
          [
            "features",
            0.011238911005415807
          ],
          [
            "speech",
            0.01122173963391392
          ],
          [
            "speech emotion",
            0.011161881819429089
          ]
        ],
        "count": 671
      },
      "7": {
        "name": "7_audio_Audio_visual_text",
        "keywords": [
          [
            "audio",
            0.04056339028503609
          ],
          [
            "Audio",
            0.021163857184148933
          ],
          [
            "visual",
            0.02076684527403033
          ],
          [
            "text",
            0.01405490122689769
          ],
          [
            "captioning",
            0.012338157504481329
          ],
          [
            "language",
            0.01229644285371896
          ],
          [
            "video",
            0.0113668062270633
          ],
          [
            "modal",
            0.010882590992583749
          ],
          [
            "models",
            0.010231455634740831
          ],
          [
            "tasks",
            0.009907261755019322
          ]
        ],
        "count": 551
      },
      "8": {
        "name": "8_TTS_speech_style_prosody",
        "keywords": [
          [
            "TTS",
            0.035608484686620256
          ],
          [
            "speech",
            0.02285817240762644
          ],
          [
            "style",
            0.020786664912257707
          ],
          [
            "prosody",
            0.019574853468213162
          ],
          [
            "speaker",
            0.016770119672035885
          ],
          [
            "text",
            0.01573757609026058
          ],
          [
            "synthesis",
            0.01496538125988089
          ],
          [
            "model",
            0.012502200632901785
          ],
          [
            "shot",
            0.011443863294184673
          ],
          [
            "speech synthesis",
            0.011422041910986966
          ]
        ],
        "count": 549
      },
      "9": {
        "name": "9_speaker_verification_speaker verification_Speaker",
        "keywords": [
          [
            "speaker",
            0.04073873261115035
          ],
          [
            "verification",
            0.02665497368676021
          ],
          [
            "speaker verification",
            0.023693241549538707
          ],
          [
            "Speaker",
            0.021072241826908172
          ],
          [
            "speaker recognition",
            0.014700424936265154
          ],
          [
            "Verification",
            0.012753836786436913
          ],
          [
            "embeddings",
            0.010595040350133027
          ],
          [
            "performance",
            0.010092343643573552
          ],
          [
            "recognition",
            0.009841312083628855
          ],
          [
            "TDNN",
            0.00949050284445405
          ]
        ],
        "count": 475
      },
      "10": {
        "name": "10_speaker_diarization_speaker diarization_Speaker",
        "keywords": [
          [
            "speaker",
            0.04210496439438611
          ],
          [
            "diarization",
            0.04109550055340792
          ],
          [
            "speaker diarization",
            0.01901141915125861
          ],
          [
            "Speaker",
            0.016741332502724266
          ],
          [
            "speakers",
            0.014305894201461639
          ],
          [
            "multi",
            0.014164994513531943
          ],
          [
            "clustering",
            0.01414596395883325
          ],
          [
            "Diarization",
            0.013865517550557264
          ],
          [
            "EEND",
            0.013064620491793006
          ],
          [
            "speech",
            0.01292079860821814
          ]
        ],
        "count": 436
      },
      "11": {
        "name": "11_speech_dysarthric_articulatory_features",
        "keywords": [
          [
            "speech",
            0.023913793635383616
          ],
          [
            "dysarthric",
            0.017990163214816193
          ],
          [
            "articulatory",
            0.014845742211328245
          ],
          [
            "features",
            0.012781508533976539
          ],
          [
            "dysarthric speech",
            0.011666050605244135
          ],
          [
            "Speech",
            0.011500489898293869
          ],
          [
            "disease",
            0.011151401051846295
          ],
          [
            "AD",
            0.010687643136496042
          ],
          [
            "data",
            0.010363963340322779
          ],
          [
            "detection",
            0.009545037779141606
          ]
        ],
        "count": 432
      },
      "12": {
        "name": "12_diffusion_speech_quality_neural",
        "keywords": [
          [
            "diffusion",
            0.019784636609112668
          ],
          [
            "speech",
            0.016785807494962356
          ],
          [
            "quality",
            0.01645809541451127
          ],
          [
            "neural",
            0.013682859802001082
          ],
          [
            "vocoder",
            0.01364236285197771
          ],
          [
            "high",
            0.012358681478977094
          ],
          [
            "GAN",
            0.012202317467870052
          ],
          [
            "audio",
            0.01210378996297479
          ],
          [
            "codecs",
            0.011110511468222365
          ],
          [
            "model",
            0.011018150081467388
          ]
        ],
        "count": 356
      },
      "13": {
        "name": "13_COVID_respiratory_cough_heart",
        "keywords": [
          [
            "COVID",
            0.03750102183246956
          ],
          [
            "respiratory",
            0.026682078215095033
          ],
          [
            "cough",
            0.025015492975491205
          ],
          [
            "heart",
            0.01941877083101155
          ],
          [
            "sounds",
            0.019055165079884133
          ],
          [
            "sound",
            0.01577622316172666
          ],
          [
            "detection",
            0.013113039673432084
          ],
          [
            "classification",
            0.013019624354195174
          ],
          [
            "lung",
            0.011662039190149543
          ],
          [
            "data",
            0.010882374697558192
          ]
        ],
        "count": 335
      },
      "14": {
        "name": "14_supervised_training_pre_speech",
        "keywords": [
          [
            "supervised",
            0.021225943111440215
          ],
          [
            "training",
            0.016820681213989195
          ],
          [
            "pre",
            0.016531881014506603
          ],
          [
            "speech",
            0.01648252483306156
          ],
          [
            "Self",
            0.015391082061380056
          ],
          [
            "data",
            0.014931555019560377
          ],
          [
            "self",
            0.014288943687597122
          ],
          [
            "models",
            0.014135832594681468
          ],
          [
            "domain",
            0.013723767764154767
          ],
          [
            "ASR",
            0.013706157000297543
          ]
        ],
        "count": 311
      },
      "15": {
        "name": "15_SLU_spoken_speech_dialogue",
        "keywords": [
          [
            "SLU",
            0.027323424045573516
          ],
          [
            "spoken",
            0.02121848970168056
          ],
          [
            "speech",
            0.018766014349420868
          ],
          [
            "dialogue",
            0.01778057447583615
          ],
          [
            "Spoken",
            0.017320506335040484
          ],
          [
            "language",
            0.017130120229867995
          ],
          [
            "understanding",
            0.014096053965783253
          ],
          [
            "models",
            0.014049839647415612
          ],
          [
            "end",
            0.013475567040150908
          ],
          [
            "text",
            0.01341311143333346
          ]
        ],
        "count": 301
      },
      "16": {
        "name": "16_VC_conversion_voice conversion_voice",
        "keywords": [
          [
            "VC",
            0.05246225874619898
          ],
          [
            "conversion",
            0.04807921969808792
          ],
          [
            "voice conversion",
            0.03672225777868178
          ],
          [
            "voice",
            0.033358742223585224
          ],
          [
            "speaker",
            0.027010945238842843
          ],
          [
            "Conversion",
            0.023820580164435987
          ],
          [
            "Voice",
            0.022523290701271206
          ],
          [
            "content",
            0.017202364726004955
          ],
          [
            "speech",
            0.015892799410625085
          ],
          [
            "shot",
            0.01357148672516393
          ]
        ],
        "count": 260
      },
      "17": {
        "name": "17_singing_singing voice_voice_Singing",
        "keywords": [
          [
            "singing",
            0.07344412360381454
          ],
          [
            "singing voice",
            0.04072722888867085
          ],
          [
            "voice",
            0.036744973769076726
          ],
          [
            "Singing",
            0.029874166573703852
          ],
          [
            "SVS",
            0.02306285708046374
          ],
          [
            "singer",
            0.020113478466785403
          ],
          [
            "pitch",
            0.016725339669173007
          ],
          [
            "Voice",
            0.01652599753981196
          ],
          [
            "voice synthesis",
            0.01561207963429011
          ],
          [
            "singing voice synthesis",
            0.0136322785710406
          ]
        ],
        "count": 222
      },
      "18": {
        "name": "18_species_bird_classification_data",
        "keywords": [
          [
            "species",
            0.02679437440412425
          ],
          [
            "bird",
            0.02046121808147547
          ],
          [
            "classification",
            0.0174435575282543
          ],
          [
            "data",
            0.0161043355998999
          ],
          [
            "learning",
            0.016003271736028064
          ],
          [
            "monitoring",
            0.015220028540947856
          ],
          [
            "bioacoustic",
            0.01478556700137157
          ],
          [
            "underwater",
            0.014414940647095554
          ],
          [
            "acoustic",
            0.014072234070683002
          ],
          [
            "detection",
            0.011820752937916087
          ]
        ],
        "count": 213
      },
      "19": {
        "name": "19_KWS_keyword_spotting_Keyword",
        "keywords": [
          [
            "KWS",
            0.048934324586935085
          ],
          [
            "keyword",
            0.042821497426339276
          ],
          [
            "spotting",
            0.029557197498476274
          ],
          [
            "Keyword",
            0.028052247104934157
          ],
          [
            "keyword spotting",
            0.025406103211500983
          ],
          [
            "Spotting",
            0.021447109211215436
          ],
          [
            "keywords",
            0.01621913811964716
          ],
          [
            "model",
            0.012846921220438002
          ],
          [
            "devices",
            0.009969089234418138
          ],
          [
            "learning",
            0.009867508397429206
          ]
        ],
        "count": 204
      },
      "20": {
        "name": "20_audio_effects_synthesis_sound",
        "keywords": [
          [
            "audio",
            0.023009924815818168
          ],
          [
            "effects",
            0.017935918634853283
          ],
          [
            "synthesis",
            0.013514609752912547
          ],
          [
            "sound",
            0.01266595365545096
          ],
          [
            "neural",
            0.01174178302980657
          ],
          [
            "time",
            0.011150351902327807
          ],
          [
            "control",
            0.010824870881589531
          ],
          [
            "audio effects",
            0.010749553275236502
          ],
          [
            "model",
            0.010554297480398359
          ],
          [
            "differentiable",
            0.010304292199585752
          ]
        ],
        "count": 189
      },
      "21": {
        "name": "21_translation_speech translation_Translation_speech",
        "keywords": [
          [
            "translation",
            0.06833895685156847
          ],
          [
            "speech translation",
            0.03368827654288691
          ],
          [
            "Translation",
            0.03022392305522324
          ],
          [
            "speech",
            0.02777472002764134
          ],
          [
            "text",
            0.022127162871280973
          ],
          [
            "end",
            0.019073164956610652
          ],
          [
            "Speech",
            0.01889295917322518
          ],
          [
            "BLEU",
            0.016848465284560816
          ],
          [
            "language",
            0.015728734210221994
          ],
          [
            "MT",
            0.014083520691790296
          ]
        ],
        "count": 187
      },
      "22": {
        "name": "22_visual_audio_lip_visual speech",
        "keywords": [
          [
            "visual",
            0.05182931286799482
          ],
          [
            "audio",
            0.022730995048804332
          ],
          [
            "lip",
            0.020611777269854716
          ],
          [
            "visual speech",
            0.02000082892304145
          ],
          [
            "Visual",
            0.019973348971799303
          ],
          [
            "AVSR",
            0.01994443946940359
          ],
          [
            "speech",
            0.016588567965221627
          ],
          [
            "AV",
            0.015552757544926453
          ],
          [
            "recognition",
            0.01442814764948469
          ],
          [
            "Speech",
            0.013965431236148832
          ]
        ],
        "count": 180
      },
      "23": {
        "name": "23_face_lip_speech_facial",
        "keywords": [
          [
            "face",
            0.024577446727230876
          ],
          [
            "lip",
            0.020229093466218085
          ],
          [
            "speech",
            0.019583886265253096
          ],
          [
            "facial",
            0.019423637410681722
          ],
          [
            "gestures",
            0.016623147162366483
          ],
          [
            "video",
            0.016457326394912854
          ],
          [
            "gesture",
            0.015348139089500562
          ],
          [
            "audio",
            0.01484787705294819
          ],
          [
            "motion",
            0.014555521887851542
          ],
          [
            "3D",
            0.01380700199459873
          ]
        ],
        "count": 180
      },
      "24": {
        "name": "24_ASR_languages_speech_Speech",
        "keywords": [
          [
            "ASR",
            0.028802320159349824
          ],
          [
            "languages",
            0.024371532908250983
          ],
          [
            "speech",
            0.01941979342911988
          ],
          [
            "Speech",
            0.01719188723807801
          ],
          [
            "language",
            0.016586914394047164
          ],
          [
            "recognition",
            0.016141697449166294
          ],
          [
            "speech recognition",
            0.015692279001295818
          ],
          [
            "corpus",
            0.014864983706312746
          ],
          [
            "data",
            0.014500012028158014
          ],
          [
            "Recognition",
            0.013575797344406912
          ]
        ],
        "count": 170
      },
      "25": {
        "name": "25_MOS_quality_speech_speech quality",
        "keywords": [
          [
            "MOS",
            0.041846713998305356
          ],
          [
            "quality",
            0.0286077393332936
          ],
          [
            "speech",
            0.022075036815648125
          ],
          [
            "speech quality",
            0.021145942670969295
          ],
          [
            "prediction",
            0.019954739579249134
          ],
          [
            "assessment",
            0.015978890725727543
          ],
          [
            "evaluation",
            0.014896323001625867
          ],
          [
            "Speech",
            0.013539558196498418
          ],
          [
            "intrusive",
            0.01318969179968805
          ],
          [
            "Quality",
            0.012458649679664561
          ]
        ],
        "count": 161
      },
      "26": {
        "name": "26_separation_source separation_source_music",
        "keywords": [
          [
            "separation",
            0.05122233367985409
          ],
          [
            "source separation",
            0.04190223699351796
          ],
          [
            "source",
            0.03740903129928507
          ],
          [
            "music",
            0.022389283480247733
          ],
          [
            "Separation",
            0.019244060901718336
          ],
          [
            "music source",
            0.017777951149888286
          ],
          [
            "music source separation",
            0.01720940199533414
          ],
          [
            "Source",
            0.01695040087366579
          ],
          [
            "Music",
            0.014035131744061895
          ],
          [
            "model",
            0.012150031421671802
          ]
        ],
        "count": 148
      },
      "27": {
        "name": "27_EEG_brain_decoding_auditory",
        "keywords": [
          [
            "EEG",
            0.07577851731149395
          ],
          [
            "brain",
            0.03755190245245889
          ],
          [
            "decoding",
            0.0246283719466917
          ],
          [
            "auditory",
            0.023122184594880364
          ],
          [
            "speech",
            0.02104474124545522
          ],
          [
            "signals",
            0.01972589100489085
          ],
          [
            "AAD",
            0.017085689919186044
          ],
          [
            "attention",
            0.016476268101930265
          ],
          [
            "neural",
            0.014734185179875892
          ],
          [
            "auditory attention",
            0.01329602878511859
          ]
        ],
        "count": 141
      },
      "28": {
        "name": "28_anomalous_detection_machine_anomaly",
        "keywords": [
          [
            "anomalous",
            0.03282834618446103
          ],
          [
            "detection",
            0.027868940204486364
          ],
          [
            "machine",
            0.025904138318345257
          ],
          [
            "anomaly",
            0.021921410284720475
          ],
          [
            "ASD",
            0.020989577360716844
          ],
          [
            "sound",
            0.019402096335081435
          ],
          [
            "anomalous sound",
            0.017407996560863146
          ],
          [
            "sounds",
            0.017017387209630204
          ],
          [
            "Anomalous",
            0.016784934164230284
          ],
          [
            "sound detection",
            0.016652209865418724
          ]
        ],
        "count": 139
      }
    },
    "correlations": [
      [
        1.0,
        -0.7519140467239332,
        -0.6979525343094948,
        -0.7466723248485507,
        -0.7189219933244847,
        -0.7028165155723993,
        -0.7414230617149866,
        -0.6374915649873321,
        -0.7369105570396766,
        -0.7604741829996701,
        -0.7602464712268019,
        -0.7573643601074682,
        -0.7005946503709305,
        -0.758753236908088,
        -0.7131311245900028,
        -0.7321697335872479,
        -0.7552132804455529,
        -0.7418016293614005,
        -0.7255263723080515,
        -0.7634990651604345,
        -0.6581776013191293,
        -0.7334514802205568,
        -0.6846649915885408,
        -0.7458048968994212,
        -0.7550229481689352,
        -0.7337902127584472,
        -0.6473251940027661,
        -0.7544845331558381,
        -0.7473055278311883
      ],
      [
        -0.7519140467239332,
        1.0,
        -0.7501833663385096,
        -0.7231327215862303,
        -0.690186587261953,
        -0.750608146940269,
        -0.7501709337529537,
        -0.7413659098592427,
        -0.6806029071099808,
        -0.7277672551243188,
        -0.725225210442633,
        -0.6254569015598619,
        -0.5944167115619134,
        -0.7587530478292541,
        -0.6626404697809917,
        -0.6816697535814524,
        -0.7364109916626853,
        -0.7581286056792912,
        -0.7270395888280482,
        -0.7562144342552954,
        -0.7437985921343475,
        -0.6655556238645226,
        -0.7274602534489245,
        -0.6332139579752543,
        -0.6742732526113588,
        -0.5786484015395416,
        -0.6693311150406975,
        -0.7554201413557088,
        -0.7575179151044057
      ],
      [
        -0.6979525343094948,
        -0.7501833663385096,
        1.0,
        -0.7537650234710009,
        -0.7275538017320149,
        -0.661757872155396,
        -0.7466832939784787,
        -0.5954763783599719,
        -0.7243828538718462,
        -0.6558322372530982,
        -0.7421444484904542,
        -0.7387187827249597,
        -0.7345518646219589,
        -0.7465854511731103,
        -0.7159651641457851,
        -0.7441675653199951,
        -0.7165389494562227,
        -0.746488786004526,
        -0.7298979211176989,
        -0.7544370228429196,
        -0.5895259598196816,
        -0.7384085574808983,
        -0.6548099986721776,
        -0.7362169824852345,
        -0.7288907817173251,
        -0.7452330553526991,
        -0.7534221022519195,
        -0.7598303152872239,
        -0.6066793014356714
      ],
      [
        -0.7466723248485507,
        -0.7231327215862303,
        -0.7537650234710009,
        1.0,
        -0.7356449503509472,
        -0.6443154249665833,
        -0.7595750725888486,
        -0.7293309778486622,
        -0.7549814143192286,
        -0.7541303078041337,
        -0.7524335568604774,
        -0.7565285324649673,
        -0.7423540320886162,
        -0.7389665418643272,
        -0.7363778731189641,
        -0.7541991066731837,
        -0.7557613480164713,
        -0.7569593966678378,
        -0.7246973017529926,
        -0.7630127480053444,
        -0.7405359675197326,
        -0.7454166624081582,
        -0.7186437641821244,
        -0.7562138845194697,
        -0.7536258736652284,
        -0.7505111346732265,
        -0.7045561250513606,
        -0.7601360372501409,
        -0.7388958959402523
      ],
      [
        -0.7189219933244847,
        -0.690186587261953,
        -0.7275538017320149,
        -0.7356449503509472,
        1.0,
        -0.7370169962284707,
        -0.7138650450593551,
        -0.7118152218751843,
        -0.6834642929236289,
        -0.7214916390131103,
        -0.7069448909559504,
        -0.6462010799375864,
        -0.6974445918211142,
        -0.7486855017479837,
        -0.43318502570256945,
        -0.66260634170586,
        -0.7286390795383442,
        -0.7487487385281101,
        -0.7011578171656396,
        -0.7473783261560223,
        -0.738457073168059,
        -0.6089690269130013,
        -0.6565248020254715,
        -0.7253515004019253,
        0.018265359658506473,
        -0.7069301658920345,
        -0.7262836362843847,
        -0.7430959915381963,
        -0.7521053441653609
      ],
      [
        -0.7028165155723993,
        -0.750608146940269,
        -0.661757872155396,
        -0.6443154249665833,
        -0.7370169962284707,
        1.0,
        -0.7533830518946766,
        -0.5829882252198781,
        -0.7508491386973603,
        -0.758444758185117,
        -0.7586725081815109,
        -0.7583639181414339,
        -0.7456106964812949,
        -0.7319871887949736,
        -0.7148443656941743,
        -0.752761495202942,
        -0.7602515140576687,
        -0.7611693739638511,
        -0.6882689364479962,
        -0.7572699527977378,
        -0.5958801142643031,
        -0.7454182858887637,
        -0.6571625249571049,
        -0.7500572464003217,
        -0.7531840988476994,
        -0.7477252958571299,
        -0.7374549331427386,
        -0.7597097799120156,
        -0.7140349635370049
      ],
      [
        -0.7414230617149866,
        -0.7501709337529537,
        -0.7466832939784787,
        -0.7595750725888486,
        -0.7138650450593551,
        -0.7533830518946766,
        1.0,
        -0.7314802011629106,
        -0.7208771187849128,
        -0.73903774725337,
        -0.7448987873627404,
        -0.7375406423240929,
        -0.7456738301803092,
        -0.7620358212827336,
        -0.7064558047402691,
        -0.732693477411666,
        -0.733286872926926,
        -0.7585020289519726,
        -0.7470247569702227,
        -0.7612466791219745,
        -0.748455402039832,
        -0.7338701694578387,
        -0.7242722533429062,
        -0.7393009284498803,
        -0.7268660542868022,
        -0.7424927495047025,
        -0.7575333027631433,
        -0.7594095112988284,
        -0.7543075301594593
      ],
      [
        -0.6374915649873321,
        -0.7413659098592427,
        -0.5954763783599719,
        -0.7293309778486622,
        -0.7118152218751843,
        -0.5829882252198781,
        -0.7314802011629106,
        1.0,
        -0.7186921333883312,
        -0.7471614798244635,
        -0.7421708630922683,
        -0.7421986905697677,
        -0.7186978540661834,
        -0.7495346716323285,
        -0.6958008740275587,
        -0.7098105209314559,
        -0.7504724262605361,
        -0.755883912149542,
        -0.7229981300222574,
        -0.7530028366857677,
        -0.4563865269899272,
        -0.7123214188061255,
        -0.23090911134505088,
        -0.7068200037303543,
        -0.7276207512239086,
        -0.7353620324797193,
        -0.7339046548308317,
        -0.7506404480924724,
        -0.7417281122550627
      ],
      [
        -0.7369105570396766,
        -0.6806029071099808,
        -0.7243828538718462,
        -0.7549814143192286,
        -0.6834642929236289,
        -0.7508491386973603,
        -0.7208771187849128,
        -0.7186921333883312,
        1.0,
        -0.6766749226751637,
        -0.6549291607806038,
        -0.6232632862672309,
        -0.5607880637223228,
        -0.7612070209644539,
        -0.6423460407756082,
        -0.6229932583160438,
        -0.6153778292605564,
        -0.7334027326226675,
        -0.726733772529374,
        -0.7576261513980884,
        -0.7373418236674698,
        -0.5811305611131525,
        -0.7332375200499148,
        -0.6112028623270993,
        -0.6482536971635582,
        -0.5711570243283829,
        -0.7462311504187376,
        -0.7546411089445467,
        -0.757520594715916
      ],
      [
        -0.7604741829996701,
        -0.7277672551243188,
        -0.6558322372530982,
        -0.7541303078041337,
        -0.7214916390131103,
        -0.758444758185117,
        -0.73903774725337,
        -0.7471614798244635,
        -0.6766749226751637,
        1.0,
        -0.35681571354812486,
        -0.7300011415960576,
        -0.7305176018400237,
        -0.7558205035784094,
        -0.6871747854838375,
        -0.7384527394782183,
        -0.5967484775986971,
        -0.7332767317473148,
        -0.7339036922677324,
        -0.7525699525468755,
        -0.7556727483112731,
        -0.7365520243593775,
        -0.734502174590707,
        -0.7268366076479402,
        -0.7303671178789668,
        -0.7325912096894953,
        -0.7440267207589728,
        -0.7585541630191694,
        -0.7541496720295604
      ],
      [
        -0.7602464712268019,
        -0.725225210442633,
        -0.7421444484904542,
        -0.7524335568604774,
        -0.7069448909559504,
        -0.7586725081815109,
        -0.7448987873627404,
        -0.7421708630922683,
        -0.6549291607806038,
        -0.35681571354812486,
        1.0,
        -0.7304036746691147,
        -0.7281586194108405,
        -0.7563718667245143,
        -0.7052966744789064,
        -0.7392307192324866,
        -0.5320842438312626,
        -0.7314097437469766,
        -0.7417535766538421,
        -0.7621562128707,
        -0.7535270984592515,
        -0.7244453326901223,
        -0.7256810674072737,
        -0.7236972269022961,
        -0.7025317987038011,
        -0.7317219382265628,
        -0.7142587668803031,
        -0.753341013595151,
        -0.7574584781595894
      ],
      [
        -0.7573643601074682,
        -0.6254569015598619,
        -0.7387187827249597,
        -0.7565285324649673,
        -0.6462010799375864,
        -0.7583639181414339,
        -0.7375406423240929,
        -0.7421986905697677,
        -0.6232632862672309,
        -0.7300011415960576,
        -0.7304036746691147,
        1.0,
        -0.5802576952837927,
        -0.7591660371205102,
        -0.6050303873482674,
        -0.5972431597652819,
        -0.7168149634262164,
        -0.7529771107240749,
        -0.7407555903813432,
        -0.7566554538526291,
        -0.7491998690509047,
        -0.6021915215728125,
        -0.6827853970725202,
        -0.5035911927825825,
        -0.5626918332039936,
        -0.5969695237349695,
        -0.7480604712037161,
        -0.7506351490619547,
        -0.7423818671232569
      ],
      [
        -0.7005946503709305,
        -0.5944167115619134,
        -0.7345518646219589,
        -0.7423540320886162,
        -0.6974445918211142,
        -0.7456106964812949,
        -0.7456738301803092,
        -0.7186978540661834,
        -0.5607880637223228,
        -0.7305176018400237,
        -0.7281586194108405,
        -0.5802576952837927,
        1.0,
        -0.7550285736423151,
        -0.663810561482124,
        -0.6342757527607511,
        -0.7065652803815953,
        -0.7318768358496048,
        -0.7374363809996329,
        -0.7595358433145818,
        -0.731393929027097,
        -0.6319764840948051,
        -0.7287189781424128,
        -0.5619133228626139,
        -0.674348968970059,
        -0.33926202305194686,
        -0.7351538161687415,
        -0.7536266729555194,
        -0.7537875806127899
      ],
      [
        -0.758753236908088,
        -0.7587530478292541,
        -0.7465854511731103,
        -0.7389665418643272,
        -0.7486855017479837,
        -0.7319871887949736,
        -0.7620358212827336,
        -0.7495346716323285,
        -0.7612070209644539,
        -0.7558205035784094,
        -0.7563718667245143,
        -0.7591660371205102,
        -0.7550285736423151,
        1.0,
        -0.7480132588053432,
        -0.7563402616150521,
        -0.7577438548694347,
        -0.7600908779182993,
        -0.7254198599573103,
        -0.7581001981974267,
        -0.7539026331374081,
        -0.757742523719511,
        -0.7547565013607532,
        -0.7616376658802184,
        -0.7551823550554426,
        -0.7583744406912469,
        -0.7522423039846402,
        -0.7598013398376322,
        -0.7142392778543352
      ],
      [
        -0.7131311245900028,
        -0.6626404697809917,
        -0.7159651641457851,
        -0.7363778731189641,
        -0.43318502570256945,
        -0.7148443656941743,
        -0.7064558047402691,
        -0.6958008740275587,
        -0.6423460407756082,
        -0.6871747854838375,
        -0.7052966744789064,
        -0.6050303873482674,
        -0.663810561482124,
        -0.7480132588053432,
        1.0,
        -0.63582979126949,
        -0.7115623299085783,
        -0.7395761769530214,
        -0.6730834998979578,
        -0.7438628610329157,
        -0.7380720660176596,
        -0.6276466998924632,
        -0.6727763681486193,
        -0.6682137623730796,
        -0.40665567605680525,
        -0.6494561102859403,
        -0.7192961824708544,
        -0.7488436671783494,
