{
  "topics": {
    "data": {
      "0": {
        "name": "0_model_dark_cosmological_energy",
        "keywords": [
          [
            "model",
            0.022252702047493626
          ],
          [
            "dark",
            0.019742863308367286
          ],
          [
            "cosmological",
            0.01722132891318989
          ],
          [
            "energy",
            0.01628828394687875
          ],
          [
            "matter",
            0.014649441786215031
          ],
          [
            "inflation",
            0.014148656021395256
          ],
          [
            "models",
            0.01406235824389737
          ],
          [
            "scalar",
            0.013863211087319813
          ],
          [
            "gravity",
            0.013216156236949255
          ],
          [
            "field",
            0.01306612051826938
          ]
        ],
        "count": 7781
      },
      "1": {
        "name": "1_gravitational_wave_gravitational wave_binary",
        "keywords": [
          [
            "gravitational",
            0.02562954672264774
          ],
          [
            "wave",
            0.022318719083693053
          ],
          [
            "gravitational wave",
            0.02176743869811282
          ],
          [
            "binary",
            0.020047567538675575
          ],
          [
            "mass",
            0.019324945475127298
          ],
          [
            "neutron",
            0.01639450463421961
          ],
          [
            "star",
            0.014354400550142282
          ],
          [
            "GW",
            0.014246677143475342
          ],
          [
            "black",
            0.014028331216567541
          ],
          [
            "stars",
            0.012791112800338301
          ]
        ],
        "count": 6350
      },
      "2": {
        "name": "2_black_hole_black hole_holes",
        "keywords": [
          [
            "black",
            0.044271732382434405
          ],
          [
            "hole",
            0.03482361520723063
          ],
          [
            "black hole",
            0.0346791472122603
          ],
          [
            "holes",
            0.0212310633846683
          ],
          [
            "black holes",
            0.02106946144841263
          ],
          [
            "shadow",
            0.020201836436838143
          ],
          [
            "Kerr",
            0.01476030698679496
          ],
          [
            "parameter",
            0.013481393626082677
          ],
          [
            "scalar",
            0.012463938041296264
          ],
          [
            "field",
            0.012288197385978082
          ]
        ],
        "count": 2384
      },
      "3": {
        "name": "3_holographic_AdS_boundary_CFT",
        "keywords": [
          [
            "holographic",
            0.033932199217913704
          ],
          [
            "AdS",
            0.024367162338337106
          ],
          [
            "boundary",
            0.022181213094860354
          ],
          [
            "CFT",
            0.022164862863237354
          ],
          [
            "bulk",
            0.020750570135370107
          ],
          [
            "entanglement",
            0.020229182818948966
          ],
          [
            "dual",
            0.018533528510090398
          ],
          [
            "entropy",
            0.01846942593721332
          ],
          [
            "theory",
            0.01668302094528145
          ],
          [
            "gravity",
            0.016470689522813577
          ]
        ],
        "count": 1256
      },
      "4": {
        "name": "4_black_hole_black hole_thermodynamic",
        "keywords": [
          [
            "black",
            0.053125991433997856
          ],
          [
            "hole",
            0.040007343581836
          ],
          [
            "black hole",
            0.03965199184279495
          ],
          [
            "thermodynamic",
            0.03071697798749236
          ],
          [
            "phase",
            0.028794668815918887
          ],
          [
            "holes",
            0.02740953142187292
          ],
          [
            "black holes",
            0.027345986146118908
          ],
          [
            "AdS",
            0.026166772761097343
          ],
          [
            "thermodynamics",
            0.02483518380200495
          ],
          [
            "transition",
            0.019185848028662036
          ]
        ],
        "count": 1087
      },
      "5": {
        "name": "5_equations_spacetimes_Einstein_null",
        "keywords": [
          [
            "equations",
            0.019298292790817826
          ],
          [
            "spacetimes",
            0.0184804487563763
          ],
          [
            "Einstein",
            0.01843219341786143
          ],
          [
            "null",
            0.01824523639543143
          ],
          [
            "spacetime",
            0.01809868108880128
          ],
          [
            "solutions",
            0.017119160728091203
          ],
          [
            "data",
            0.01711595178674687
          ],
          [
            "initial",
            0.017040195962961302
          ],
          [
            "initial data",
            0.016730749675846153
          ],
          [
            "black",
            0.015282915556899493
          ]
        ],
        "count": 827
      },
      "6": {
        "name": "6_quantum_gravity_time_gravitational",
        "keywords": [
          [
            "quantum",
            0.06789881924118693
          ],
          [
            "gravity",
            0.026062349318002716
          ],
          [
            "time",
            0.02405015595177694
          ],
          [
            "gravitational",
            0.02221368703062008
          ],
          [
            "entanglement",
            0.019232279664160794
          ],
          [
            "classical",
            0.018537874814567718
          ],
          [
            "theory",
            0.015783249957678866
          ],
          [
            "quantum gravity",
            0.014974780298174471
          ],
          [
            "spacetime",
            0.014801408679226545
          ],
          [
            "space",
            0.013356616275810758
          ]
        ],
        "count": 675
      },
      "7": {
        "name": "7_wormhole_wormholes_throat_traversable",
        "keywords": [
          [
            "wormhole",
            0.0931516663019031
          ],
          [
            "wormholes",
            0.05393022232469995
          ],
          [
            "throat",
            0.03308954193527918
          ],
          [
            "traversable",
            0.031483878604782974
          ],
          [
            "energy",
            0.024906906532928534
          ],
          [
            "solutions",
            0.024646413276235124
          ],
          [
            "wormhole solutions",
            0.023453958980373755
          ],
          [
            "matter",
            0.021228050510337593
          ],
          [
            "conditions",
            0.019265148806898117
          ],
          [
            "gravity",
            0.018480750121798346
          ]
        ],
        "count": 554
      },
      "8": {
        "name": "8_scattering_gravity_amplitudes_quantum",
        "keywords": [
          [
            "scattering",
            0.02549175177657558
          ],
          [
            "gravity",
            0.023676603445780448
          ],
          [
            "amplitudes",
            0.02022593707225696
          ],
          [
            "quantum",
            0.019886936437133483
          ],
          [
            "theory",
            0.019507762305722157
          ],
          [
            "spin",
            0.018267009305492174
          ],
          [
            "order",
            0.015589978138328856
          ],
          [
            "gauge",
            0.015193745394552108
          ],
          [
            "field",
            0.014809452371315777
          ],
          [
            "loop",
            0.014217020090186697
          ]
        ],
        "count": 529
      },
      "9": {
        "name": "9_relativity_general_general relativity_teleparallel",
        "keywords": [
          [
            "relativity",
            0.03686655968060182
          ],
          [
            "general",
            0.03250060024769854
          ],
          [
            "general relativity",
            0.029849542018359723
          ],
          [
            "teleparallel",
            0.025392449133785952
          ],
          [
            "Relativity",
            0.02284175341204833
          ],
          [
            "General",
            0.021998538136574555
          ],
          [
            "theory",
            0.020827551043814056
          ],
          [
            "gravity",
            0.020795021072989285
          ],
          [
            "theories",
            0.016632343807371212
          ],
          [
            "Einstein",
            0.01557240643077511
          ]
        ],
        "count": 295
      },
      "10": {
        "name": "10_Unruh_quantum_detector_entanglement",
        "keywords": [
          [
            "Unruh",
            0.07169281144471601
          ],
          [
            "quantum",
            0.041728094280095454
          ],
          [
            "detector",
            0.03984012857745611
          ],
          [
            "entanglement",
            0.036243233135659074
          ],
          [
            "Unruh effect",
            0.03188599088670621
          ],
          [
            "acceleration",
            0.029612763830304093
          ],
          [
            "field",
            0.02861694406577182
          ],
          [
            "effect",
            0.02689845036874438
          ],
          [
            "detectors",
            0.026364707657470354
          ],
          [
            "accelerated",
            0.02588054066842472
          ]
        ],
        "count": 283
      },
      "11": {
        "name": "11_string_Sitter_vacua_theory",
        "keywords": [
          [
            "string",
            0.030759055576191595
          ],
          [
            "Sitter",
            0.03055737453826586
          ],
          [
            "vacua",
            0.020476844715602984
          ],
          [
            "theory",
            0.019273017070727566
          ],
          [
            "swampland",
            0.018740129604221854
          ],
          [
            "field",
            0.017757613095378755
          ],
          [
            "vacuum",
            0.01767037932610207
          ],
          [
            "string theory",
            0.017412236640944257
          ],
          [
            "conjecture",
            0.017356388161239727
          ],
          [
            "solutions",
            0.016069975642800723
          ]
        ],
        "count": 249
      },
      "12": {
        "name": "12_quantum_quantum gravity_foam_spin foam",
        "keywords": [
          [
            "quantum",
            0.04750167498213837
          ],
          [
            "quantum gravity",
            0.03530487235381051
          ],
          [
            "foam",
            0.027851538071756776
          ],
          [
            "spin foam",
            0.027833051843513475
          ],
          [
            "gravity",
            0.027665055771184978
          ],
          [
            "spin",
            0.026597729383818363
          ],
          [
            "lattice",
            0.020248093259615005
          ],
          [
            "spinfoam",
            0.01991863659328582
          ],
          [
            "group",
            0.017018472804007777
          ],
          [
            "loop quantum gravity",
            0.01666256224292785
          ]
        ],
        "count": 202
      }
    },
    "correlations": [
      [
        1.0,
        -0.5433482581773041,
        -0.6605264272848672,
        -0.4542063139492054,
        -0.6399714399057332,
        -0.6680022273938553,
        -0.6170609034608535,
        -0.7316775311895114,
        -0.4540791233020455,
        -0.6573804955006974,
        -0.6539121704227828,
        -0.4375955145565471,
        -0.6782610870318255
      ],
      [
        -0.5433482581773041,
        1.0,
        -0.4732627892303911,
        -0.464925047764262,
        -0.4707389968422495,
        -0.6307853187374126,
        -0.6271852447173281,
        -0.7522160989416868,
        -0.5112025859801321,
        -0.6473168357306522,
        -0.6494267989072613,
        -0.5012201854887299,
        -0.6956488903405416
      ],
      [
        -0.6605264272848672,
        -0.4732627892303911,
        1.0,
        -0.48834892389304263,
        0.6073462123400074,
        -0.40511544237783037,
        -0.6538216830103903,
        -0.7170667490224873,
        -0.6330003012538743,
        -0.6602530464801001,
        -0.6927453274510107,
        -0.6457865472514627,
        -0.6763783102778032
      ],
      [
        -0.4542063139492054,
        -0.464925047764262,
        -0.48834892389304263,
        1.0,
        -0.4631277552251002,
        -0.5583803268677736,
        -0.5831261542311124,
        -0.7230825874156162,
        -0.24528401017802506,
        -0.6775395550642488,
        -0.642111743238093,
        -0.2575489079228026,
        -0.6495888740759752
      ],
      [
        -0.6399714399057332,
        -0.4707389968422495,
        0.6073462123400074,
        -0.4631277552251002,
        1.0,
        -0.41314750656336685,
        -0.640643854198347,
        -0.7198614795240581,
        -0.6202760258442188,
        -0.658963987960077,
        -0.6870204656389756,
        -0.6329196903850085,
        -0.6700255022609732
      ],
      [
        -0.6680022273938553,
        -0.6307853187374126,
        -0.40511544237783037,
        -0.5583803268677736,
        -0.41314750656336685,
        1.0,
        -0.6697052359096624,
        -0.7363453122802184,
        -0.6289974378029104,
        -0.6744245966476159,
        -0.7175787788943485,
        -0.6460945627886427,
        -0.7079302292077546
      ],
      [
        -0.6170609034608535,
        -0.6271852447173281,
        -0.6538216830103903,
        -0.5831261542311124,
        -0.640643854198347,
        -0.6697052359096624,
        1.0,
        -0.7339302079213987,
        -0.3904127485050979,
        -0.6423212593908387,
        -0.5380397056996594,
        -0.6114348970290469,
        -0.07795700802682642
      ],
      [
        -0.7316775311895114,
        -0.7522160989416868,
        -0.7170667490224873,
        -0.7230825874156162,
        -0.7198614795240581,
        -0.7363453122802184,
        -0.7339302079213987,
        1.0,
        -0.7280795778065037,
        -0.7271375579426408,
        -0.7517166317026192,
        -0.7388003283336202,
        -0.7368774819898499
      ],
      [
        -0.4540791233020455,
        -0.5112025859801321,
        -0.6330003012538743,
        -0.24528401017802506,
        -0.6202760258442188,
        -0.6289974378029104,
        -0.3904127485050979,
        -0.7280795778065037,
        1.0,
        -0.5922075750757508,
        -0.6188282677865888,
        -0.3248659282118699,
        -0.3466431700474968
      ],
      [
        -0.6573804955006974,
        -0.6473168357306522,
        -0.6602530464801001,
        -0.6775395550642488,
        -0.658963987960077,
        -0.6744245966476159,
        -0.6423212593908387,
        -0.7271375579426408,
        -0.5922075750757508,
        1.0,
        -0.7071028784631378,
        -0.6844303124684479,
        -0.662818045473075
      ],
      [
        -0.6539121704227828,
        -0.6494267989072613,
        -0.6927453274510107,
        -0.642111743238093,
        -0.6870204656389756,
        -0.7175787788943485,
        -0.5380397056996594,
        -0.7517166317026192,
        -0.6188282677865888,
        -0.7071028784631378,
        1.0,
        -0.6767657316829546,
        -0.6117948380196234
      ],
      [
        -0.4375955145565471,
        -0.5012201854887299,
        -0.6457865472514627,
        -0.2575489079228026,
        -0.6329196903850085,
        -0.6460945627886427,
        -0.6114348970290469,
        -0.7388003283336202,
        -0.3248659282118699,
        -0.6844303124684479,
        -0.6767657316829546,
        1.0,
        -0.6713854169170042
      ],
      [
        -0.6782610870318255,
        -0.6956488903405416,
        -0.6763783102778032,
        -0.6495888740759752,
        -0.6700255022609732,
        -0.7079302292077546,
        -0.07795700802682642,
        -0.7368774819898499,
        -0.3466431700474968,
        -0.662818045473075,
        -0.6117948380196234,
        -0.6713854169170042,
        1.0
      ]
    ],
    "series": {
      "2020-01": [
        85,
        52,
        53,
        23,
        25,
        8,
        44,
        4,
        19,
        36,
        12,
        9,
        2
      ],
      "2020-02": [
        73,
        50,
        57,
        21,
        41,
        9,
        35,
        7,
        19,
        36,
        9,
        11,
        8
      ],
      "2020-03": [
        93,
        53,
        74,
        24,
        41,
        9,
        66,
        11,
        26,
        33,
        18,
        12,
        4
      ],
      "2020-04": [
        100,
        58,
        89,
        31,
        62,
        9,
        64,
        16,
        26,
        38,
        8,
        11,
        6
      ],
      "2020-05": [
        120,
        56,
        79,
        27,
        54,
        15,
        66,
        9,
        28,
        44,
        9,
        18,
        3
      ],
      "2020-06": [
        103,
        56,
        94,
        45,
        46,
        8,
        68,
        13,
        26,
        38,
        10,
        13,
        3
      ],
      "2020-07": [
        115,
        63,
        100,
        31,
        50,
        15,
        59,
        15,
        27,
        39,
        14,
        13,
        6
      ],
      "2020-08": [
        106,
        54,
        73,
        24,
        40,
        6,
        49,
        21,
        26,
        30,
        8,
        8,
        5
      ],
      "2020-09": [
        90,
        64,
        91,
        34,
        50,
        11,
        60,
        12,
        19,
        34,
        11,
        8,
        7
      ],
      "2020-10": [
        101,
        83,
        89,
        30,
        43,
        14,
        53,
        17,
        24,
        45,
        4,
        9,
        3
      ],
      "2020-11": [
        89,
        66,
        86,
        31,
        44,
        9,
        54,
        13,
        20,
        35,
        12,
        12,
        6
      ],
      "2020-12": [
        95,
        62,
        87,
        36,
        52,
        15,
        80,
        13,
        30,
        49,
        9,
        8,
        6
      ],
      "2021-01": [
        90,
        54,
        62,
        25,
        33,
        8,
        57,
        13,
        16,
        46,
        8,
        12,
        6
      ],
      "2021-02": [
        91,
        37,
        76,
        19,
        38,
        11,
        47,
        15,
        16,
        27,
        9,
        7,
        5
      ],
      "2021-03": [
        99,
        62,
        97,
        39,
        48,
        15,
        55,
        11,
        22,
        47,
        11,
        9,
        3
      ],
      "2021-04": [
        96,
        54,
        73,
        29,
        46,
        15,
        50,
        14,
        16,
        35,
        12,
        10,
        6
      ],
      "2021-05": [
        121,
        82,
        87,
        33,
        60,
        14,
        73,
        13,
        19,
        35,
        13,
        22,
        9
      ],
      "2021-06": [
        85,
        64,
        84,
        28,
        47,
        10,
        55,
        15,
        16,
        36,
        12,
        18,
        7
      ],
      "2021-07": [
        110,
        72,
        82,
        23,
        42,
        17,
        57,
        13,
        21,
        41,
        9,
        6,
        4
      ],
      "2021-08": [
        96,
        63,
        85,
        30,
        40,
        14,
        40,
        17,
        25,
        34,
        11,
        12,
        4
      ],
      "2021-09": [
        86,
        62,
        103,
        33,
        32,
        13,
        56,
        11,
        23,
        49,
        10,
        9,
        8
      ],
      "2021-10": [
        102,
        71,
        79,
        31,
        37,
        12,
        78,
        19,
        22,
        50,
        17,
        8,
        6
      ],
      "2021-11": [
        96,
        69,
        87,
        40,
        48,
        16,
        72,
        20,
        17,
        44,
        10,
        9,
        6
      ],
      "2021-12": [
        119,
        72,
        90,
        48,
        56,
        14,
        84,
        10,
        38,
        46,
        8,
        16,
        6
      ],
      "2022-01": [
        86,
        62,
        91,
        37,
        34,
        11,
        55,
        7,
        25,
        39,
        4,
        10,
        4
      ],
      "2022-02": [
        89,
        64,
        54,
        28,
        42,
        8,
        47,
        10,
        25,
        34,
        8,
        11,
        2
      ],
      "2022-03": [
        121,
        67,
        92,
        40,
        47,
        8,
        65,
        10,
        27,
        45,
        10,
        10,
        4
      ],
      "2022-04": [
        81,
        69,
        74,
        31,
        40,
        10,
        74,
        11,
        19,
        41,
        15,
        9,
        3
      ],
      "2022-05": [
        99,
        78,
        118,
        24,
        56,
        13,
        54,
        11,
        33,
        43,
        17,
        15,
        6
      ],
      "2022-06": [
        105,
        56,
        94,
        29,
        51,
        8,
        70,
        11,
        17,
        38,
        16,
        11,
        11
      ],
      "2022-07": [
        96,
        66,
        83,
        28,
        52,
        9,
        78,
        22,
        21,
        34,
        14,
        10,
        9
      ],
      "2022-08": [
        85,
        51,
        78,
        22,
        48,
        10,
        50,
        13,
        20,
        35,
        14,
        17,
        6
      ],
      "2022-09": [
        106,
        78,
        77,
        28,
        34,
        12,
        75,
        5,
        15,
        44,
        10,
        9,
        2
      ],
      "2022-10": [
        105,
        89,
        87,
        25,
        45,
        14,
        71,
        14,
        31,
        40,
        17,
        11,
        2
      ],
      "2022-11": [
        105,
        65,
        83,
        41,
        53,
        10,
        66,
        13,
        21,
        45,
        15,
        14,
        8
      ],
      "2022-12": [
        118,
        58,
        91,
        36,
        40,
        11,
        77,
        14,
        29,
        40,
        8,
        20,
        10
      ],
      "2023-01": [
        107,
        65,
        95,
        26,
        32,
        10,
        63,
        9,
        15,
        34,
        15,
        13,
        7
      ],
      "2023-02": [
        80,
        74,
        65,
        27,
        50,
        11,
        67,
        11,
        18,
        31,
        7,
        10,
        4
      ],
      "2023-03": [
        117,
        53,
        103,
        28,
        44,
        11,
        59,
        13,
        25,
        38,
        12,
        9,
        8
      ],
      "2023-04": [
        97,
        70,
        76,
        31,
        68,
        18,
        54,
        11,
        24,
        43,
        16,
        13,
        8
      ],
      "2023-05": [
        120,
        80,
        93,
        33,
        62,
        10,
        78,
        24,
        12,
        45,
        15,
        9,
        4
      ],
      "2023-06": [
        105,
        88,
        91,
        33,
        61,
        10,
        70,
        12,
        17,
        42,
        12,
        22,
        4
      ],
      "2023-07": [
        105,
        108,
        126,
        26,
        65,
        6,
        67,
        23,
        18,
        48,
        15,
        13,
        2
      ],
      "2023-08": [
        92,
        57,
        83,
        34,
        46,
        15,
        63,
        18,
        25,
        44,
        10,
        11,
        4
      ],
      "2023-09": [
        111,
        77,
        101,
        39,
        48,
        13,
        58,
        13,
        21,
        38,
        11,
        14,
        7
      ],
      "2023-10": [
        110,
        84,
        97,
        33,
        54,
        10,
        68,
        12,
        19,
        37,
        15,
        14,
        6
      ],
      "2023-11": [
        91,
        72,
        115,
        30,
        37,
        11,
        76,
        13,
        21,
        55,
        8,
        12,
        4
      ],
      "2023-12": [
        93,
        74,
        106,
        38,
        58,
        13,
        72,
        19,
        35,
        52,
        13,
        20,
        2
      ],
      "2024-01": [
        92,
        67,
        109,
        27,
        47,
        9,
        62,
        15,
        20,
        37,
        7,
        14,
        4
      ],
      "2024-02": [
        109,
        70,
        86,
        26,
        37,
        13,
        69,
        14,
        24,
        32,
        9,
        11,
        3
      ],
      "2024-03": [
        104,
        75,
        84,
        35,
        58,
        8,
        66,
        19,
        24,
        36,
        10,
        13,
        8
      ],
      "2024-04": [
        99,
        75,
        117,
        32,
        50,
        14,
        68,
        18,
        11,
        43,
        14,
        10,
        7
      ],
      "2024-05": [
        128,
        84,
        108,
        35,
        62,
        11,
        77,
        17,
        21,
        56,
        14,
        12,
        7
      ],
      "2024-06": [
        92,
        79,
        112,
        21,
        37,
        13,
        60,
        17,
        22,
        50,
        16,
        4,
        8
      ],
      "2024-07": [
        140,
        90,
        97,
        33,
        72,
        14,
        74,
        8,
        21,
        43,
        8,
        14,
        7
      ],
      "2024-08": [
        116,
        78,
        93,
        30,
        47,
        17,
        48,
        13,
        17,
        35,
        7,
        5,
        5
      ],
      "2024-09": [
        102,
        82,
        101,
        28,
        45,
        12,
        49,
        18,
        21,
        33,
        18,
        10,
        4
      ],
      "2024-10": [
        117,
        93,
        124,
        30,
        57,
        10,
        65,
        15,
        24,
        50,
        10,
        9,
        3
      ],
      "2024-11": [
        106,
        78,
        118,
        28,
        54,
        9,
        83,
        17,
        19,
        37,
        14,
        10,
        3
      ],
      "2024-12": [
        131,
        77,
        126,
        34,
        50,
        13,
        95,
        25,
        34,
        45,
        21,
        9,
        6
      ],
      "2025-01": [
        101,
        68,
        101,
        20,
        38,
        11,
        59,
        9,
        15,
        27,
        23,
        7,
        4
      ],
      "2025-02": [
        108,
        62,
        108,
        19,
        49,
        11,
        71,
        18,
        13,
        25,
        13,
        5,
        3
      ],
      "2025-03": [
        99,
        89,
        127,
        22,
        53,
        11,
        70,
        14,
        22,
        32,
        11,
        9,
        4
      ],
      "2025-04": [
        128,
        89,
        123,
        38,
        68,
        16,
        76,
        19,
        23,
        39,
        13,
        10,
        5
      ],
      "2025-05": [
        110,
        98,
        109,
        34,
        61,
        13,
        71,
        24,
        23,
        35,
        15,
        12,
        4
      ],
      "2025-06": [
        120,
        94,
        121,
        30,
        52,
        9,
        64,
        15,
        20,
        34,
        11,
        14,
        5
      ],
      "2025-07": [
        127,
        99,
        131,
        41,
        58,
        13,
        61,
        21,
        24,
        50,
        4,
        18,
        9
      ],
      "2025-08": [
        117,
        88,
        144,
        41,
        69,
        13,
        57,
        14,
        20,
        50,
        23,
        9,
        7
      ],
      "2025-09": [
        78,
        52,
        74,
        20,
        38,
        8,
        37,
        7,
        4,
        17,
        8,
        10,
        1
      ]
    },
    "papers": {
      "0": [
        {
          "title": "Comparison of dark energy models using late-universe observations",
          "year": "2025-04",
          "abstract": "In the framework of general relativity, dark energy was proposed to explain\nthe cosmic acceleration. A pivotal inquiry in cosmology is to determine whether\ndark energy is the cosmological constant, and if not, the challenge lies in\nconstraining how it evolves with time. In this paper, we utilize the latest\nobservational data to constrain some typical dark energy models, and make a\ncomparison for them according to their capabilities of fitting the current\ndata. Our study is confined to late-universe observations, including the baryon\nacoustic oscillation, type Ia supernova, cosmic chronometer, and strong\ngravitational lensing time delay data. We employ the Akaike information\ncriterion (AIC), deviance information criterion (DIC), and Bayesian information\ncriterion (BIC) to assess the worth of models. The AIC and DIC analyses\nindicate that all dark energy models outperform the $\\Lambda$CDM model.\nHowever, the BIC analysis leaves room for $\\Lambda$CDM due to its heavier\npenalty on the model complexity. Compared to $\\Lambda$CDM, most dark energy\nmodels are robustly supported by AIC and DIC while being explicitly disfavored\nby BIC. The models that are robustly favored by AIC and DIC and not explicitly\ndisfavored by BIC include the $w$CDM, interacting dark energy, and Ricci dark\nenergy models. Furthermore, we observe that an alternative modified gravity\nmodel exhibits superior performance when compared with $\\Lambda$CDM across all\ninformation criteria.",
          "arxiv_id": "2504.09054v2"
        },
        {
          "title": "Renyi Holographic dark energy and its behaviour in f(G) gravity",
          "year": "2022-10",
          "abstract": "In this work, the Renyi holographic dark energy (RHDE)and its behaviour has\nbeen explored with the anisotropic and spatially homogeneous Bianchi type-I\nUniverse in the framework of $f(G)$ gravity. We use IR cutoff as the Hubble and\nGranda-Oliveros (GO) horizons. To find a consistent solutions of the field\nequations of the models, it is assumed that the deceleration parameter is\ndefined in terms of function of Hubble parameter $H$. With reference to current\ncosmological data, the behaviors of the cosmological parameters relating to the\ndark energy model are evaluated and their physical significance is examined. It\nis observed that for both the models, the equation of state parameter\napproaches to $-1$ at late times. However, the RHDE model with the Hubble\nhorizon exhibits stability from the squared sound speed, but the RHDE model\nwith the GO horizon exhibits instability. In both the models, deceleration\nparameter and statefinder diagnostic confirm the accelerated expansion of the\nUniverse and also correspond to the $\\Lambda$CDM model at late times.",
          "arxiv_id": "2211.05086v1"
        },
        {
          "title": "Simple-graduated dark energy and spatial curvature",
          "year": "2021-04",
          "abstract": "In this work, we first discuss the possibility that dark energy models with\nnegative energy density values in the past can alleviate the $H_0$ tension, as\nwell as the discrepancy with the baryon acoustic oscillation (BAO)\nLyman-$\\alpha$ data, both which prevail within the $\\Lambda$CDM model. We then\ninvestigate whether two minimal extensions of the $\\Lambda$CDM model, together\nor separately, can successfully realize such a scenario: (i) the spatial\ncurvature, which, in the case of spatially closed universe, mimics a negative\ndensity source and (ii) simple-graduated dark energy (gDE), which promotes the\nnull inertial mass density of the usual vacuum energy to an arbitrary\nconstant--if negative, the corresponding energy density decreases with redshift\nsimilar to the phantom models, but unlike them crosses below zero at a certain\nredshift. We find that, when the Planck data are not included in the\nobservational analysis, the models with simple-gDE predict interesting and some\nsignificant deviations from the $\\Lambda$CDM model. In particular, a spatially\nclosed universe along with a simple-gDE of positive inertial mass density,\nwhich work in contrast to each other, results in minor improvement to the $H_0$\ntension. The joint dataset, including the Planck data, presents no evidence for\na deviation from spatial flatness but almost the same evidence for a\ncosmological constant and the simple-gDE with an inertial mass density of order\n$\\mathcal{O}(10^{-12})\\,\\rm eV^4$. The latter case predicts almost no deviation\nfrom the $\\Lambda$CDM model up until today--so that it results in no\nimprovement regarding the BAO Ly-$\\alpha$ data--except that it slightly\naggravates the $H_0$ tension. We also study via dynamical analysis the history\nof the Universe in the models, as the simple-gDE results in futures different\nthan the de Sitter future of the $\\Lambda$CDM model.",
          "arxiv_id": "2104.02623v2"
        }
      ],
      "1": [
        {
          "title": "High-accuracy simulations of highly spinning binary neutron star systems",
          "year": "2021-08",
          "abstract": "With an increasing number of expected gravitational-wave detections of binary\nneutron star mergers, it is essential that gravitational-wave models employed\nfor the analysis of observational data are able to describe generic compact\nbinary systems. This includes systems in which the individual neutron stars are\nmillisecond pulsars for which spin effects become essential. In this work, we\nperform numerical-relativity simulations of binary neutron stars with aligned\nand anti-aligned spins within a range of dimensionless spins of $\\chi \\sim\n[-0.28,0.58]$. The simulations are performed with multiple resolutions, show a\nclear convergence order and, consequently, can be used to test existing\nwaveform approximants. We find that for very high spins gravitational-wave\nmodels that have been employed for the interpretation of GW170817 and GW190425\nare not capable of describing our numerical-relativity dataset. We verify\nthrough a full parameter estimation study in which clear biases in the estimate\nof the tidal deformability and effective spin are present. We hope that in\npreparation of the next gravitational-wave observing run of the Advanced LIGO\nand Advanced Virgo detectors our new set of numerical-relativity data can be\nused to support future developments of new gravitational-wave models.",
          "arxiv_id": "2108.10429v1"
        },
        {
          "title": "Piecewise frequency model for searches for long-transient gravitational waves from young neutron stars",
          "year": "2023-10",
          "abstract": "In this work we characterise the performance of a new search technique\ndesigned to be sensitive to the remnants of binary neutron star systems.\nSensitivity estimates of the new method on simulated data are competitive\nagainst those of other work. Previous searches for a gravitational-wave signal\nfrom a possible neutron star remnant of the binary neutron star merger event\nGW170817 have focused on short ($<500$~s) and long duration (2.5~hr -- 8~day)\nsignals. To date, no such post-merger signal has been detected. We introduce a\nnew piecewise model which has the flexibility to accurately follow\ngravitational-wave signals which are rapidly evolving in frequency, such as\nthose which may be emitted from young neutron stars born from binary neutron\nstar mergers or supernovae. We investigate the sensitivity and computational\ncost of this piecewise model when used in a fully coherent 1800-second\n$\\mathcal{F}$-statistic search on simulated data containing possible signals\nfrom the GW170817 remnant. The sensitivity of the search using the piecewise\nmodel is determined using simulated data, with noise consistent with the LIGO\nsecond observing run. Across a 100--2000~Hz frequency band, the model achieves\na peak sensitivity of $h_{\\text{rss}}^{50\\%} = 4.4 \\times 10^{-23}\n\\text{Hz}^{-1/2}$ at 200~Hz, competitive with other methods. The computational\ncost of conducting the search, over a bank of $1.1 \\times 10^{12}$ templates,\nis estimated at 10 days running on 100 CPU's.",
          "arxiv_id": "2310.12463v2"
        },
        {
          "title": "Statistical and systematic uncertainties in extracting the source properties of neutron star - black hole binaries with gravitational waves",
          "year": "2020-05",
