{
  "topics": {
    "data": {
      "0": {
        "name": "0_students_learning_education_student",
        "keywords": [
          [
            "students",
            0.033651390851473686
          ],
          [
            "learning",
            0.025232044284483834
          ],
          [
            "education",
            0.01807026132564623
          ],
          [
            "student",
            0.017925043522791815
          ],
          [
            "AI",
            0.01427385712951573
          ],
          [
            "educational",
            0.013742957478219416
          ],
          [
            "programming",
            0.011039462913692052
          ],
          [
            "course",
            0.010776863922762388
          ],
          [
            "study",
            0.010489326221734884
          ],
          [
            "teaching",
            0.009337055964558649
          ]
        ],
        "count": 2021
      },
      "1": {
        "name": "1_media_social_news_social media",
        "keywords": [
          [
            "media",
            0.023370288893242035
          ],
          [
            "social",
            0.02160409479683222
          ],
          [
            "news",
            0.019733633950074055
          ],
          [
            "social media",
            0.018082234495861743
          ],
          [
            "content",
            0.016915634044413593
          ],
          [
            "users",
            0.014990352957800804
          ],
          [
            "online",
            0.01476621165725551
          ],
          [
            "Twitter",
            0.01385176539973085
          ],
          [
            "misinformation",
            0.012864965711528516
          ],
          [
            "political",
            0.012407598602952083
          ]
        ],
        "count": 1389
      },
      "2": {
        "name": "2_data_urban_mobility_traffic",
        "keywords": [
          [
            "data",
            0.019887054967004613
          ],
          [
            "urban",
            0.019311595795764216
          ],
          [
            "mobility",
            0.015839176368587917
          ],
          [
            "traffic",
            0.01116188440297206
          ],
          [
            "model",
            0.010276212338603085
          ],
          [
            "spatial",
            0.00950300041092012
          ],
          [
            "study",
            0.00903350121911851
          ],
          [
            "time",
            0.00838171783245895
          ],
          [
            "cities",
            0.007969842324483676
          ],
          [
            "transportation",
            0.007467437050137554
          ]
        ],
        "count": 1299
      },
      "3": {
        "name": "3_fairness_fair_bias_Fairness",
        "keywords": [
          [
            "fairness",
            0.047250846568852305
          ],
          [
            "fair",
            0.01483778013788295
          ],
          [
            "bias",
            0.01471221804182077
          ],
          [
            "Fairness",
            0.013859825295133509
          ],
          [
            "learning",
            0.013433113557964053
          ],
          [
            "algorithmic",
            0.012740940763135805
          ],
          [
            "decision",
            0.01270034744269678
          ],
          [
            "data",
            0.011818102479165876
          ],
          [
            "model",
            0.011183260571616886
          ],
          [
            "algorithms",
            0.010608557477621629
          ]
        ],
        "count": 1272
      },
      "4": {
        "name": "4_AI_systems_risks_ethical",
        "keywords": [
          [
            "AI",
            0.06322784635847088
          ],
          [
            "systems",
            0.020224319588694164
          ],
          [
            "risks",
            0.014038094810345025
          ],
          [
            "ethical",
            0.012890717722782129
          ],
          [
            "governance",
            0.012813981610291911
          ],
          [
            "risk",
            0.011731219601150587
          ],
          [
            "human",
            0.011409206484234938
          ],
          [
            "intelligence",
            0.01130732813802192
          ],
          [
            "safety",
            0.011154514631643783
          ],
          [
            "ethics",
            0.01074659807182237
          ]
        ],
        "count": 1092
      },
      "5": {
        "name": "5_LLMs_language_models_LLM",
        "keywords": [
          [
            "LLMs",
            0.03303463201290916
          ],
          [
            "language",
            0.021057548609851685
          ],
          [
            "models",
            0.020348104228925214
          ],
          [
            "LLM",
            0.01782885510405756
          ],
          [
            "Language",
            0.01579876727626868
          ],
          [
            "human",
            0.014514516080731505
          ],
          [
            "Large",
            0.014261459922167131
          ],
          [
            "language models",
            0.013930345640905126
          ],
          [
            "Models",
            0.013167988901996245
          ],
          [
            "bias",
            0.012544699326384651
          ]
        ],
        "count": 1047
      },
      "6": {
        "name": "6_healthcare_health_clinical_data",
        "keywords": [
          [
            "healthcare",
            0.019192841692206628
          ],
          [
            "health",
            0.018677635011830906
          ],
          [
            "clinical",
            0.018494904505913554
          ],
          [
            "data",
            0.017876784011293362
          ],
          [
            "patient",
            0.015578682128901445
          ],
          [
            "medical",
            0.015224612586919825
          ],
          [
            "patients",
            0.014309097087417445
          ],
          [
            "model",
            0.012037686635969021
          ],
          [
            "learning",
            0.01203018403822783
          ],
          [
            "AI",
            0.011792445454821663
          ]
        ],
        "count": 686
      },
      "7": {
        "name": "7_privacy_security_data_cyber",
        "keywords": [
          [
            "privacy",
            0.02747171579474821
          ],
          [
            "security",
            0.023500918901252173
          ],
          [
            "data",
            0.02268735163221424
          ],
          [
            "cyber",
            0.017483125392372557
          ],
          [
            "cybersecurity",
            0.012780856161958348
          ],
          [
            "online",
            0.011806834472476583
          ],
          [
            "information",
            0.011164722081822547
          ],
          [
            "research",
            0.010983567895529782
          ],
          [
            "users",
            0.010397849717357101
          ],
          [
            "digital",
            0.010181106599411991
          ]
        ],
        "count": 561
      },
      "8": {
        "name": "8_blockchain_Blockchain_digital_decentralized",
        "keywords": [
          [
            "blockchain",
            0.04329394961052582
          ],
          [
            "Blockchain",
            0.022301692811520134
          ],
          [
            "digital",
            0.014352419219664354
          ],
          [
            "decentralized",
            0.013356933962506349
          ],
          [
            "technology",
            0.01302805723662675
          ],
          [
            "transactions",
            0.011553275435521537
          ],
          [
            "contracts",
            0.011502344362366579
          ],
          [
            "Bitcoin",
            0.011045977845012808
          ],
          [
            "NFT",
            0.010703072953138779
          ],
          [
            "data",
            0.01017704072042896
          ]
        ],
        "count": 495
      },
      "9": {
        "name": "9_AI_generative_Generative_models",
        "keywords": [
          [
            "AI",
            0.04431364182515224
          ],
          [
            "generative",
            0.03332193570447003
          ],
          [
            "Generative",
            0.02313840901982052
          ],
          [
            "models",
            0.014547616878532914
          ],
          [
            "creative",
            0.01254294533869796
          ],
          [
            "art",
            0.012379541679749976
          ],
          [
            "content",
            0.010268260097826906
          ],
          [
            "human",
            0.009558142849790213
          ],
          [
            "copyright",
            0.009439894924592839
          ],
          [
            "creativity",
            0.009292508694763656
          ]
        ],
        "count": 344
      },
      "10": {
        "name": "10_images_image_models_face",
        "keywords": [
          [
            "images",
            0.03170419201450568
          ],
          [
            "image",
            0.028521064439168995
          ],
          [
            "models",
            0.023657554740413055
          ],
          [
            "face",
            0.018834593337239053
          ],
          [
            "bias",
            0.0161715177603732
          ],
          [
            "biases",
            0.014283832935737796
          ],
          [
            "datasets",
            0.013354339859818768
          ],
          [
            "recognition",
            0.013200991132216924
          ],
          [
            "facial",
            0.012820679614182559
          ],
          [
            "model",
            0.012696414204573354
          ]
        ],
        "count": 292
      },
      "11": {
        "name": "11_research_computing_carbon_technology",
        "keywords": [
          [
            "research",
            0.016809793317284726
          ],
          [
            "computing",
            0.015516859039136419
          ],
          [
            "carbon",
            0.014770441898545409
          ],
          [
            "technology",
            0.013519896319969221
          ],
          [
            "digital",
            0.013431462522073058
          ],
          [
            "energy",
            0.012911200234019215
          ],
          [
            "study",
            0.010789259968060334
          ],
          [
            "data",
            0.01042173806655859
          ],
          [
            "design",
            0.010147925852023591
          ],
          [
            "paper",
            0.010013856463854385
          ]
        ],
        "count": 263
      },
      "12": {
        "name": "12_health_LLMs_mental_mental health",
        "keywords": [
          [
            "health",
            0.027055759563193872
          ],
          [
            "LLMs",
            0.024752701835539657
          ],
          [
            "mental",
            0.02139639956117771
          ],
          [
            "mental health",
            0.020526945377905392
          ],
          [
            "medical",
            0.018884807795110477
          ],
          [
            "LLM",
            0.013897671817166639
          ],
          [
            "clinical",
            0.013518992435109446
          ],
          [
            "healthcare",
            0.013184025161492407
          ],
          [
            "language",
            0.013115651830901822
          ],
          [
            "models",
            0.012946822266670642
          ]
        ],
        "count": 218
      },
      "13": {
        "name": "13_privacy_data_FL_fairness",
        "keywords": [
          [
            "privacy",
            0.04953350127232037
          ],
          [
            "data",
            0.03279734746982002
          ],
          [
            "FL",
            0.024817677175816347
          ],
          [
            "fairness",
            0.0241711387483087
          ],
          [
            "DP",
            0.021425371756535323
          ],
          [
            "learning",
            0.021047528572237614
          ],
          [
            "Federated",
            0.0204689526913353
          ],
          [
            "federated",
            0.019384860160674814
          ],
          [
            "federated learning",
            0.01659544251855735
          ],
          [
            "model",
            0.015902026859202206
          ]
        ],
        "count": 199
      },
      "14": {
        "name": "14_VR_Metaverse_virtual_Reality",
        "keywords": [
          [
            "VR",
            0.046820772371821626
          ],
          [
            "Metaverse",
            0.035929364621249564
          ],
          [
            "virtual",
            0.029053151125764152
          ],
          [
            "Reality",
            0.025849741260701897
          ],
          [
            "reality",
            0.02479827748638848
          ],
          [
            "metaverse",
            0.022388414749472372
          ],
          [
            "immersive",
            0.019526715495990093
          ],
          [
            "Virtual",
            0.016907766568280507
          ],
          [
            "AR",
            0.015501614944506035
          ],
          [
            "technologies",
            0.014446416639272795
          ]
        ],
        "count": 184
      },
      "15": {
        "name": "15_energy_electricity_data_consumption",
        "keywords": [
          [
            "energy",
            0.04607610365806681
          ],
          [
            "electricity",
            0.018098507332775172
          ],
          [
            "data",
            0.017854874477856737
          ],
          [
            "consumption",
            0.015808503512001942
          ],
          [
            "The",
            0.013578367801674497
          ],
          [
            "grid",
            0.013513987579588905
          ],
          [
            "demand",
            0.013461383966640983
          ],
          [
            "smart",
            0.012058416282890902
          ],
          [
            "power",
            0.011694405871930772
          ],
          [
            "Energy",
            0.01125195843401932
          ]
        ],
        "count": 182
      },
      "16": {
        "name": "16_contact_tracing_contact tracing_privacy",
        "keywords": [
          [
            "contact",
            0.07301629758491088
          ],
          [
            "tracing",
            0.06947169641047603
          ],
          [
            "contact tracing",
            0.06586841516831693
          ],
          [
            "privacy",
            0.034863048125848686
          ],
          [
            "Contact",
            0.0226667207662651
          ],
          [
            "app",
            0.022072186248939342
          ],
          [
            "apps",
            0.020488838474984197
          ],
          [
            "Tracing",
            0.017513662791182678
          ],
          [
            "Bluetooth",
            0.015705706574423706
          ],
          [
            "pandemic",
            0.015154654559885565
          ]
        ],
        "count": 161
      },
      "17": {
        "name": "17_research_scientific_citations_papers",
        "keywords": [
          [
            "research",
            0.029479403822763033
          ],
          [
            "scientific",
            0.020900541528585146
          ],
          [
            "citations",
            0.01755144520086309
          ],
          [
            "papers",
            0.017198972779194393
          ],
          [
            "researchers",
            0.01620795034649559
          ],
          [
            "science",
            0.015830821854297836
          ],
          [
            "academic",
            0.015530394507238228
          ],
          [
            "citation",
            0.015365237384051867
          ],
          [
            "software",
            0.014761585297152192
          ],
          [
            "authors",
            0.014705853909458569
          ]
        ],
        "count": 155
      },
      "18": {
        "name": "18_XAI_explanations_AI_explainability",
        "keywords": [
          [
            "XAI",
            0.05152447973275958
          ],
          [
            "explanations",
            0.03763585736942267
          ],
          [
            "AI",
            0.032784651590973775
          ],
          [
            "explainability",
            0.02502398573754455
          ],
          [
            "explanation",
            0.02082140084839284
          ],
          [
            "systems",
            0.01733362864516732
          ],
          [
            "Explainable",
            0.015791945055785416
          ],
          [
            "explainable",
            0.01556133639937306
          ],
          [
            "decision",
            0.015434355726574454
          ],
          [
            "human",
            0.014367180725776509
          ]
        ],
        "count": 145
      }
    },
    "correlations": [
      [
        1.0,
        -0.7423394486399117,
        -0.7295501222356315,
        -0.7298981160178131,
        -0.7134784964781637,
        -0.7117674414888724,
        -0.7326138500772659,
        -0.7417253398481043,
        -0.7574041164895178,
        -0.6855863044651582,
        -0.7408951563500152,
        -0.7223298092490302,
        -0.7264715622792544,
        -0.6731850610736565,
        -0.7401161142660023,
        -0.7527900881571761,
        -0.7170868959561943,
        -0.7331933750006598,
        -0.7381536591989288
      ],
      [
        -0.7423394486399117,
        1.0,
        -0.5810380613526129,
        -0.7195297706543053,
        -0.7361912747976573,
        -0.7185889197373826,
        -0.7294367657400349,
        -0.7302876172940369,
        -0.7572713789358054,
        -0.7337558709916389,
        -0.7188311432757301,
        -0.726498774367738,
        -0.707132245715467,
        -0.7245114398288501,
        -0.7546819003154555,
        -0.7482052486734231,
        -0.5438001225762501,
        -0.7285231692576408,
        -0.7465102471944869
      ],
      [
        -0.7295501222356315,
        -0.5810380613526129,
        1.0,
        -0.7094229031050905,
        -0.7345796766175923,
        -0.7340465669152981,
        -0.49832450039277776,
        -0.5083899489420378,
        -0.7473931517934362,
        -0.743531825821373,
        -0.7261177698767081,
        -0.5344876200740459,
        -0.718126709205434,
        -0.5213391071909562,
        -0.7483609463380687,
        -0.5444044083592758,
        -0.27740279602003626,
        -0.7404094575281366,
        -0.7389611623526295
      ],
      [
        -0.7298981160178131,
        -0.7195297706543053,
        -0.7094229031050905,
        1.0,
        -0.6962411329509266,
        -0.7061725289343799,
        -0.5715898761305848,
        -0.7119377642736051,
        -0.7610675784659486,
        -0.7228217684033906,
        -0.7002683633585469,
        -0.7305104752243317,
        -0.7287236728472051,
        -0.5028356295341008,
        -0.7587057363453438,
        -0.7283569137734172,
        -0.7450515217540504,
        -0.7391832928350972,
        -0.6514672410322186
      ],
      [
        -0.7134784964781637,
        -0.7361912747976573,
        -0.7345796766175923,
        -0.6962411329509266,
        1.0,
        -0.673922070235913,
        -0.7070096415773603,
        -0.7160911780805496,
        -0.7541583757154919,
        -0.1731500857762838,
        -0.7105318581023186,
        -0.7147027103588885,
        -0.6928712481340114,
        -0.7000497471371804,
        -0.7479718865722986,
        -0.7285940822168016,
        -0.7504075806524919,
        -0.7215045132372453,
        -0.41757595668609404
      ],
      [
        -0.7117674414888724,
        -0.7185889197373826,
        -0.7340465669152981,
        -0.7061725289343799,
        -0.673922070235913,
        1.0,
        -0.7271336969232276,
        -0.7321218273306233,
        -0.7632334588573377,
        -0.6579980561002091,
        -0.5487189633854297,
        -0.7291856432547104,
        0.1044012604572841,
        -0.7167646773106017,
        -0.7587513555426026,
        -0.7403392509926696,
        -0.7487304017513493,
        -0.7266779417415374,
        -0.7127373216544856
      ],
      [
        -0.7326138500772659,
        -0.7294367657400349,
        -0.49832450039277776,
        -0.5715898761305848,
        -0.7070096415773603,
        -0.7271336969232276,
        1.0,
        -0.47894578443144054,
        -0.7479302807749307,
        -0.7242343848614987,
        -0.7114827042716395,
        -0.7146564893387848,
        -0.6191220625991609,
        -0.30251043852673337,
        -0.7567041987591057,
        -0.5316685215514381,
        -0.7183944963359323,
        -0.7340236429504972,
        -0.7205561704139715
      ],
      [
        -0.7417253398481043,
        -0.7302876172940369,
        -0.5083899489420378,
        -0.7119377642736051,
        -0.7160911780805496,
        -0.7321218273306233,
        -0.47894578443144054,
        1.0,
        -0.7293298451205394,
        -0.7292721471958226,
        -0.7301511805784948,
        -0.7154933650724637,
        -0.7321267896873321,
        -0.20249652666998494,
        -0.7459316657638628,
        -0.5142200692382031,
        -0.6901075039729778,
        -0.730663008435437,
        -0.738748086956745
      ],
      [
        -0.7574041164895178,
        -0.7572713789358054,
        -0.7473931517934362,
        -0.7610675784659486,
        -0.7541583757154919,
        -0.7632334588573377,
        -0.7479302807749307,
        -0.7293298451205394,
        1.0,
        -0.7603740513764857,
        -0.7627351017872226,
        -0.7353138350484978,
        -0.7609013965194381,
        -0.7402384330389844,
        -0.7388639218084387,
        -0.7393299244849207,
        -0.74925435421562,
        -0.7550670933695947,
        -0.7618942384051081
      ],
      [
        -0.6855863044651582,
        -0.7337558709916389,
        -0.743531825821373,
        -0.7228217684033906,
        -0.1731500857762838,
        -0.6579980561002091,
        -0.7242343848614987,
        -0.7292721471958226,
        -0.7603740513764857,
        1.0,
        -0.6787954427192014,
        -0.7309043218064538,
        -0.6817363328094075,
        -0.7155495970844683,
        -0.750936837032233,
        -0.7402487495060199,
        -0.7547292961031401,
        -0.7308290629251031,
        -0.4907422824481242
      ],
      [
        -0.7408951563500152,
        -0.7188311432757301,
        -0.7261177698767081,
        -0.7002683633585469,
        -0.7105318581023186,
        -0.5487189633854297,
        -0.7114827042716395,
        -0.7301511805784948,
        -0.7627351017872226,
        -0.6787954427192014,
        1.0,
        -0.7361681875321924,
        -0.7155594961327227,
        -0.711593267111235,
        -0.7577520620380984,
        -0.7417169750347318,
        -0.7371513782516392,
        -0.7414666824386424,
        -0.7330211984916599
      ],
      [
        -0.7223298092490302,
        -0.726498774367738,
        -0.5344876200740459,
        -0.7305104752243317,
        -0.7147027103588885,
        -0.7291856432547104,
        -0.7146564893387848,
        -0.7154933650724637,
        -0.7353138350484978,
        -0.7309043218064538,
        -0.7361681875321924,
        1.0,
        -0.7344872924093122,
        -0.7247251100810999,
        -0.743302842861308,
        -0.7139794955728835,
        -0.7448054344922765,
        -0.10920754391742948,
        -0.7378798810705345
      ],
      [
        -0.7264715622792544,
        -0.707132245715467,
        -0.718126709205434,
        -0.7287236728472051,
        -0.6928712481340114,
        0.1044012604572841,
        -0.6191220625991609,
        -0.7321267896873321,
        -0.7609013965194381,
        -0.6817363328094075,
        -0.7155594961327227,
        -0.7344872924093122,
        1.0,
        -0.720195492877133,
        -0.7550689493092743,
        -0.74112305076405,
        -0.7313428309104953,
        -0.7331007514924314,
        -0.7241783052091462
      ],
      [
        -0.6731850610736565,
        -0.7245114398288501,
        -0.5213391071909562,
        -0.5028356295341008,
        -0.7000497471371804,
        -0.7167646773106017,
        -0.30251043852673337,
        -0.20249652666998494,
        -0.7402384330389844,
        -0.7155495970844683,
        -0.711593267111235,
        -0.7247251100810999,
        -0.720195492877133,
        1.0,
        -0.7478542244067866,
        -0.5398373823011392,
        -0.6747624378537986,
        -0.7309644014414758,
        -0.7210146752997693
      ],
      [
        -0.7401161142660023,
        -0.7546819003154555,
        -0.7483609463380687,
        -0.7587057363453438,
        -0.7479718865722986,
        -0.7587513555426026,
        -0.7567041987591057,
        -0.7459316657638628,
        -0.7388639218084387,
        -0.750936837032233,
        -0.7577520620380984,
        -0.743302842861308,
        -0.7550689493092743,
        -0.7478542244067866,
        1.0,
        -0.7528729434392406,
        -0.7571652640062434,
        -0.7493298056260744,
        -0.7579695523544487
      ],
      [
        -0.7527900881571761,
        -0.7482052486734231,
        -0.5444044083592758,
        -0.7283569137734172,
        -0.7285940822168016,
        -0.7403392509926696,
        -0.5316685215514381,
        -0.5142200692382031,
        -0.7393299244849207,
        -0.7402487495060199,
        -0.7417169750347318,
        -0.7139794955728835,
        -0.74112305076405,
        -0.5398373823011392,
        -0.7528729434392406,
        1.0,
        -0.7452384297915282,
        -0.7455444926287795,
        -0.740542941786787
      ],
      [
        -0.7170868959561943,
        -0.5438001225762501,
        -0.27740279602003626,
        -0.7450515217540504,
        -0.7504075806524919,
        -0.7487304017513493,
        -0.7183944963359323,
        -0.6901075039729778,
        -0.74925435421562,
        -0.7547292961031401,
        -0.7371513782516392,
        -0.7448054344922765,
        -0.7313428309104953,
        -0.6747624378537986,
        -0.7571652640062434,
        -0.7452384297915282,
        1.0,
        -0.7473343191289978,
        -0.7562956580087614
      ],
      [
        -0.7331933750006598,
        -0.7285231692576408,
        -0.7404094575281366,
        -0.7391832928350972,
        -0.7215045132372453,
        -0.7266779417415374,
        -0.7340236429504972,
        -0.730663008435437,
        -0.7550670933695947,
        -0.7308290629251031,
        -0.7414666824386424,
        -0.10920754391742948,
        -0.7331007514924314,
        -0.7309644014414758,
        -0.7493298056260744,
        -0.7455444926287795,
        -0.7473343191289978,
        1.0,
        -0.7454333419003225
      ],
      [
        -0.7381536591989288,
        -0.7465102471944869,
        -0.7389611623526295,
        -0.6514672410322186,
        -0.41757595668609404,
        -0.7127373216544856,
        -0.7205561704139715,
        -0.738748086956745,
        -0.7618942384051081,
        -0.4907422824481242,
        -0.7330211984916599,
        -0.7378798810705345,
        -0.7241783052091462,
        -0.7210146752997693,
        -0.7579695523544487,
        -0.740542941786787,
        -0.7562956580087614,
        -0.7454333419003225,
        1.0
      ]
    ],
    "series": {
      "2020-01": [
        54,
        19,
        3,
        14,
        19,
        1,
        3,
        3,
        4,
        0,
        4,
        2,
        1,
        6,
        1,
        3,
        1,
        5,
        1
      ],
      "2020-02": [
        37,
        8,
        4,
        10,
        13,
        1,
        5,
        2,
        7,
        1,
        1,
        4,
        0,
        11,
        4,
        3,
        3,
        0,
        5
      ],
      "2020-03": [
        40,
        12,
        4,
        11,
        8,
        1,
        6,
        6,
        3,
        1,
        3,
        2,
        1,
        14,
        3,
        1,
        11,
        7,
        2
      ],
      "2020-04": [
        53,
        16,
        5,
        15,
        9,
        4,
        6,
        4,
        4,
        3,
        6,
        4,
        9,
        13,
        2,
        3,
        32,
        10,
        1
      ],
      "2020-05": [
        89,
        25,
        11,
        13,
        11,
        5,
        6,
        4,
        4,
        0,
        4,
        1,
        4,
        14,
        3,
        6,
        58,
        4,
        1
      ],
      "2020-06": [
        88,
        12,
        7,
        30,
        19,
        1,
        3,
        7,
        7,
        1,
        8,
        3,
        6,
        19,
        5,
        12,
        40,
        3,
        4
      ],
      "2020-07": [
        77,
        19,
        4,
        18,
        22,
        2,
        8,
        9,
        7,
        2,
        11,
        4,
        10,
        21,
        2,
        12,
        38,
        6,
        4
      ],
      "2020-08": [
        79,
        18,
        6,
        15,
        23,
        0,
        2,
        7,
        3,
        1,
        3,
        2,
        4,
        10,
        1,
        6,
        39,
        2,
        2
      ],
      "2020-09": [
        60,
        10,
        4,
        21,
        20,
        4,
        6,
        7,
        8,
        1,
        9,
        4,
        5,
        21,
        1,
        7,
        27,
        8,
        1
      ],
      "2020-10": [
        73,
        16,
        5,
        21,
        16,
        3,
        4,
        7,
        3,
        0,
        5,
        1,
        4,
        16,
        3,
        5,
        23,
        8,
        0
      ],
      "2020-11": [
        66,
        13,
        5,
        18,
        12,
        1,
        6,
        5,
        5,
        0,
        10,
        2,
        6,
        13,
        4,
        3,
        25,
        0,
        4
      ],
      "2020-12": [
        47,
        13,
        3,
        15,
        15,
        1,
        1,
        3,
        1,
        2,
        7,
        1,
        5,
        16,
        1,
        3,
        25,
        7,
        5
      ],
      "2021-01": [
        69,
        28,
        5,
        19,
        22,
        3,
        7,
        5,
        7,
        0,
        3,
        1,
        2,
        11,
        7,
        1,
        24,
        8,
        3
      ],
      "2021-02": [
        63,
        17,
        5,
        21,
        14,
        1,
        8,
        2,
        10,
        1,
        8,
        1,
        3,
        3,
        3,
        5,
        12,
        4,
        2
      ],
      "2021-03": [
        55,
        15,
        2,
        13,
        14,
        3,
        1,
        4,
        6,
        0,
        7,
        1,
        1,
        12,
        1,
        1,
        22,
        8,
        6
      ],
      "2021-04": [
        57,
        19,
        7,
        17,
        17,
        0,
        3,
        3,
        3,
        0,
        4,
        0,
        2,
        7,
        2,
        1,
        20,
        10,
        1
      ],
      "2021-05": [
        63,
        17,
        4,
        31,
        22,
        0,
        0,
        4,
        4,
        1,
        7,
        1,
        2,
        14,
        4,
        5,
        19,
        4,
        0
      ],
      "2021-06": [
        49,
        17,
        5,
        29,
        20,
        3,
        4,
        6,
        4,
        1,
        10,
        1,
        5,
        20,
        3,
        1,
        20,
        6,
        8
      ],
      "2021-07": [
        63,
        20,
        4,
        19,
        14,
        1,
        6,
        5,
        8,
        1,
        7,
        2,
        2,
        11,
        3,
        1,
        11,
        3,
        7
      ],
      "2021-08": [
        80,
        18,
        5,
        16,
        15,
        2,
        5,
        4,
        2,
        0,
        3,
        5,
        3,
        13,
        4,
        3,
        26,
        11,
        8
      ],
      "2021-09": [
        44,
        21,
        4,
        24,
        19,
        5,
        2,
        2,
        5,
        1,
        8,
        1,
        2,
        14,
        1,
        0,
        12,
        2,
        5
      ],
      "2021-10": [
        50,
        14,
        5,
        31,
        16,
        6,
        1,
        5,
        0,
        0,
        6,
        1,
        4,
        17,
        4,
        4,
        15,
        4,
        6
      ],
      "2021-11": [
        42,
        18,
        5,
        17,
        25,
        2,
        2,
        5,
        2,
        2,
        5,
        0,
        2,
        8,
        3,
        5,
        19,
        3,
        2
      ],
      "2021-12": [
        39,
        12,
        5,
        15,
        17,
        2,
        0,
        3,
        6,
        1,
        7,
        0,
        3,
        10,
        2,
        2,
        15,
        2,
        3
      ],
      "2022-01": [
        56,
        8,
        5,
        15,
        18,
        0,
        1,
        7,
        7,
        0,
        7,
        3,
        2,
        17,
        4,
        1,
        11,
        3,
        0
      ],
      "2022-02": [
        62,
        15,
        3,
        29,
        18,
        2,
        1,
        5,
        2,
        1,
        6,
        1,
        2,
        7,
        3,
        2,
        20,
        2,
        1
      ],
      "2022-03": [
        59,
        18,
        5,
        17,
        7,
        3,
        5,
        5,
        8,
        1,
        4,
        2,
        1,
        7,
        7,
        2,
        8,
        2,
        1
      ],
      "2022-04": [
        62,
        12,
        2,
        17,
        16,
        2,
        3,
        0,
        6,
        1,
        5,
        2,
        0,
        11,
        2,
        2,
        8,
        2,
        4
      ],
      "2022-05": [
        58,
        15,
        4,
        34,
        25,
        8,
        1,
        6,
        4,
        3,
        11,
        1,
        2,
        14,
        2,
        6,
        8,
        5,
        5
      ],
      "2022-06": [
        51,
        16,
        0,
        29,
        28,
        10,
        4,
        2,
        2,
        1,
        5,
        1,
        4,
        17,
        4,
        5,
        16,
        9,
        2
      ],
      "2022-07": [
        59,
        17,
        6,
        30,
        12,
        3,
        9,
        2,
        6,
        1,
        6,
        0,
        7,
        18,
        2,
        5,
        8,
        5,
        3
      ],
      "2022-08": [
        47,
        16,
        3,
        32,
        16,
        4,
        3,
        6,
        1,
        0,
        5,
        0,
        2,
        22,
        3,
        4,
        6,
        3,
        5
      ],
      "2022-09": [
        42,
        10,
        4,
        31,
        15,
        7,
        3,
        4,
        6,
        3,
        6,
        1,
        2,
        10,
        4,
        3,
        8,
        5,
        3
      ],
      "2022-10": [
        53,
        21,
        5,
        27,
        16,
        0,
        2,
        6,
        4,
        3,
        12,
        1,
        3,
        10,
        8,
        8,
        11,
        5,
        3
      ],
      "2022-11": [
        54,
        17,
        3,
        27,
        21,
        7,
        2,
        0,
        7,
        2,
        8,
        3,
        4,
        16,
        4,
        3,
        13,
        6,
        5
      ],
      "2022-12": [
        76,
        11,
        0,
        19,
        14,
        4,
        2,
        7,
        4,
        1,
        7,
        4,
        1,
        16,
        4,
        7,
        9,
        3,
        4
      ],
      "2023-01": [
        59,
        19,
        4,
        21,
        18,
        10,
        2,
        4,
        5,
        2,
        9,
        3,
        2,
        13,
        7,
        7,
        7,
        4,
        1
      ],
      "2023-02": [
        39,
        23,
        4,
        25,
        19,
        9,
        4,
        7,
        3,
        4,
        5,
        1,
        1,
        19,
        3,
        3,
        3,
        5,
        7
      ],
      "2023-03": [
        64,
        13,
        2,
        38,
        34,
        16,
        5,
        5,
        7,
        5,
        9,
        0,
        3,
        14,
        10,
        5,
        10,
        11,
        5
      ],
      "2023-04": [
        53,
        21,
        2,
        28,
        28,
        24,
        4,
        3,
        3,
        9,
        7,
        3,
        5,
        11,
        6,
        6,
        7,
        2,
        3
      ],
      "2023-05": [
        74,
        28,
        6,
        54,
        50,
        24,
        5,
        6,
        6,
        17,
        12,
        3,
        2,
        25,
        4,
        6,
        5,
        5,
        4
      ],
      "2023-06": [
        67,
        14,
        5,
        40,
        40,
        28,
        10,
        7,
        9,
        16,
        5,
        1,
        3,
        22,
        4,
        8,
        3,
        7,
        7
      ],
      "2023-07": [
        65,
        14,
        3,
        30,
        42,
        30,
        1,
        4,
        5,
        8,
        9,
        2,
        3,
        18,
        5,
        3,
        2,
        8,
        2
      ],
      "2023-08": [
        56,
        17,
        5,
        31,
        23,
        26,
        0,
        16,
        6,
        13,
        9,
        1,
        2,
        16,
        2,
        3,
        7,
        5,
        5
      ],
      "2023-09": [
        68,
        10,
        10,
        27,
        27,
        33,
        4,
        6,
        1,
        12,
        11,
        1,
        5,
        16,
        1,
        6,
        7,
        5,
        4
      ],
      "2023-10": [
        69,
        25,
        5,
        22,
        26,
        45,
        0,
        7,
        5,
        13,
        15,
        2,
        2,
        16,
        7,
        2,
        7,
        6,
        3
      ],
      "2023-11": [
        75,
        11,
        7,
        27,
        33,
        33,
        4,
        4,
        1,
        18,
        17,
        1,
        4,
        15,
        5,
        2,
        1,
        1,
        2
      ],
      "2023-12": [
        79,
        23,
        5,
        31,
        30,
        38,
        5,
        4,
        8,
        13,
        12,
        1,
        3,
        21,
        4,
        2,
        6,
        2,
        4
      ],
      "2024-01": [
        71,
