{
  "topics": {
    "data": {
      "0": {
        "name": "0_Higgs_LHC_model_Model",
        "keywords": [
          [
            "Higgs",
            0.023059571592441104
          ],
          [
            "LHC",
            0.016246133239950392
          ],
          [
            "model",
            0.012930207056038041
          ],
          [
            "Model",
            0.012013280839436829
          ],
          [
            "new",
            0.011711892771059515
          ],
          [
            "mass",
            0.011486794341094798
          ],
          [
            "boson",
            0.011232330935209261
          ],
          [
            "Standard",
            0.010959947118822247
          ],
          [
            "lepton",
            0.010635253924030974
          ],
          [
            "dark",
            0.010563971334283433
          ]
        ],
        "count": 1452
      },
      "1": {
        "name": "1_data_learning_physics_particle",
        "keywords": [
          [
            "data",
            0.020091353040356277
          ],
          [
            "learning",
            0.018725309347538924
          ],
          [
            "physics",
            0.01866517200948784
          ],
          [
            "particle",
            0.013265308269523724
          ],
          [
            "performance",
            0.013019353841473522
          ],
          [
            "high",
            0.012860270719467973
          ],
          [
            "neural",
            0.012742187532918649
          ],
          [
            "machine",
            0.011446738722612636
          ],
          [
            "network",
            0.010940954560091372
          ],
          [
            "machine learning",
            0.010883171832488029
          ]
        ],
        "count": 1349
      },
      "2": {
        "name": "2_states_state_meson_decays",
        "keywords": [
          [
            "states",
            0.026152658165513726
          ],
          [
            "state",
            0.01638426657414366
          ],
          [
            "meson",
            0.014158451484443179
          ],
          [
            "decays",
            0.013981200408749912
          ],
          [
            "decay",
            0.01393794326262521
          ],
          [
            "quark",
            0.013316248110425996
          ],
          [
            "tetraquark",
            0.012625252621192932
          ],
          [
            "heavy",
            0.012019218451560749
          ],
          [
            "mass",
            0.011272384502967235
          ],
          [
            "model",
            0.01024813903384021
          ]
        ],
        "count": 1157
      },
      "3": {
        "name": "3_collisions_Pb_Pb collisions_pp",
        "keywords": [
          [
            "collisions",
            0.0397396795711839
          ],
          [
            "Pb",
            0.02558657255497275
          ],
          [
            "Pb collisions",
            0.01498483715063784
          ],
          [
            "pp",
            0.014681279229177075
          ],
          [
            "production",
            0.014156786227475255
          ],
          [
            "heavy",
            0.014091105540669373
          ],
          [
            "Au",
            0.013434054941701341
          ],
          [
            "TeV",
            0.013258151343028256
          ],
          [
            "ion",
            0.0131992485543274
          ],
          [
            "transverse",
            0.012968907948353212
          ]
        ],
        "count": 1106
      },
      "4": {
        "name": "4_QCD_production_corrections_parton",
        "keywords": [
          [
            "QCD",
            0.019055840725888878
          ],
          [
            "production",
            0.018985760487413694
          ],
          [
            "corrections",
            0.016429635301754553
          ],
          [
            "parton",
            0.01591387798419105
          ],
          [
            "order",
            0.01580300181162563
          ],
          [
            "jet",
            0.014149044007190342
          ],
          [
            "NLO",
            0.013871536657195418
          ],
          [
            "functions",
            0.013794773516005561
          ],
          [
            "LHC",
            0.012397776766124776
          ],
          [
            "gluon",
            0.011540525426326755
          ]
        ],
        "count": 888
      },
      "5": {
        "name": "5_beam_physics_energy_high",
        "keywords": [
          [
            "beam",
            0.017598130380873017
          ],
          [
            "physics",
            0.015073678797049865
          ],
          [
            "energy",
            0.01293456008494757
          ],
          [
            "high",
            0.011816339178061616
          ],
          [
            "collider",
            0.0114109190373972
          ],
          [
            "muon",
            0.011405370437153659
          ],
          [
            "FCC",
            0.010866465777637625
          ],
          [
            "Higgs",
            0.010755758613978508
          ],
          [
            "Collider",
            0.009837487463060866
          ],
          [
            "electron",
            0.009122955112488588
          ]
        ],
        "count": 791
      },
      "6": {
        "name": "6_dark_dark matter_matter_xenon",
        "keywords": [
          [
            "dark",
            0.03413367037381133
          ],
          [
            "dark matter",
            0.03380013803236609
          ],
          [
            "matter",
            0.03315331849801669
          ],
          [
            "xenon",
            0.01971613768747632
          ],
          [
            "detector",
            0.014984134660070099
          ],
          [
            "low",
            0.013241798851657452
          ],
          [
            "energy",
            0.01254869693525909
          ],
          [
            "electron",
            0.012349214314631698
          ],
          [
            "background",
            0.011960736121798233
          ],
          [
            "keV",
            0.011652763084483283
          ]
        ],
        "count": 602
      },
      "7": {
        "name": "7_ATLAS_TeV_boson_proton",
        "keywords": [
          [
            "ATLAS",
            0.03270687354590643
          ],
          [
            "TeV",
            0.0243565321111271
          ],
          [
            "boson",
            0.022983514753111303
          ],
          [
            "proton",
            0.020040717579283523
          ],
          [
            "production",
            0.017663519246513347
          ],
          [
            "fb",
            0.01725227850310695
          ],
          [
            "Higgs",
            0.01589813565837676
          ],
          [
            "detector",
            0.015867652346270224
          ],
          [
            "cross",
            0.012864555372909009
          ],
          [
            "mass",
            0.012344012458528779
          ]
        ],
        "count": 554
      },
      "8": {
        "name": "8_BESIII_branching_decay_GeV",
        "keywords": [
          [
            "BESIII",
            0.03169110536084049
          ],
          [
            "branching",
            0.02243552027836039
          ],
          [
            "decay",
            0.016822948685073644
          ],
          [
            "GeV",
            0.01613280945508515
          ],
          [
            "branching fraction",
            0.01611817421147375
          ],
          [
            "fraction",
            0.015555529682864137
          ],
          [
            "center",
            0.01492516305021422
          ],
          [
            "decays",
            0.013285838800805963
          ],
          [
            "mass",
            0.013265477885855687
          ],
          [
            "BEPCII",
            0.013141258581543561
          ]
        ],
        "count": 529
      },
      "9": {
        "name": "9_neutrino_neutrinos_oscillation_experiments",
        "keywords": [
          [
            "neutrino",
            0.04309031620355057
          ],
          [
            "neutrinos",
            0.017126902507340967
          ],
          [
            "oscillation",
            0.016821904202665293
          ],
          [
            "experiments",
            0.01467011176028403
          ],
          [
            "matter",
            0.013002029592701681
          ],
          [
            "DUNE",
            0.012777758245783732
          ],
          [
            "dark",
            0.011905389871517692
          ],
          [
            "Kamiokande",
            0.011888769583270854
          ],
          [
            "mass",
            0.010867358847238329
          ],
          [
            "solar",
            0.010178164318808636
          ]
        ],
        "count": 493
      },
      "10": {
        "name": "10_resolution_sensors_radiation_detectors",
        "keywords": [
          [
            "resolution",
            0.022030615828351068
          ],
          [
            "sensors",
            0.015844580708652637
          ],
          [
            "radiation",
            0.01575173572037664
          ],
          [
            "detectors",
            0.015593810184202096
          ],
          [
            "detector",
            0.015054913962818921
          ],
          [
            "time",
            0.014672606324568876
          ],
          [
            "silicon",
            0.01429267228628501
          ],
          [
            "high",
            0.014124075142605339
          ],
          [
            "performance",
            0.013830876633124727
          ],
          [
            "pixel",
            0.013142810606801352
          ]
        ],
        "count": 442
      },
      "11": {
        "name": "11_proton_TeV_boson_CMS",
        "keywords": [
          [
            "proton",
            0.0333491583056952
          ],
          [
            "TeV",
            0.024573103088058948
          ],
          [
            "boson",
            0.02440049328158811
          ],
          [
            "CMS",
            0.020731009851138245
          ],
          [
            "proton collisions",
            0.018730399264616594
          ],
          [
            "production",
            0.018460644511741106
          ],
          [
            "mass",
            0.01571181835685954
          ],
          [
            "Higgs",
            0.015168807830993185
          ],
          [
            "standard",
            0.01493498689266053
          ],
          [
            "collisions",
            0.01431359260991915
          ]
        ],
        "count": 441
      },
      "12": {
        "name": "12_axion_dark_dark matter_matter",
        "keywords": [
          [
            "axion",
            0.054337523422505675
          ],
          [
            "dark",
            0.03498670632521279
          ],
          [
            "dark matter",
            0.029589720092470392
          ],
          [
            "matter",
            0.02946416027952329
          ],
          [
            "cavity",
            0.025518808857697944
          ],
          [
            "frequency",
            0.021412448544474445
          ],
          [
            "search",
            0.017502650651357133
          ],
          [
            "photon",
            0.017396956431939406
          ],
          [
            "eV",
            0.016955959957205124
          ],
          [
            "axions",
            0.016936577465130807
          ]
        ],
        "count": 438
      },
      "13": {
        "name": "13_lattice_QCD_form_pion",
        "keywords": [
          [
            "lattice",
            0.02810988456513896
          ],
          [
            "QCD",
            0.019762338097586277
          ],
          [
            "form",
            0.0190671575933832
          ],
          [
            "pion",
            0.018503486459317153
          ],
          [
            "lattice QCD",
            0.014933751177936234
          ],
          [
            "form factors",
            0.013522426687583449
          ],
          [
            "quark",
            0.013381221700722331
          ],
          [
            "factors",
            0.01283502435739076
          ],
          [
            "theory",
            0.012155945124581062
          ],
          [
            "nucleon",
            0.010935747077905216
          ]
        ],
        "count": 410
      },
      "14": {
        "name": "14_Belle_II_decays_branching",
        "keywords": [
          [
            "Belle",
            0.0436498862074914
          ],
          [
            "II",
            0.02578941027819541
          ],
          [
            "decays",
            0.020915780770263
          ],
          [
            "branching",
            0.020598548606159516
          ],
          [
            "Upsilon",
            0.01877372076610201
          ],
          [
            "branching fractions",
            0.012962007801899171
          ],
          [
            "decay",
            0.012756461946859766
          ],
          [
            "data",
            0.012614557474919763
          ],
          [
            "fractions",
            0.012568980784478757
          ],
          [
            "branching fraction",
            0.011620100377259818
          ]
        ],
        "count": 384
      },
      "15": {
        "name": "15_LHCb_decays_decay_proton",
        "keywords": [
          [
            "LHCb",
            0.02985281295375852
          ],
          [
            "decays",
            0.02584961914632951
          ],
          [
            "decay",
            0.019766364593571624
          ],
          [
            "proton",
            0.018799610480326485
          ],
          [
            "integrated",
            0.01630288087284719
          ],
          [
            "LHCb experiment",
            0.01596809554949358
          ],
          [
            "integrated luminosity",
            0.015729371102008272
          ],
          [
            "branching",
            0.015567716551381805
          ],
          [
            "mass",
            0.01485491474207064
          ],
          [
            "luminosity",
            0.014551336181884441
          ]
        ],
        "count": 316
      },
      "16": {
        "name": "16_cosmic_ray_energy_air",
        "keywords": [
          [
            "cosmic",
            0.03342089274393758
          ],
          [
            "ray",
            0.026360654222335522
          ],
          [
            "energy",
            0.02406130545441968
          ],
          [
            "air",
            0.021523364750024095
          ],
          [
            "IceCube",
            0.020086414932564235
          ],
          [
            "cosmic ray",
            0.020020773787752074
          ],
          [
            "showers",
            0.01948483605296227
          ],
          [
            "rays",
            0.018915997861853176
          ],
          [
            "muon",
            0.01837921096019447
          ],
          [
            "shower",
            0.017257172058666365
          ]
        ],
        "count": 283
      },
      "17": {
        "name": "17_decays_new_new physics_observables",
        "keywords": [
          [
            "decays",
            0.025399452104082974
          ],
          [
            "new",
            0.017803977317662614
          ],
          [
            "new physics",
            0.016121469257719505
          ],
          [
            "observables",
            0.016089160647866627
          ],
          [
            "NP",
            0.015366657634798213
          ],
          [
            "CP",
            0.01510664260666768
          ],
          [
            "physics",
            0.014643807374115934
          ],
          [
            "SM",
            0.013099199398889703
          ],
          [
            "Model",
            0.011669461965736537
          ],
          [
            "Standard",
            0.011543955353584776
          ]
        ],
        "count": 260
      },
      "18": {
        "name": "18_JUNO_scintillator_liquid scintillator_neutrino",
        "keywords": [
          [
            "JUNO",
            0.05228922284943485
          ],
          [
            "scintillator",
            0.033803830359149085
          ],
          [
            "liquid scintillator",
            0.02901416023219396
          ],
          [
            "neutrino",
            0.0263494429855882
          ],
          [
            "liquid",
            0.02455217544189267
          ],
          [
            "detector",
            0.023912226774286335
          ],
          [
            "PMTs",
            0.022035028346122677
          ],
          [
            "water",
            0.017938317323519307
          ],
          [
            "Jiangmen",
            0.015657475876881023
          ],
          [
            "energy",
            0.015010554100688012
          ]
        ],
        "count": 164
      },
      "19": {
        "name": "19_argon_liquid argon_liquid_DUNE",
        "keywords": [
          [
            "argon",
            0.04087787179779503
          ],
          [
            "liquid argon",
            0.02754099395855616
          ],
          [
            "liquid",
            0.02514455917505212
          ],
          [
            "DUNE",
            0.024331796952966986
          ],
          [
            "neutrino",
            0.02411973833112967
          ],
          [
            "MicroBooNE",
            0.02237226388506034
          ],
          [
            "LArTPC",
            0.020126396573771042
          ],
          [
            "detector",
            0.019770365003297836
          ],
          [
            "argon time projection",
            0.01607718210837604
          ],
          [
            "argon time",
            0.01607718210837604
          ]
        ],
        "count": 163
      },
      "20": {
        "name": "20_neutrino_nucleus_scattering_nuclear",
        "keywords": [
          [
            "neutrino",
            0.04534781429766569
          ],
          [
            "nucleus",
            0.028578247663502053
          ],
          [
            "scattering",
            0.025873506358890862
          ],
          [
            "nuclear",
            0.024272033562561985
          ],
          [
            "neutrino nucleus",
            0.022353102375377486
          ],
          [
            "reactor",
            0.01774540903512761
          ],
          [
            "nucleus scattering",
            0.015786788914172702
          ],
          [
            "experiments",
            0.013930763749604776
          ],
          [
            "neutrino nucleus scattering",
            0.013825651791352636
          ],
          [
            "cross",
            0.013553716568095342
          ]
        ],
        "count": 140
      },
      "21": {
        "name": "21_CMS_LHC_detector_HL",
        "keywords": [
          [
            "CMS",
            0.060855591111337135
          ],
          [
            "LHC",
            0.03083365860087878
          ],
          [
            "detector",
            0.02054629216342243
          ],
          [
            "HL",
            0.018415719639998992
          ],
          [
            "performance",
            0.016623643316104036
          ],
          [
            "High",
            0.014128551631495732
          ],
          [
            "radiation",
            0.014056297747955505
          ],
          [
            "luminosity",
            0.013286981459889933
          ],
          [
            "Luminosity",
            0.01325462098442968
          ],
          [
            "upgrade",
            0.013048871443679473
          ]
        ],
        "count": 138
      }
    },
    "correlations": [
      [
        1.0,
        -0.6369354983088609,
        -0.7079434121741734,
        -0.6874975632083564,
        -0.2867531456292681,
        -0.6568849855865757,
        -0.6799933983322048,
        -0.26711762039691567,
        -0.7105301893871594,
        -0.6539771698100526,
        -0.7440361064544168,
        -0.5373515063065474,
        -0.6722539669209258,
        -0.6665763801436455,
        -0.6964123954794652,
        -0.6548856631671558,
        -0.7180981346066033,
        -0.3312234575472605,
        -0.7353031380339596,
        -0.7390930074860305,
        -0.6893754305894227,
        -0.4694049511076187
      ],
      [
        -0.6369354983088609,
        1.0,
        -0.7390149327064879,
        -0.7215963442304614,
        -0.676349303427618,
        -0.3624736408540309,
        -0.7322299662681109,
        -0.6535372523995817,
        -0.7352134338647938,
        -0.7070455575357443,
        -0.7253508134045343,
        -0.6964915779239209,
        -0.7314254977411612,
        -0.7187037444896052,
        -0.7335608470967077,
        -0.7162921548995609,
        -0.698998537669785,
        -0.673176144306315,
        -0.7337974076901019,
        -0.7335267528653473,
        -0.7114616072996607,
        -0.6698116449268423
      ],
      [
        -0.7079434121741734,
        -0.7390149327064879,
        1.0,
        -0.7366556747830744,
        -0.7024973567995848,
        -0.7461476640490841,
        -0.7590314263643899,
        -0.7158839530884298,
        -0.5941846201871501,
        -0.7573551204641609,
        -0.7573640181862153,
        -0.7126370505880892,
        -0.7578150893068886,
        -0.6966801301243584,
        -0.6358461416596086,
        -0.6102155724793725,
        -0.7545944357088683,
        -0.6008039268109221,
        -0.7618802760176933,
        -0.7580006219687239,
        -0.7559257216943145,
        -0.7320196443707866
      ],
      [
        -0.6874975632083564,
        -0.7215963442304614,
        -0.7366556747830744,
        1.0,
        -0.6791144213857933,
        -0.7290465744993729,
        -0.7511169247865961,
        -0.5205154169038049,
        -0.6984199739422599,
        -0.7588289377356533,
        -0.7528666993463734,
        -0.48057374388894963,
        -0.7544107622861529,
        -0.7392808193697782,
        -0.7361697068630848,
        -0.6245830415429894,
        -0.737914554721633,
        -0.7300573173604346,
        -0.7505469927314762,
        -0.7586598254454127,
        -0.729239490392642,
        -0.647640835487739
      ],
      [
        -0.2867531456292681,
        -0.676349303427618,
        -0.7024973567995848,
        -0.6791144213857933,
        1.0,
        -0.7126586757443631,
        -0.7154073768977318,
        -0.6409601870546123,
        -0.7101464439217278,
        -0.6990751757894628,
        -0.7369700988383462,
        -0.6433939348287949,
        -0.7074800164864816,
        -0.5112504411880173,
        -0.7170016363252282,
        -0.695814846639887,
        -0.7126492778293385,
        -0.6487989221455723,
        -0.7359473240955465,
        -0.7395203654763292,
        -0.6975791105893356,
        -0.664037205281991
      ],
      [
        -0.6568849855865757,
        -0.3624736408540309,
        -0.7461476640490841,
        -0.7290465744993729,
        -0.7126586757443631,
        1.0,
        -0.730135506148459,
        -0.6856512438499149,
        -0.7432114638054896,
        -0.7098159447104371,
        -0.6025725775639971,
        -0.7162355778598113,
        -0.7273125313220317,
        -0.7306580327434378,
        -0.7401041117939879,
        -0.7330356033289859,
        -0.5961933268188178,
        -0.6676616771391146,
        -0.7270156424833929,
        -0.7298454750378702,
        -0.7147016194189129,
        -0.6385079521513373
      ],
      [
        -0.6799933983322048,
        -0.7322299662681109,
        -0.7590314263643899,
        -0.7511169247865961,
        -0.7154073768977318,
        -0.730135506148459,
        1.0,
        -0.7172167059837581,
        -0.7562294051918225,
        -0.588350923246101,
        -0.7392228946234488,
        -0.7306778967418751,
        0.1653032625217001,
        -0.7416673997584817,
        -0.7465310992408902,
        -0.7491415175836518,
        -0.7071451868060837,
        -0.7165017397350248,
        -0.7174871690953448,
        -0.6770220586231315,
        -0.6792913571885826,
        -0.7355823065410729
      ],
      [
        -0.26711762039691567,
        -0.6535372523995817,
        -0.7158839530884298,
        -0.5205154169038049,
        -0.6409601870546123,
        -0.6856512438499149,
        -0.7172167059837581,
        1.0,
        -0.6969126248465143,
        -0.7157763773387608,
        -0.7443449490828026,
        0.05112712804558741,
        -0.7147888300262978,
        -0.7300183959027879,
        -0.7095771794873383,
        -0.46503137653085513,
        -0.7340839015656948,
        -0.46096908222528743,
        -0.7440561287820766,
        -0.7536310511648687,
        -0.7270703290686207,
        -0.5098059315429397
      ],
      [
        -0.7105301893871594,
        -0.7352134338647938,
        -0.5941846201871501,
        -0.6984199739422599,
        -0.7101464439217278,
        -0.7432114638054896,
        -0.7562294051918225,
        -0.6969126248465143,
        1.0,
        -0.7536805267418358,
        -0.757078470209287,
        -0.6490814950430269,
        -0.748607355581411,
        -0.6945099980152885,
        -0.2818260128026903,
        -0.2998396690127577,
        -0.750826348388689,
        -0.6519252135612403,
        -0.7581336085802034,
        -0.7603293821173631,
        -0.7488348837177098,
        -0.7337480174913159
      ],
      [
        -0.6539771698100526,
        -0.7070455575357443,
        -0.7573551204641609,
        -0.7588289377356533,
        -0.6990751757894628,
        -0.7098159447104371,
        -0.588350923246101,
        -0.7157763773387608,
        -0.7536805267418358,
        1.0,
        -0.7406092082994469,
        -0.7300270242116811,
        -0.6273997044878374,
        -0.7440565876675429,
        -0.7472379404852936,
        -0.7422372037778296,
        -0.6873352195828931,
        -0.6700253392526958,
        -0.6171179258053624,
        -0.6122329931796526,
        -0.246254541105091,
        -0.7405356178200801
      ],
      [
        -0.7440361064544168,
        -0.7253508134045343,
        -0.7573640181862153,
        -0.7528666993463734,
        -0.7369700988383462,
        -0.6025725775639971,
        -0.7392228946234488,
        -0.7443449490828026,
        -0.757078470209287,
        -0.7406092082994469,
        1.0,
        -0.7541191156908631,
        -0.7458418264401339,
        -0.7490750825773926,
        -0.7501213982384882,
        -0.7537012663294669,
        -0.7042241606048933,
        -0.7457458560766924,
        -0.6658271568521997,
        -0.7392290161992319,
        -0.7403225440413062,
        -0.6486810734685831
      ],
      [
        -0.5373515063065474,
        -0.6964915779239209,
        -0.7126370505880892,
        -0.48057374388894963,
        -0.6433939348287949,
        -0.7162355778598113,
        -0.7306778967418751,
        0.05112712804558741,
        -0.6490814950430269,
        -0.7300270242116811,
        -0.7541191156908631,
        1.0,
        -0.7262581244645758,
        -0.7155446344699563,
        -0.6860394606984872,
        -0.32604321265177877,
        -0.7375807067809698,
        -0.6354608881394403,
        -0.750252561769815,
        -0.7562104795021385,
        -0.726687651686432,
        -0.5246003466953514
      ],
      [
        -0.6722539669209258,
        -0.7314254977411612,
        -0.7578150893068886,
        -0.7544107622861529,
        -0.7074800164864816,
        -0.7273125313220317,
        0.1653032625217001,
        -0.7147888300262978,
        -0.748607355581411,
        -0.6273997044878374,
        -0.7458418264401339,
        -0.7262581244645758,
        1.0,
        -0.7390248641642997,
        -0.7358104377601007,
        -0.7409740249205677,
        -0.7220846993730905,
        -0.7074558361328305,
        -0.7299034475450538,
        -0.7156162067371434,
        -0.7078824784611993,
        -0.7358818135518055
      ],
      [
        -0.6665763801436455,
        -0.7187037444896052,
        -0.6966801301243584,
        -0.7392808193697782,
        -0.5112504411880173,
        -0.7306580327434378,
        -0.7416673997584817,
        -0.7300183959027879,
        -0.6945099980152885,
        -0.7440565876675429,
        -0.7490750825773926,
        -0.7155446344699563,
        -0.7390248641642997,
        1.0,
        -0.697583946274476,
        -0.7154972857244313,
        -0.7445274616620663,
        -0.6621581937993961,
        -0.7556294861557069,
        -0.7568046783394813,
        -0.7260021846618439,
        -0.7408308723030199
      ],
      [
        -0.6964123954794652,
        -0.7335608470967077,
        -0.6358461416596086,
        -0.7361697068630848,
        -0.7170016363252282,
        -0.7401041117939879,
        -0.7465310992408902,
        -0.7095771794873383,
        -0.2818260128026903,
        -0.7472379404852936,
        -0.7501213982384882,
        -0.6860394606984872,
        -0.7358104377601007,
        -0.697583946274476,
        1.0,
        -0.3946814310479198,
        -0.7527238845532899,
        -0.5705477166550513,
        -0.7510141923507934,
        -0.7570963961953974,
        -0.7524382184596384,
        -0.7350667813807237
      ],
      [
        -0.6548856631671558,
        -0.7162921548995609,
        -0.6102155724793725,
        -0.6245830415429894,
        -0.695814846639887,
        -0.7330356033289859,
        -0.7491415175836518,
        -0.46503137653085513,
        -0.2998396690127577,
        -0.7422372037778296,
        -0.7537012663294669,
        -0.32604321265177877,
        -0.7409740249205677,
        -0.7154972857244313,
        -0.3946814310479198,
        1.0,
        -0.7534167996462466,
        -0.5337508143972811,
        -0.7475516825536603,
        -0.754718830457455,
        -0.7470801136316374,
        -0.6558453700578504
      ],
      [
        -0.7180981346066033,
        -0.698998537669785,
        -0.7545944357088683,
        -0.737914554721633,
        -0.7126492778293385,
        -0.5961933268188178,
        -0.7071451868060837,
        -0.7340839015656948,
        -0.750826348388689,
        -0.6873352195828931,
        -0.7042241606048933,
        -0.7375807067809698,
        -0.7220846993730905,
        -0.7445274616620663,
        -0.7527238845532899,
        -0.7534167996462466,
        1.0,
        -0.7342762663000193,
        -0.7029885433021315,
        -0.721604163495785,
        -0.712871598965403,
        -0.7334824568016705
      ],
      [
        -0.3312234575472605,
        -0.673176144306315,
        -0.6008039268109221,
        -0.7300573173604346,
        -0.6487989221455723,
        -0.6676616771391146,
        -0.7165017397350248,
        -0.46096908222528743,
        -0.6519252135612403,
        -0.6700253392526958,
        -0.7457458560766924,
        -0.6354608881394403,
        -0.7074558361328305,
        -0.6621581937993961,
        -0.5705477166550513,
        -0.5337508143972811,
        -0.7342762663000193,
        1.0,
        -0.7410869540590419,
        -0.7444450564100309,
        -0.7023665969551207,
        -0.6668952331243729
      ],
      [
        -0.7353031380339596,
        -0.7337974076901019,
        -0.7618802760176933,
        -0.7505469927314762,
        -0.7359473240955465,
        -0.7270156424833929,
        -0.7174871690953448,
        -0.7440561287820766,
        -0.7581336085802034,
        -0.6171179258053624,
        -0.6658271568521997,
        -0.750252561769815,
        -0.7299034475450538,
        -0.7556294861557069,
        -0.7510141923507934,
        -0.7475516825536603,
        -0.7029885433021315,
        -0.7410869540590419,
        1.0,
        -0.6863918312671576,
        -0.6595638736580758,
        -0.7318453107823544
      ],
      [
        -0.7390930074860305,
        -0.7335267528653473,
        -0.7580006219687239,
        -0.7586598254454127,
        -0.7395203654763292,
        -0.7298454750378702,
        -0.6770220586231315,
        -0.7536310511648687,
        -0.7603293821173631,
        -0.6122329931796526,
        -0.7392290161992319,
        -0.7562104795021385,
        -0.7156162067371434,
        -0.7568046783394813,
        -0.7570963961953974,
        -0.754718830457455,
        -0.721604163495785,
        -0.7444450564100309,
        -0.6863918312671576,
        1.0,
        -0.6400419446447448,
        -0.7543346514077018
      ],
      [
        -0.6893754305894227,
        -0.7114616072996607,
        -0.7559257216943145,
        -0.729239490392642,
        -0.6975791105893356,
        -0.7147016194189129,
        -0.6792913571885826,
        -0.7270703290686207,
        -0.7488348837177098,
        -0.246254541105091,
        -0.7403225440413062,
        -0.726687651686432,
        -0.7078824784611993,
        -0.7260021846618439,
        -0.7524382184596384,
        -0.7470801136316374,
        -0.712871598965403,
        -0.7023665969551207,
        -0.6595638736580758,
        -0.6400419446447448,
        1.0,
        -0.7438490062641774
      ],
      [
        -0.4694049511076187,
        -0.6698116449268423,
        -0.7320196443707866,
        -0.647640835487739,
        -0.664037205281991,
        -0.6385079521513373,
        -0.7355823065410729,
        -0.5098059315429397,
        -0.7337480174913159,
        -0.7405356178200801,
        -0.6486810734685831,
        -0.5246003466953514,
        -0.7358818135518055,
        -0.7408308723030199,
        -0.7350667813807237,
        -0.6558453700578504,
        -0.7334824568016705,
        -0.6668952331243729,
        -0.7318453107823544,
        -0.7543346514077018,
        -0.7438490062641774,
        1.0
      ]
    ],
    "series": {
      "2020-01": [
        23,
        13,
        6,
        17,
        6,
        1,
        15,
        5,
        10,
        2,
        1,
        11,
        6,
        5,
        9,
        7,
        11,
        12,
        5,
        4,
        2,
        8
      ],
      "2020-02": [
        26,
        14,
        7,
        21,
        14,
        0,
        17,
        7,
        6,
        8,
        2,
        12,
        6,
        6,
        5,
        3,
        9,
        9,
        11,
        10,
        4,
        15
      ],
      "2020-03": [
        28,
        12,
        11,
        17,
        19,
        6,
        17,
        8,
        7,
        12,
        6,
        16,
        6,
        10,
        7,
        9,
        11,
        10,
        2,
        1,
        6,
        12
      ],
      "2020-04": [
        31,
        14,
        5,
        14,
        15,
        3,
        10,
        15,
        9,
        11,
        3,
        10,
        8,
        7,
        6,
        7,
        6,
        12,
        5,
        3,
        4,
        12
      ],
      "2020-05": [
        28,
        8,
        6,
        28,
        23,
        7,
        14,
        11,
        8,
        12,
        2,
        18,
        3,
        4,
        7,
        6,
        10,
        17,
        13,
        3,
        4,
        15
      ],
      "2020-06": [
        28,
        7,
        9,
        15,
        12,
        1,
        29,
        11,
        8,
        17,
        3,
        11,
        9,
        4,
        6,
        6,
        6,
        18,
        9,
        4,
        6,
        16
      ],
      "2020-07": [
        25,
        12,
        9,
        19,
        18,
        1,
        22,
        14,
        15,
        12,
        2,
        11,
        9,
        7,
        8,
        6,
        7,
        10,
        6,
        9,
        7,
        10
      ],
      "2020-08": [
        32,
        13,
        18,
        17,
        16,
        0,
        20,
        11,
        8,
        16,
        5,
        25,
        8,
        9,
        10,
        5,
        2,
        14,
        6,
        4,
        4,
        12
      ],
      "2020-09": [
        29,
        13,
        6,
        17,
        16,
        2,
        14,
        5,
        11,
        13,
        3,
        19,
        5,
        7,
        10,
        4,
        7,
        10,
        3,
        5,
        8,
        8
      ],
      "2020-10": [
        29,
        12,
        6,
        16,
        16,
        4,
        10,
        14,
        9,
        11,
        7,
        9,
        8,
        8,
        5,
        12,
        12,
        9,
        1,
        8,
        7,
        15
      ],
      "2020-11": [
        27,
        4,
        12,
        18,
        13,
        4,
        19,
        10,
        15,
        6,
        2,
        12,
        8,
        5,
        4,
        9,
        6,
        11,
        12,
        3,
        5,
        9
      ],
      "2020-12": [
        31,
        13,
        16,
        16,
        13,
        4,
        19,
        6,
        19,
        11,
        2,
        22,
        9,
        8,
        11,
        10,
        11,
        23,
        3,
        12,
        6,
        15
      ],
      "2021-01": [
        27,
        5,
        9,
        20,
        14,
        3,
        16,
        7,
        4,
        5,
        0,
        10,
        5,
        4,
        10,
        6,
        8,
        14,
        4,
        3,
        4,
        8
      ],
      "2021-02": [
        25,
        12,
        10,
        6,
        13,
        4,
        11,
        9,
        15,
        3,
        5,
        17,
        7,
        7,
        8,
        4,
        4,
        11,
        5,
        2,
        7,
        10
      ],
      "2021-03": [
        42,
        7,
        7,
        18,
        14,
        2,
        14,
        15,
        12,
        11,
        2,
        10,
        2,
        10,
        5,
        10,
        3,
        17,
        6,
        10,
        3,
        17
      ],
      "2021-04": [
        34,
        9,
        10,
        9,
        10,
        6,
        22,
        5,
        12,
        7,
        1,
        13,
        9,
        4,
        9,
        6,
        6,
        21,
        7,
        4,
        6,
        8
      ],
      "2021-05": [
        37,
        8,
        4,
        19,
        11,
        2,
        23,
        15,
        13,
        11,
        3,
        10,
        10,
        7,
        10,
        10,
        6,
        23,
        3,
        1,
        7,
        16
      ],
      "2021-06": [
        40,
        11,
        7,
        11,
        16,
        5,
        13,
        10,
        11,
        9,
        6,
        8,
        4,
        6,
        15,
        4,
        2,
        15,
        6,
        3,
        6,
        9
      ],
      "2021-07": [
        34,
        6,
        7,
        17,
        21,
        2,
        23,
        13,
        21,
        11,
        6,
        25,
        7,
        11,
        5,
        12,
        21,
        15,
        2,
        6,
        4,
        13
      ],
      "2021-08": [
        28,
        4,
        9,
        20,
        22,
        3,
