{
  "topics": {
    "data": {
      "0": {
        "name": "0_optimization_algorithm_algorithms_problems",
        "keywords": [
          [
            "optimization",
            0.025405335303770628
          ],
          [
            "algorithm",
            0.022958319180110914
          ],
          [
            "algorithms",
            0.02021246414256602
          ],
          [
            "problems",
            0.019684426324044064
          ],
          [
            "problem",
            0.017668988950747696
          ],
          [
            "objective",
            0.01662115925628273
          ],
          [
            "solutions",
            0.01211526084831502
          ],
          [
            "Optimization",
            0.01203659233889522
          ],
          [
            "evolutionary",
            0.011804363052575907
          ],
          [
            "performance",
            0.011426658796194901
          ]
        ],
        "count": 1728
      },
      "1": {
        "name": "1_learning_agents_agent_reinforcement",
        "keywords": [
          [
            "learning",
            0.020980429379424553
          ],
          [
            "agents",
            0.016669726015325417
          ],
          [
            "agent",
            0.014107192886755753
          ],
          [
            "reinforcement",
            0.012837833571287524
          ],
          [
            "RL",
            0.012696774793171332
          ],
          [
            "reinforcement learning",
            0.012683023853257328
          ],
          [
            "policy",
            0.01217625828801907
          ],
          [
            "environments",
            0.010974727814925011
          ],
          [
            "algorithms",
            0.01086210401961204
          ],
          [
            "control",
            0.010765550174553001
          ]
        ],
        "count": 779
      },
      "2": {
        "name": "2_SNNs_Spiking_SNN_spiking",
        "keywords": [
          [
            "SNNs",
            0.03605460050573913
          ],
          [
            "Spiking",
            0.02522480381513593
          ],
          [
            "SNN",
            0.02357613270737594
          ],
          [
            "spiking",
            0.02348100881652873
          ],
          [
            "spike",
            0.018625093817897585
          ],
          [
            "Neural",
            0.016877560172081592
          ],
          [
            "neural",
            0.016856666400069147
          ],
          [
            "networks",
            0.016809291418907295
          ],
          [
            "temporal",
            0.016593417128413192
          ],
          [
            "Networks",
            0.015608013221223373
          ]
        ],
        "count": 504
      },
      "3": {
        "name": "3_neuromorphic_hardware_energy_computing",
        "keywords": [
          [
            "neuromorphic",
            0.03206780947585828
          ],
          [
            "hardware",
            0.025929069263323577
          ],
          [
            "energy",
            0.018439799050848117
          ],
          [
            "computing",
            0.017860366942563443
          ],
          [
            "neural",
            0.015437565443339114
          ],
          [
            "Neuromorphic",
            0.014265559533889308
          ],
          [
            "SNN",
            0.013512653743923015
          ],
          [
            "devices",
            0.012297709201468334
          ],
          [
            "neuron",
            0.012282093470253152
          ],
          [
            "networks",
            0.01216196413269266
          ]
        ],
        "count": 414
      },
      "4": {
        "name": "4_learning_neural_networks_network",
        "keywords": [
          [
            "learning",
            0.025845304559317602
          ],
          [
            "neural",
            0.021737830795436647
          ],
          [
            "networks",
            0.02121997946726547
          ],
          [
            "network",
            0.017052443528043016
          ],
          [
            "brain",
            0.0166232061671359
          ],
          [
            "memory",
            0.015946435157840964
          ],
          [
            "neural networks",
            0.012526203906206209
          ],
          [
            "biological",
            0.012227411738854187
          ],
          [
            "recurrent",
            0.011823127059236544
          ],
          [
            "dynamics",
            0.011115743451748523
          ]
        ],
        "count": 397
      },
      "5": {
        "name": "5_LLM_LLMs_evolutionary_symbolic",
        "keywords": [
          [
            "LLM",
            0.0189343801189919
          ],
          [
            "LLMs",
            0.018700579674103237
          ],
          [
            "evolutionary",
            0.013825145000653394
          ],
          [
            "symbolic",
            0.013695139310476306
          ],
          [
            "search",
            0.013363858714164616
          ],
          [
            "programming",
            0.012418090029933616
          ],
          [
            "regression",
            0.01222057046284362
          ],
          [
            "genetic",
            0.012052299609294121
          ],
          [
            "selection",
            0.01167331089449087
          ],
          [
            "symbolic regression",
            0.011089389877476954
          ]
        ],
        "count": 376
      },
      "6": {
        "name": "6_activation_functions_networks_neural",
        "keywords": [
          [
            "activation",
            0.036759141553694974
          ],
          [
            "functions",
            0.03126728909990551
          ],
          [
            "networks",
            0.029397124678172674
          ],
          [
            "neural",
            0.025911638761551732
          ],
          [
            "function",
            0.023693425105091058
          ],
          [
            "activation functions",
            0.023292478553975877
          ],
          [
            "ReLU",
            0.022200036970964055
          ],
          [
            "neural networks",
            0.02098914801321658
          ],
          [
            "network",
            0.018667032734448873
          ],
          [
            "activation function",
            0.014912802468605435
          ]
        ],
        "count": 356
      },
      "7": {
        "name": "7_adversarial_attacks_data_models",
        "keywords": [
          [
            "adversarial",
            0.03200290727922101
          ],
          [
            "attacks",
            0.021006680986727127
          ],
          [
            "data",
            0.01737184921127641
          ],
          [
            "models",
            0.016586564793122757
          ],
          [
            "attack",
            0.015170550597365707
          ],
          [
            "image",
            0.014950808795720071
          ],
          [
            "model",
            0.013968275358925275
          ],
          [
            "training",
            0.013438686430396498
          ],
          [
            "generative",
            0.012143858747671068
          ],
          [
            "Adversarial",
            0.01202875752342712
          ]
        ],
        "count": 330
      },
      "8": {
        "name": "8_NAS_search_architecture_architectures",
        "keywords": [
          [
            "NAS",
            0.03395519317397671
          ],
          [
            "search",
            0.028164296424924063
          ],
          [
            "architecture",
            0.021386134334510275
          ],
          [
            "architectures",
            0.01840434801661622
          ],
          [
            "Architecture",
            0.017332007188378882
          ],
          [
            "Neural",
            0.016831001051053163
          ],
          [
            "neural",
            0.016209676897940048
          ],
          [
            "Search",
            0.015056524659189378
          ],
          [
            "network",
            0.01448096390507068
          ],
          [
            "performance",
            0.01352001563167874
          ]
        ],
        "count": 329
      },
      "9": {
        "name": "9_pruning_network_training_networks",
        "keywords": [
          [
            "pruning",
            0.030622866253380777
          ],
          [
            "network",
            0.01726674935706737
          ],
          [
            "training",
            0.017169319429993578
          ],
          [
            "networks",
            0.017000857300659224
          ],
          [
            "neural",
            0.015748113549744543
          ],
          [
            "accuracy",
            0.014992402406285072
          ],
          [
            "memory",
            0.014790253685378436
          ],
          [
            "inference",
            0.014282196267236822
          ],
          [
            "performance",
            0.013140085308814173
          ],
          [
            "hardware",
            0.013101434662703618
          ]
        ],
        "count": 218
      },
      "10": {
        "name": "10_neural_equations_PDE_differential",
        "keywords": [
          [
            "neural",
            0.021875800952092826
          ],
          [
            "equations",
            0.021292930618639586
          ],
          [
            "PDE",
            0.017468852435300886
          ],
          [
            "differential",
            0.01639646021602782
          ],
          [
            "PINNs",
            0.015802803595087546
          ],
          [
            "model",
            0.015431046584033561
          ],
          [
            "network",
            0.015010492390291176
          ],
          [
            "differential equations",
            0.014998530345375651
          ],
          [
            "equation",
            0.014274234421369459
          ],
          [
            "Physics",
            0.013725288350551049
          ]
        ],
        "count": 159
      },
      "11": {
        "name": "11_images_medical_data_disease",
        "keywords": [
          [
            "images",
            0.016429152078054766
          ],
          [
            "medical",
            0.01483964527915941
          ],
          [
            "data",
            0.014555532766937341
          ],
          [
            "disease",
            0.013841157298671261
          ],
          [
            "model",
            0.013805388616062663
          ],
          [
            "segmentation",
            0.013608385490865274
          ],
          [
            "deep",
            0.013358027120668829
          ],
          [
            "learning",
            0.01332385032509623
          ],
          [
            "accuracy",
            0.01310337687529582
          ],
          [
            "models",
            0.013035194866649679
          ]
        ],
        "count": 147
      },
      "12": {
        "name": "12_series_data_forecasting_time series",
        "keywords": [
          [
            "series",
            0.026295178170762226
          ],
          [
            "data",
            0.025626429856799308
          ],
          [
            "forecasting",
            0.02522682888621324
          ],
          [
            "time series",
            0.02346630706284734
          ],
          [
            "time",
            0.02118452029635045
          ],
          [
            "model",
            0.018861788353981487
          ],
          [
            "anomaly",
            0.016449619971993717
          ],
          [
            "detection",
            0.015315653589930913
          ],
          [
            "prediction",
            0.01529071337258022
          ],
          [
            "models",
            0.015147457769986689
          ]
        ],
        "count": 147
      },
      "13": {
        "name": "13_reservoir_RC_Reservoir_chaotic",
        "keywords": [
          [
            "reservoir",
            0.06930462856107307
          ],
          [
            "RC",
            0.03713515956177025
          ],
          [
            "Reservoir",
            0.029735898514086718
          ],
          [
            "chaotic",
            0.024493959738729847
          ],
          [
            "reservoir computing",
            0.022389889942403908
          ],
          [
            "time",
            0.022282696882230984
          ],
          [
            "systems",
            0.020953621552461773
          ],
          [
            "computing",
            0.020689606388696307
          ],
          [
            "dynamical",
            0.01972596069678729
          ],
          [
            "series",
            0.019696050925035024
          ]
        ],
        "count": 133
      },
      "14": {
        "name": "14_graph_Graph_graphs_GNNs",
        "keywords": [
          [
            "graph",
            0.08355631407376496
          ],
          [
            "Graph",
            0.03720035912000985
          ],
          [
            "graphs",
            0.02615621598696836
          ],
          [
            "GNNs",
            0.02479697777574137
          ],
          [
            "node",
            0.022819002084284588
          ],
          [
            "learning",
            0.019201440362033834
          ],
          [
            "networks",
            0.018834595440803143
          ],
          [
            "GNN",
            0.017405750167045486
          ],
          [
            "neural",
            0.01735903386101938
          ],
          [
            "graph neural",
            0.016213261533715575
          ]
        ],
        "count": 121
      },
      "15": {
        "name": "15_attention_language_Transformer_models",
        "keywords": [
          [
            "attention",
            0.028156308006384377
          ],
          [
            "language",
            0.026061333231286815
          ],
          [
            "Transformer",
            0.02525827645551536
          ],
          [
            "models",
            0.021090489066392958
          ],
          [
            "Attention",
            0.01596504705675177
          ],
          [
            "Transformers",
            0.015496050511550362
          ],
          [
            "text",
            0.014195749846986603
          ],
          [
            "word",
            0.013919427134718694
          ],
          [
            "model",
            0.013482722342148978
          ],
          [
            "tasks",
            0.012946937154869899
          ]
        ],
        "count": 109
      }
    },
    "correlations": [
      [
        1.0,
        -0.6876671107606086,
        -0.7423246520699698,
        -0.7275077931372513,
        -0.705829597455353,
        -0.7194102267491607,
        -0.6788234804653246,
        -0.7113001763586931,
        -0.6587133332335928,
        -0.7309419038638325,
        -0.7287479616309233,
        -0.6555249504484344,
        -0.6644668223511723,
        -0.7518182150336387,
        -0.7263389222348153,
        -0.7135159623648234
      ],
      [
        -0.6876671107606086,
        1.0,
        -0.7204360959156648,
        -0.7246368959335057,
        -0.5613742021095676,
        -0.7482666939410425,
        -0.7060388052616746,
        -0.7347545126792867,
        -0.714714406525079,
        -0.7205838787342215,
        -0.738549175717872,
        -0.7354726178632474,
        -0.7198661738590751,
        -0.7513020921548204,
        -0.7434645613421633,
        -0.729715081718898
      ],
      [
        -0.7423246520699698,
        -0.7204360959156648,
        1.0,
        -0.09049348021504694,
        -0.4601522364193451,
        -0.7567043805418583,
        -0.4836219896791759,
        -0.701369639160779,
        -0.655909456180326,
        -0.5524621453955302,
        -0.6203715586530627,
        -0.7259063076051396,
        -0.6909780552843318,
        -0.73906763772674,
        -0.6621128384863739,
        -0.705034411298627
      ],
      [
        -0.7275077931372513,
        -0.7246368959335057,
        -0.09049348021504694,
        1.0,
        -0.47440756163440784,
        -0.7551662506647888,
        -0.5043496072746593,
        -0.7064763489989777,
        -0.6225095376542102,
        -0.5270936106360085,
        -0.5516313643905839,
        -0.7226691331609966,
        -0.6909446594692749,
        -0.7287835809548335,
        -0.6675674972848831,
        -0.7042667604993542
      ],
      [
        -0.705829597455353,
        -0.5613742021095676,
        -0.4601522364193451,
        -0.47440756163440784,
        1.0,
        -0.7504174393850127,
        -0.16245650683546375,
        -0.6713847140549514,
        -0.5689516665142929,
        -0.3188512154242354,
        -0.4351443765212116,
        -0.6876723830374378,
        -0.6537572716205603,
        -0.6908605268458358,
        -0.6315317491434813,
        -0.6897734777036044
      ],
      [
        -0.7194102267491607,
        -0.7482666939410425,
        -0.7567043805418583,
        -0.7551662506647888,
        -0.7504174393850127,
        1.0,
        -0.7366475489176221,
        -0.74006719297851,
        -0.7315027331992965,
        -0.7491101542841991,
        -0.7433868770418186,
        -0.746747477465294,
        -0.7411435368158015,
        -0.7590318559492983,
        -0.7505991327272354,
        -0.5516102689779206
      ],
      [
        -0.6788234804653246,
        -0.7060388052616746,
        -0.4836219896791759,
        -0.5043496072746593,
        -0.16245650683546375,
        -0.7366475489176221,
        1.0,
        -0.6691026178216006,
        -0.5687660326601329,
        -0.24880721395784372,
        -0.44359443552680805,
        -0.6910656417716974,
        -0.6757020347203262,
        -0.7161979971994268,
        -0.6385527406181597,
        -0.6959926637811975
      ],
      [
        -0.7113001763586931,
        -0.7347545126792867,
        -0.701369639160779,
        -0.7064763489989777,
        -0.6713847140549514,
        -0.74006719297851,
        -0.6691026178216006,
        1.0,
        -0.7074706119581895,
        -0.6843180106951285,
        -0.700712601062673,
        -0.6935273601133684,
        -0.49996782308746246,
        -0.7485016580023214,
        -0.7348097490741241,
        -0.4653911812095605
      ],
      [
        -0.6587133332335928,
        -0.714714406525079,
        -0.655909456180326,
        -0.6225095376542102,
        -0.5689516665142929,
        -0.7315027331992965,
        -0.5687660326601329,
        -0.7074706119581895,
        1.0,
        -0.5502305324062123,
        -0.5720877830466318,
        -0.7116930668452484,
        -0.6991318487612919,
        -0.7459469009873387,
        -0.6643422904579984,
        -0.717815122755856
      ],
      [
        -0.7309419038638325,
        -0.7205838787342215,
        -0.5524621453955302,
        -0.5270936106360085,
        -0.3188512154242354,
        -0.7491101542841991,
        -0.24880721395784372,
        -0.6843180106951285,
        -0.5502305324062123,
        1.0,
        -0.357504930126992,
        -0.7236984821634048,
        -0.7038427250735801,
        -0.7373311952990869,
        -0.6184678656420101,
        -0.7165805095828922
      ],
      [
        -0.7287479616309233,
        -0.738549175717872,
        -0.6203715586530627,
        -0.5516313643905839,
        -0.4351443765212116,
        -0.7433868770418186,
        -0.44359443552680805,
        -0.700712601062673,
        -0.5720877830466318,
        -0.357504930126992,
        1.0,
        -0.7056296977517393,
        -0.6957236992538058,
        -0.7054700122472706,
        -0.6294495372765383,
        -0.7284066272434433
      ],
      [
        -0.6555249504484344,
        -0.7354726178632474,
        -0.7259063076051396,
        -0.7226691331609966,
        -0.6876723830374378,
        -0.746747477465294,
        -0.6910656417716974,
        -0.6935273601133684,
        -0.7116930668452484,
        -0.7236984821634048,
        -0.7056296977517393,
        1.0,
        -0.6755259821597802,
        -0.7500947999414057,
        -0.7435366763252746,
        -0.7144264175041539
      ],
      [
        -0.6644668223511723,
        -0.7198661738590751,
        -0.6909780552843318,
        -0.6909446594692749,
        -0.6537572716205603,
        -0.7411435368158015,
        -0.6757020347203262,
        -0.49996782308746246,
        -0.6991318487612919,
        -0.7038427250735801,
        -0.6957236992538058,
        -0.6755259821597802,
        1.0,
        -0.5993361448092731,
        -0.7241852823614262,
        -0.6721308173871339
      ],
      [
        -0.7518182150336387,
        -0.7513020921548204,
        -0.73906763772674,
        -0.7287835809548335,
        -0.6908605268458358,
        -0.7590318559492983,
        -0.7161979971994268,
        -0.7485016580023214,
        -0.7459469009873387,
        -0.7373311952990869,
        -0.7054700122472706,
        -0.7500947999414057,
        -0.5993361448092731,
        1.0,
        -0.7513518724408321,
        -0.7504653063693139
      ],
      [
        -0.7263389222348153,
        -0.7434645613421633,
        -0.6621128384863739,
        -0.6675674972848831,
        -0.6315317491434813,
        -0.7505991327272354,
        -0.6385527406181597,
        -0.7348097490741241,
        -0.6643422904579984,
        -0.6184678656420101,
        -0.6294495372765383,
        -0.7435366763252746,
        -0.7241852823614262,
        -0.7513518724408321,
        1.0,
        -0.7320240578593958
      ],
      [
        -0.7135159623648234,
        -0.729715081718898,
        -0.705034411298627,
        -0.7042667604993542,
        -0.6897734777036044,
        -0.5516102689779206,
        -0.6959926637811975,
        -0.4653911812095605,
        -0.717815122755856,
        -0.7165805095828922,
        -0.7284066272434433,
        -0.7144264175041539,
        -0.6721308173871339,
        -0.7504653063693139,
        -0.7320240578593958,
        1.0
      ]
    ],
    "series": {
      "2020-01": [
        32,
        1,
        9,
        1,
        7,
        2,
        22,
        2,
        4,
        4,
        3,
        1,
        10,
        2,
        8,
        5
      ],
      "2020-02": [
        58,
        3,
        8,
        3,
        8,
        0,
        27,
        4,
        6,
        3,
        0,
        2,
        12,
        2,
        9,
        5
      ],
      "2020-03": [
        50,
        9,
        14,
        10,
        5,
        0,
        25,
        8,
        8,
        2,
        2,
        1,
        15,
        2,
        2,
        3
      ],
      "2020-04": [
        70,
        7,
        6,
        4,
        10,
        2,
        24,
        6,
        16,
        2,
        4,
        4,
        15,
        6,
        2,
        8
      ],
      "2020-05": [
        46,
        6,
        9,
        5,
        12,
        2,
        19,
        4,
        14,
        1,
        1,
        6,
        10,
        2,
        5,
        6
      ],
      "2020-06": [
        59,
        6,
        13,
        7,
        26,
        1,
        42,
        7,
        9,
        3,
        0,
        2,
        20,
        6,
        8,
        8
      ],
      "2020-07": [
        48,
        5,
        12,
        4,
        10,
        1,
        20,
        6,
        11,
        4,
        2,
        3,
        12,
        1,
        5,
        4
      ],
      "2020-08": [
        30,
        3,
        5,
        7,
        5,
        0,
        15,
        2,
        9,
        1,
        2,
        0,
        15,
        5,
        4,
        3
      ],
      "2020-09": [
        33,
        4,
        12,
        6,
        4,
        1,
        16,
        3,
        8,
        2,
        3,
        2,
        6,
        4,
        5,
        2
      ],
      "2020-10": [
        56,
        3,
        16,
        2,
        14,
        1,
        30,
        4,
        7,
        4,
        0,
        1,
        13,
        5,
        7,
        7
      ],
      "2020-11": [
        33,
        5,
        10,
        4,
        7,
        0,
        26,
        3,
        11,
        2,
        3,
        2,
        9,
        1,
        4,
        7
      ],
      "2020-12": [
        37,
        1,
        3,
        2,
        8,
        2,
        19,
        6,
        11,
        1,
        3,
        1,
        10,
        5,
        3,
        6
      ],
      "2021-01": [
        33,
        3,
        2,
        1,
        7,
        0,
        18,
        6,
        6,
        2,
        2,
        1,
        12,
        3,
        2,
        4
      ],
      "2021-02": [
        56,
        5,
        14,
        3,
        6,
        3,
        23,
        3,
        4,
        2,
        0,
        0,
        15,
        3,
        6,
        1
      ],
      "2021-03": [
        34,
        6,
        9,
        3,
        8,
        2,
        22,
        5,
        8,
        1,
        2,
        4,
        7,
        3,
        5,
        7
      ],
      "2021-04": [
        56,
        2,
        8,
        5,
        9,
        0,
        10,
        2,
        6,
        0,
        3,
        1,
        10,
        3,
        6,
        6
      ],
      "2021-05": [
        35,
        7,
        13,
        5,
        3,
        0,
        21,
        4,
        7,
        2,
        3,
        2,
        9,
        4,
        5,
        6
      ],
      "2021-06": [
        38,
        7,
        14,
        7,
        13,
        1,
        16,
        6,
        10,
        3,
        3,
        0,
        17,
        1,
        9,
        7
      ],
      "2021-07": [
        33,
        2,
        9,
        4,
        7,
        5,
        16,
        4,
        11,
        0,
        1,
        1,
        7,
        2,
        4,
        2
      ],
      "2021-08": [
        33,
        4,
        7,
        4,
        2,
        4,
        10,
        2,
        8,
        0,
        0,
        3,
        5,
        6,
        6,
        1
      ],
      "2021-09": [
        37,
        3,
        11,
        5,
        6,
        0,
        20,
        6,
        5,
        0,
        1,
        3,
        8,
        1,
        3,
        9
      ],
      "2021-10": [
        51,
        4,
        11,
        2,
        6,
        2,
        8,
        3,
        4,
        0,
        0,
        1,
        13,
        4,
        10,
        5
      ],
      "2021-11": [
        32,
        2,
        10,
        6,
        5,
        1,
        18,
        3,
        8,
        0,
        0,
        1,
        8,
        2,
        6,
        6
      ],
      "2021-12": [
        37,
        2,
        8,
        1,
        2,
        1,
        15,
        4,
        9,
        0,
        1,
        1,
        4,
        3,
        3,
        6
      ],
      "2022-01": [
        43,
        2,
        11,
        2,
        6,
        0,
        10,
        2,
        6,
        3,
        0,
        0,
        15,
        5,
        4,
        1
      ],
      "2022-02": [
        42,
        4,
        10,
        6,
        7,
        2,
        16,
        3,
        8,
        2,
        0,
        3,
        10,
        0,
        1,
        7
      ],
      "2022-03": [
        45,
        6,
        16,
        5,
        7,
        2,
        20,
        3,
        10,
        0,
        0,
        2,
        8,
        2,
        9,
        2
      ],
      "2022-04": [
        61,
        7,
        12,
        4,
        10,
        8,
        20,
        1,
        6,
        1,
        3,
        3,
        18,
        2,
        3,
        3
      ],
      "2022-05": [
        41,
        4,
        21,
        4,
        13,
        3,
        21,
        6,
        7,
        0,
        0,
        0,
        11,
        4,
        8,
        4
      ],
      "2022-06": [
        35,
        8,
        15,
        4,
        12,
        3,
        26,
        2,
        8,
        1,
        0,
        2,
        14,
        5,
        4,
        5
      ],
      "2022-07": [
        29,
        2,
        13,
        5,
        5,
        0,
        14,
        3,
        9,
        2,
        1,
        1,
        6,
        4,
        6,
        1
      ],
      "2022-08": [
        39,
        6,
        9,
        3,
        10,
        1,
        17,
        4,
        3,
        0,
        3,
        1,
        9,
        1,
        7,
        5
      ],
      "2022-09": [
        29,
        5,
        5,
        6,
        7,
        3,
        17,
        4,
        7,
        1,
        3,
        2,
        9,
        2,
        5,
        4
      ],
      "2022-10": [
        43,
        3,
        15,
        3,
        9,
        1,
        19,
        3,
        7,
        1,
        2,
        1,
        13,
        1,
        9,
        7
      ],
      "2022-11": [
        51,
        5,
        18,
        4,
        6,
        0,
        14,
        4,
        8,
        0,
        1,
        0,
        12,
        3,
        5,
        3
      ],
      "2022-12": [
        26,
        2,
        11,
        4,
        10,
        1,
        14,
        0,
        6,
        0,
        3,
        0,
        8,
        3,
        3,
        3
      ],
      "2023-01": [
        28,
        4,
        7,
        5,
        13,
        1,
        14,
        0,
        9,
        0,
        0,
        2,
        3,
        2,
        5,
        4
      ],
      "2023-02": [
        42,
        5,
        16,
        4,
        5,
        3,
        15,
        1,
        11,
        3,
        4,
        0,
        14,
        4,
        10,
        10
      ],
      "2023-03": [
        48,
        9,
        15,
        7,
        5,
        2,
        21,
        3,
        7,
        0,
        0,
        0,
        6,
        1,
        4,
        8
      ],
      "2023-04": [
        51,
        6,
        24,
        5,
        10,
        2,
        25,
        4,
        5,
        2,
        3,
        0,
        7,
        1,
        9,
        3
      ],
      "2023-05": [
        54,
        9,
        27,
        1,
        14,
        5,
        26,
        3,
        13,
        1,
        2,
        2,
        8,
        3,
        10,
        4
      ],
      "2023-06": [
        36,
        6,
        16,
        9,
        7,
        3,
        17,
        1,
        4,
        0,
        1,
        0,
        9,
        3,
        7,
        5
      ],
      "2023-07": [
        24,
        1,
        16,
        2,
        7,
        3,
        11,
        1,
        4,
        1,
        3,
        0,
        10,
        6,
        6,
        7
      ],
      "2023-08": [
        31,
        4,
        19,
        2,
        9,
        1,
        17,
        2,
        6,
        0,
        5,
        1,
        6,
        4,
        3,
        6
      ],
      "2023-09": [
        27,
        3,
        16,
        5,
        12,
        5,
        14,
        3,
        5,
        1,
        2,
        0,
        9,
        2,
        1,
        4
      ],
      "2023-10": [
        36,
        2,
        13,
        11,
        10,
        5,
        14,
        1,
        9,
        0,
        0,
        1,
        16,
        2,
        12,
        7
      ],
      "2023-11": [
        27,
        5,
        19,
        4,
        8,
        1,
        24,
        1,
        7,
        0,
        2,
        0,
        8,
        0,
        4,
        3
      ],
      "2023-12": [
        37,
        4,
        15,
        7,
        11,
        2,
        18,
        4,
        6,
        0,
        4,
        0,
        17,
        7,
        7,
        4
      ],
      "2024-01": [
        57,
        1,
        20,
        7,
        3,
        4,
        17,
        0,
        9,
        0,
        1,
        0,
        10,
        5,
        6,
        7
      ],
      "2024-02": [
        65,
        10,
        21,
        6,
        12,
        11,
        32,
        4,
        5,
        0,
        2,
        2,
        10,
        1,
        5,
        7
      ],
      "2024-03": [
        42,
        1,
        14,
        3,
        5,
        9,
        13,
        2,
        14,
        2,
        0,
        1,
        8,
        4,
        9,
        6
      ],
      "2024-04": [
        63,
        2,
        23,
        7,
        5,
        8,
        11,
        2,
        5,
        0,
        3,
        0,
        10,
        1,
        15,
        5
      ],
      "2024-05": [
        52,
        6,
        17,
        8,
        9,
        7,
        23,
        0,
        7,
        3,
        1,
        1,
        11,
        6,
        12,
        11
      ],
      "2024-06": [
        49,
        2,
        23,
        4,
        7,
        12,
        15,
        3,
        3,
        2,
        6,
        4,
        12,
        9,
        9,
        8
      ],
      "2024-07": [
        42,
        5,
        22,
        8,
        12,
        8,
        15,
        6,
        7,
        1,
        2,
        0,
        12,
        5,
        7,
        4
      ],
      "2024-08": [
        34,
        2,
        22,
        8,
        5,
        3,
        16,
        3,
        4,
        1,
        3,
        2,
        10,
        3,
        5,
        4
      ],
      "2024-09": [
        28,
        2,
        14,
        8,
        10,
        5,
        24,
        2,
        6,
        0,
        1,
        0,
        8,
        1,
        7,
        8
      ],
      "2024-10": [
        49,
        2,
        23,
        3,
        13,
        8,
        21,
        4,
        9,
        1,
        2,
        0,
        11,
        1,
        6,
        6
      ],
      "2024-11": [
        50,
        6,
        22,
        6,
        9,
        4,
        22,
        0,
        6,
        0,
        1,
        1,
        9,
        3,
        6,
        6
      ],
      "2024-12": [
        47,
        1,
        19,
        6,
        5,
        8,
        17,
        2,
        3,
        0,
        1,
        2,
        11,
        1,
        12,
        6
      ],
      "2025-01": [
        60,
        2,
        11,
        5,
        11,
        11,
        11,
        3,
        4,
        1,
        3,
        1,
        8,
        1,
        7,
        3
      ],
      "2025-02": [
        34,
        6,
        18,
        6,
        9,
        6,
        7,
        1,
        3,
        0,
        4,
        1,
        6,
        0,
        6,
        7
      ],
      "2025-03": [
        39,
        5,
        23,
        4,
        8,
        7,
        11,
        0,
        5,
        0,
        4,
        1,
        3,
        3,
        1,
        7
      ],
      "2025-04": [
        50,
        9,
        13,
        2,
        5,
        11,
        14,
        1,
        13,
        0,
        1,
        0,
        4,
        5,
        8,
        5
      ],
      "2025-05": [
        64,
        7,
        26,
        7,
        7,
        12,
        18,
        3,
        9,
        1,
        2,
        0,
        7,
        4,
        6,
        14
      ],
      "2025-06": [
        36,
        5,
        33,
        4,
        6,
        5,
        19,
        5,
        4,
        1,
        0,
        0,
        6,
        4,
        9,
        8
      ],
      "2025-07": [
        39,
        3,
        16,
        7,
        8,
        6,
        18,
        3,
        2,
        0,
        3,
        1,
        9,
        3,
        4,
        6
      ],
      "2025-08": [
        36,
        5,
        20,
        5,
        5,
        5,
        9,
        2,
        7,
        1,
        5,
        0,
        7,
        5,
        5,
        6
      ],
      "2025-09": [
        18,
        0,
        7,
        1,
        2,
        2,
        3,
        2,
        1,
        1,
        1,
        0,
        1,
        0,
        0,
        1
      ]
    },
    "papers": {
      "0": [
        {
          "title": "A Novel Pareto-optimal Ranking Method for Comparing Multi-objective Optimization Algorithms",
          "year": "2024-11",
          "abstract": "As the interest in multi- and many-objective optimization algorithms grows,\nthe performance comparison of these algorithms becomes increasingly important.\nA large number of performance indicators for multi-objective optimization\nalgorithms have been introduced, each of which evaluates these algorithms based\non a certain aspect. Therefore, assessing the quality of multi-objective\nresults using multiple indicators is essential to guarantee that the evaluation\nconsiders all quality perspectives. This paper proposes a novel multi-metric\ncomparison method to rank the performance of multi-/ many-objective\noptimization algorithms based on a set of performance indicators. We utilize\nthe Pareto optimality concept (i.e., non-dominated sorting algorithm) to create\nthe rank levels of algorithms by simultaneously considering multiple\nperformance indicators as criteria/objectives. As a result, four different\ntechniques are proposed to rank algorithms based on their contribution at each\nPareto level. This method allows researchers to utilize a set of existing/newly\ndeveloped performance metrics to adequately assess/rank multi-/many-objective\nalgorithms. The proposed methods are scalable and can accommodate in its\ncomprehensive scheme any newly introduced metric. The method was applied to\nrank 10 competing algorithms in the 2018 CEC competition solving 15\nmany-objective test problems. The Pareto-optimal ranking was conducted based on\n10 well-known multi-objective performance indicators and the results were\ncompared to the final ranks reported by the competition, which were based on\nthe inverted generational distance (IGD) and hypervolume indicator (HV)\nmeasures. The techniques suggested in this paper have broad applications in\nscience and engineering, particularly in areas where multiple metrics are used\nfor comparisons. Examples include machine learning and data mining.",
          "arxiv_id": "2411.17999v1"
        },
        {
          "title": "An Effective and Efficient Evolutionary Algorithm for Many-Objective Optimization",
          "year": "2022-05",
