{
  "topics": {
    "data": {
      "0": {
        "name": "0_equation_solutions_problem_boundary",
        "keywords": [
          [
            "equation",
            0.01824920808410191
          ],
          [
            "solutions",
            0.01588505016031837
          ],
          [
            "problem",
            0.015123651453570664
          ],
          [
            "boundary",
            0.01261447269336311
          ],
          [
            "equations",
            0.011685491107382075
          ],
          [
            "results",
            0.01101412261797117
          ],
          [
            "paper",
            0.010499243524604119
          ],
          [
            "nonlinear",
            0.010066544346130994
          ],
          [
            "type",
            0.010034581279400738
          ],
          [
            "existence",
            0.009744290724595647
          ]
        ],
        "count": 14986
      },
      "1": {
        "name": "1_Stokes_Navier_equations_solutions",
        "keywords": [
          [
            "Stokes",
            0.025848141396543057
          ],
          [
            "Navier",
            0.025587775903433894
          ],
          [
            "equations",
            0.024479631631567546
          ],
          [
            "solutions",
            0.023155986994245308
          ],
          [
            "Euler",
            0.01788769358819003
          ],
          [
            "initial",
            0.01682520731587134
          ],
          [
            "time",
            0.016412035483936972
          ],
          [
            "Stokes equations",
            0.016375622320715048
          ],
          [
            "compressible",
            0.015349174949730107
          ],
          [
            "boundary",
            0.014573360825003254
          ]
        ],
        "count": 2922
      },
      "2": {
        "name": "2_diffusion_model_reaction_population",
        "keywords": [
          [
            "diffusion",
            0.031222039023846314
          ],
          [
            "model",
            0.030210230849653116
          ],
          [
            "reaction",
            0.020727335835125354
          ],
          [
            "population",
            0.017281490522781846
          ],
          [
            "solutions",
            0.016888928548159484
          ],
          [
            "chemotaxis",
            0.015647031629967632
          ],
          [
            "time",
            0.015601956597787962
          ],
          [
            "reaction diffusion",
            0.015601758067138736
          ],
          [
            "existence",
            0.011708707340722237
          ],
          [
            "species",
            0.011676642563683197
          ]
        ],
        "count": 1468
      },
      "3": {
        "name": "3_homogenization_energy_model_convergence",
        "keywords": [
          [
            "homogenization",
            0.02940674875017549
          ],
          [
            "energy",
            0.02201540654606419
          ],
          [
            "model",
            0.020349547750527833
          ],
          [
            "convergence",
            0.01647666705863829
          ],
          [
            "elastic",
            0.01599866326511449
          ],
          [
            "limit",
            0.0141388474996847
          ],
          [
            "periodic",
            0.013468410018677518
          ],
          [
            "scale",
            0.01186913881842809
          ],
          [
            "problem",
            0.011310381080816343
          ],
          [
            "order",
            0.011028899594901123
          ]
        ],
        "count": 986
      },
      "4": {
        "name": "4_Boltzmann_Vlasov_equation_Landau",
        "keywords": [
          [
            "Boltzmann",
            0.053676242696827976
          ],
          [
            "Vlasov",
            0.031988852781255656
          ],
          [
            "equation",
            0.02951372833537801
          ],
          [
            "Landau",
            0.024410926147374886
          ],
          [
            "Poisson",
            0.021771423789965536
          ],
          [
            "time",
            0.01748112986296314
          ],
          [
            "collision",
            0.017332167082475904
          ],
          [
            "solutions",
            0.016301475691179172
          ],
          [
            "cutoff",
            0.014965499067815342
          ],
          [
            "limit",
            0.014814086003507676
          ]
        ],
        "count": 649
      },
      "5": {
        "name": "5_Einstein_wave_spacetime_null",
        "keywords": [
          [
            "Einstein",
            0.034575239909620185
          ],
          [
            "wave",
            0.027349324423591264
          ],
          [
            "spacetime",
            0.02734445843152789
          ],
          [
            "null",
            0.026922073962903432
          ],
          [
            "spacetimes",
            0.02560755999449791
          ],
          [
            "Kerr",
            0.02376935336816825
          ],
          [
            "equations",
            0.023365100815920022
          ],
          [
            "black",
            0.02285102414922473
          ],
          [
            "data",
            0.022688912948658185
          ],
          [
            "solutions",
            0.01901627321937213
          ]
        ],
        "count": 635
      },
      "6": {
        "name": "6_mean field_mean_games_field",
        "keywords": [
          [
            "mean field",
            0.04365561109306249
          ],
          [
            "mean",
            0.03703734340767744
          ],
          [
            "games",
            0.03473209019376467
          ],
          [
            "field",
            0.03409674987048005
          ],
          [
            "control",
            0.030466514409626905
          ],
          [
            "field games",
            0.026660300970078345
          ],
          [
            "mean field games",
            0.025828444032836666
          ],
          [
            "Mean",
            0.02532931014100651
          ],
          [
            "game",
            0.0250323426723852
          ],
          [
            "Field",
            0.02399875143349684
          ]
        ],
        "count": 366
      },
      "7": {
        "name": "7_waves_water_water waves_wave",
        "keywords": [
          [
            "waves",
            0.07051494236570313
          ],
          [
            "water",
            0.06838395842254064
          ],
          [
            "water waves",
            0.03650575373313225
          ],
          [
            "wave",
            0.03196547411689514
          ],
          [
            "gravity",
            0.03184593198941288
          ],
          [
            "surface",
            0.02695058708232342
          ],
          [
            "shallow",
            0.021595596884173195
          ],
          [
            "shallow water",
            0.02063798185289736
          ],
          [
            "depth",
            0.019927332470541546
          ],
          [
            "vorticity",
            0.018029226919550626
          ]
        ],
        "count": 342
      },
      "8": {
        "name": "8_stochastic_noise_Navier_Stokes",
        "keywords": [
          [
            "stochastic",
            0.058915130654824226
          ],
          [
            "noise",
            0.04248414663243032
          ],
          [
            "Navier",
            0.03738676642709041
          ],
          [
            "Stokes",
            0.036318005363279914
          ],
          [
            "equations",
            0.03219908431814775
          ],
          [
            "Stokes equations",
            0.024791782888109865
          ],
          [
            "solutions",
            0.02202143241033744
          ],
          [
            "stochastic Navier",
            0.0170370505138653
          ],
          [
            "solution",
            0.016570396895889336
          ],
          [
            "deterministic",
            0.016301186554331333
          ]
        ],
        "count": 249
      },
      "9": {
        "name": "9_transport_optimal transport_optimal_Wasserstein",
        "keywords": [
          [
            "transport",
            0.039360331862758315
          ],
          [
            "optimal transport",
            0.035280231391049084
          ],
          [
            "optimal",
            0.03503864550239264
          ],
          [
            "Wasserstein",
            0.035004514831085465
          ],
          [
            "cost",
            0.027375318485744923
          ],
          [
            "measures",
            0.021861310708362534
          ],
          [
            "gradient",
            0.020337662433433663
          ],
          [
            "learning",
            0.01870622903157716
          ],
          [
            "graph",
            0.017153306277487533
          ],
          [
            "convergence",
            0.01714179505501091
          ]
        ],
        "count": 238
      },
      "10": {
        "name": "10_stochastic_noise_equations_solutions",
        "keywords": [
          [
            "stochastic",
            0.05249953054559908
          ],
          [
            "noise",
            0.03619372932598996
          ],
          [
            "equations",
            0.026243732892862734
          ],
          [
            "solutions",
            0.017621379775985897
          ],
          [
            "time",
            0.01672848937047497
          ],
          [
            "equation",
            0.01629676640245331
          ],
          [
            "differential",
            0.01575449979091746
          ],
          [
            "existence",
            0.015612420489023856
          ],
          [
            "solution",
            0.015491955585284947
          ],
          [
            "weak",
            0.014928632164735871
          ]
        ],
        "count": 186
      },
      "11": {
        "name": "11_neural_PDEs_learning_networks",
        "keywords": [
          [
            "neural",
            0.04375992118040585
          ],
          [
            "PDEs",
            0.03363977140872733
          ],
          [
            "learning",
            0.03233326296764032
          ],
          [
            "networks",
            0.028462226158000172
          ],
          [
            "neural networks",
            0.028062690195534687
          ],
          [
            "PINNs",
            0.026712892819408637
          ],
          [
            "PDE",
            0.022917931254695056
          ],
          [
            "Neural",
            0.021395412036723196
          ],
          [
            "deep",
            0.021134113125553883
          ],
          [
            "training",
            0.01995694615631423
          ]
        ],
        "count": 184
      }
    },
    "correlations": [
      [
        1.0,
        -0.318428888143938,
        -0.39618612590390967,
        -0.18265371575158432,
        -0.5083768134113539,
        -0.556684929291943,
        -0.6925679266815464,
        -0.6934943352951881,
        -0.663318471673737,
        -0.6667825159731056,
        -0.6533897526681021,
        -0.7181895884585123
      ],
      [
        -0.318428888143938,
        1.0,
        -0.4253883298984119,
        -0.5822655836959225,
        -0.6355869411470579,
        -0.4631981808031175,
        -0.711469440873632,
        -0.7024837322787061,
        -0.229320227826038,
        -0.6933421632617196,
        -0.5946480843298001,
        -0.7149701148436878
      ],
      [
        -0.39618612590390967,
        -0.4253883298984119,
        1.0,
        -0.5109779663514699,
        -0.6781300277998259,
        -0.6650645498056583,
        -0.7082585653189791,
        -0.7021832972778778,
        -0.6923670128890391,
        -0.6817866464155281,
        -0.6570941421622792,
        -0.7131260050353059
      ],
      [
        -0.18265371575158432,
        -0.5822655836959225,
        -0.5109779663514699,
        1.0,
        -0.6421351142008378,
        -0.5811686338780593,
        -0.6930750071418093,
        -0.6945680943417734,
        -0.6637985131696409,
        -0.6638941460057322,
        -0.6499327743109122,
        -0.7271766748162396
      ],
      [
        -0.5083768134113539,
        -0.6355869411470579,
        -0.6781300277998259,
        -0.6421351142008378,
        1.0,
        -0.6587125518123047,
        -0.7193487871646429,
        -0.7236369229154679,
        -0.7117959657100703,
        -0.6882923347926988,
        -0.6761709786318428,
        -0.745733541713471
      ],
      [
        -0.556684929291943,
        -0.4631981808031175,
        -0.6650645498056583,
        -0.5811686338780593,
        -0.6587125518123047,
        1.0,
        -0.7288188865443067,
        -0.6741538969946471,
        -0.6233717385290718,
        -0.7004243895730826,
        -0.5892158998401167,
        -0.7337085106902348
      ],
      [
        -0.6925679266815464,
        -0.711469440873632,
        -0.7082585653189791,
        -0.6930750071418093,
        -0.7193487871646429,
        -0.7288188865443067,
        1.0,
        -0.7522361998126242,
        -0.7133156652137841,
        -0.6889707648884531,
        -0.689263503612523,
        -0.7146057463976689
      ],
      [
        -0.6934943352951881,
        -0.7024837322787061,
        -0.7021832972778778,
        -0.6945680943417734,
        -0.7236369229154679,
        -0.6741538969946471,
        -0.7522361998126242,
        1.0,
        -0.7297950538662372,
        -0.7503867355701564,
        -0.7352175285430296,
        -0.7442215803425115
      ],
      [
        -0.663318471673737,
        -0.229320227826038,
        -0.6923670128890391,
        -0.6637985131696409,
        -0.7117959657100703,
        -0.6233717385290718,
        -0.7133156652137841,
        -0.7297950538662372,
        1.0,
        -0.7243092582326245,
        -0.15269923023474596,
        -0.7079715566520255
      ],
      [
        -0.6667825159731056,
        -0.6933421632617196,
        -0.6817866464155281,
        -0.6638941460057322,
        -0.6882923347926988,
        -0.7004243895730826,
        -0.6889707648884531,
        -0.7503867355701564,
        -0.7243092582326245,
        1.0,
        -0.6775961655736493,
        -0.7237087966039661
      ],
      [
        -0.6533897526681021,
        -0.5946480843298001,
        -0.6570941421622792,
        -0.6499327743109122,
        -0.6761709786318428,
        -0.5892158998401167,
        -0.689263503612523,
        -0.7352175285430296,
        -0.15269923023474596,
        -0.6775961655736493,
        1.0,
        -0.4150073554598565
      ],
      [
        -0.7181895884585123,
        -0.7149701148436878,
        -0.7131260050353059,
        -0.7271766748162396,
        -0.745733541713471,
        -0.7337085106902348,
        -0.7146057463976689,
        -0.7442215803425115,
        -0.7079715566520255,
        -0.7237087966039661,
        -0.4150073554598565,
        1.0
      ]
    ],
    "series": {
      "2020-01": [
        187,
        64,
        18,
        13,
        14,
        16,
        14,
        17,
        10,
        2,
        9,
        6
      ],
      "2020-02": [
        166,
        42,
        18,
        12,
        8,
        22,
        15,
        15,
        20,
        18,
        13,
        8
      ],
      "2020-03": [
        231,
        61,
        27,
        9,
        20,
        21,
        18,
        18,
        14,
        9,
        17,
        10
      ],
      "2020-04": [
        213,
        54,
        36,
        16,
        13,
        24,
        13,
        16,
        16,
        6,
        11,
        11
      ],
      "2020-05": [
        211,
        76,
        33,
        18,
        21,
        22,
        25,
        15,
        10,
        8,
        16,
        12
      ],
      "2020-06": [
        228,
        78,
        27,
        13,
        14,
        20,
        16,
        21,
        14,
        10,
        13,
        15
      ],
      "2020-07": [
        209,
        58,
        28,
        25,
        13,
        22,
        16,
        20,
        17,
        15,
        8,
        7
      ],
      "2020-08": [
        177,
        56,
        19,
        11,
        13,
        26,
        12,
        20,
        16,
        7,
        6,
        6
      ],
      "2020-09": [
        208,
        55,
        27,
        16,
        13,
        17,
        14,
        19,
        16,
        10,
        10,
        4
      ],
      "2020-10": [
        198,
        60,
        27,
        15,
        18,
        33,
        22,
        27,
        10,
        14,
        12,
        6
      ],
      "2020-11": [
        178,
        61,
        26,
        22,
        7,
        19,
        16,
        23,
        17,
        10,
        12,
        8
      ],
      "2020-12": [
        205,
        67,
        29,
        14,
        16,
        21,
        15,
        15,
        14,
        14,
        19,
        9
      ],
      "2021-01": [
        169,
        44,
        32,
        13,
        7,
        20,
        17,
        15,
        17,
        12,
        12,
        7
      ],
      "2021-02": [
        190,
        59,
        18,
        14,
        10,
        18,
        8,
        26,
        10,
        13,
        9,
        4
      ],
      "2021-03": [
        226,
        59,
        29,
        12,
        19,
        23,
        7,
        39,
        10,
        9,
        9,
        7
      ],
      "2021-04": [
        191,
        50,
        23,
        18,
        22,
        27,
        20,
        19,
        14,
        17,
        11,
        10
      ],
      "2021-05": [
        173,
        64,
        27,
        11,
        20,
        23,
        14,
        18,
        19,
        14,
        13,
        7
      ],
      "2021-06": [
        212,
        57,
        22,
        20,
        17,
        21,
        12,
        15,
        14,
        13,
        9,
        10
      ],
      "2021-07": [
        226,
        78,
        26,
        14,
        11,
        21,
        25,
        18,
        12,
        14,
        10,
        9
      ],
      "2021-08": [
        197,
        55,
        21,
        10,
        5,
        22,
        18,
        17,
        13,
        10,
        12,
        10
      ],
      "2021-09": [
        197,
        72,
        22,
        10,
        13,
        21,
        13,
        24,
        20,
        7,
        12,
        8
      ],
      "2021-10": [
        179,
        61,
        24,
        16,
        15,
        18,
        6,
        26,
        17,
        16,
        12,
        4
      ],
      "2021-11": [
        191,
        71,
        21,
        13,
        24,
        22,
        15,
        20,
        23,
        12,
        16,
        19
      ],
      "2021-12": [
        213,
        60,
        20,
        24,
        14,
        30,
        14,
        15,
        15,
        10,
        9,
        11
      ],
      "2022-01": [
        212,
        63,
        22,
        19,
        18,
        26,
        16,
        27,
        18,
        6,
        5,
        8
      ],
      "2022-02": [
        183,
        56,
        23,
        13,
        10,
        22,
        12,
        20,
        11,
        13,
        12,
        4
      ],
      "2022-03": [
        238,
        68,
        18,
        12,
        17,
        38,
        19,
        19,
        17,
        5,
        17,
        6
      ],
      "2022-04": [
        212,
        69,
        22,
        10,
        13,
        24,
        16,
        17,
        13,
        14,
        9,
        14
      ],
      "2022-05": [
        175,
        61,
        21,
        22,
        22,
        22,
        18,
        12,
        12,
        9,
        12,
        8
      ],
      "2022-06": [
        194,
        70,
        18,
        11,
        18,
        18,
        9,
        11,
        12,
        11,
        11,
        14
      ],
      "2022-07": [
        211,
        63,
        22,
        15,
        19,
        14,
        16,
        13,
        21,
        9,
        14,
        10
      ],
      "2022-08": [
        202,
        57,
        14,
        8,
        16,
        15,
        7,
        13,
        14,
        7,
        9,
        12
      ],
      "2022-09": [
        192,
        53,
        17,
        17,
        11,
        20,
        10,
        16,
        17,
        11,
        11,
        9
      ],
      "2022-10": [
        240,
        70,
        18,
        14,
        27,
        23,
        15,
        24,
        12,
        11,
        10,
        5
      ],
      "2022-11": [
        218,
        60,
        19,
        9,
        17,
        26,
        14,
        15,
        12,
        10,
        11,
        10
      ],
      "2022-12": [
        173,
        74,
        23,
        15,
        20,
        27,
        15,
        21,
        16,
        11,
        9,
        9
      ],
      "2023-01": [
        186,
        59,
        25,
        16,
        13,
        17,
        18,
        12,
        14,
        10,
        11,
        9
      ],
      "2023-02": [
        173,
        50,
        23,
        13,
        10,
        28,
        21,
        10,
        9,
        16,
        8,
        10
      ],
      "2023-03": [
        204,
        64,
        27,
        16,
        20,
        27,
        15,
        18,
        18,
        15,
        10,
        10
      ],
      "2023-04": [
        226,
        53,
        22,
        11,
        22,
        20,
        20,
        24,
        13,
        14,
        12,
        11
      ],
      "2023-05": [
        228,
        75,
        19,
        16,
        20,
        19,
        16,
        24,
        18,
        9,
        14,
        14
      ],
      "2023-06": [
        215,
        67,
        20,
        17,
        15,
        22,
        10,
        23,
        14,
        12,
        8,
        8
      ],
      "2023-07": [
        186,
        64,
        29,
        9,
        19,
        17,
        16,
        20,
        16,
        19,
        7,
        13
      ],
      "2023-08": [
        200,
        75,
        19,
        12,
        19,
        20,
        14,
        16,
        15,
        16,
        13,
        9
      ],
      "2023-09": [
        212,
        61,
        21,
        9,
        18,
        20,
        22,
        23,
        9,
        18,
        12,
        12
      ],
      "2023-10": [
        262,
        77,
        22,
        12,
        17,
        19,
        34,
        24,
        14,
        10,
        16,
        20
      ],
      "2023-11": [
        233,
        72,
        21,
        15,
        16,
        14,
        17,
        19,
        17,
        11,
        13,
        8
      ],
      "2023-12": [
        203,
        65,
        21,
        10,
        13,
        25,
        15,
        30,
        13,
        8,
        11,
        7
      ],
      "2024-01": [
        200,
        78,
        24,
        13,
        16,
        26,
        20,
        32,
        17,
        15,
        14,
        22
      ],
      "2024-02": [
        198,
        57,
        21,
        21,
        19,
        29,
        26,
        30,
        26,
        13,
        16,
        11
      ],
      "2024-03": [
        230,
        59,
        35,
        19,
        12,
        18,
        21,
        26,
        11,
        11,
        14,
        12
      ],
      "2024-04": [
        204,
        79,
        20,
        13,
        7,
        13,
        15,
        19,
        12,
        12,
        13,
        7
      ],
      "2024-05": [
        249,
        66,
        28,
        15,
        15,
        15,
        27,
        25,
        16,
        15,
        11,
        9
      ],
      "2024-06": [
        200,
        71,
        27,
        17,
        16,
        16,
        15,
        31,
        13,
        7,
        17,
        12
      ],
      "2024-07": [
        255,
        92,
        23,
        12,
        13,
        32,
        18,
        10,
        32,
        11,
        12,
        10
      ],
      "2024-08": [
        191,
        60,
        28,
        13,
        20,
        25,
        13,
        21,
        20,
        14,
        11,
        11
      ],
      "2024-09": [
        206,
        80,
        36,
        10,
        18,
        24,
        22,
        29,
        23,
        14,
        12,
        12
      ],
      "2024-10": [
        223,
        78,
        26,
        14,
        14,
        24,
        16,
        24,
        22,
        15,
        22,
        10
      ],
      "2024-11": [
        234,
        90,
        28,
        14,
        13,
        21,
        19,
        20,
        24,
        11,
        14,
        11
      ],
      "2024-12": [
        246,
        71,
        30,
        15,
        15,
        28,
        23,
        23,
        22,
        15,
        14,
        17
      ],
      "2025-01": [
        232,
        54,
        28,
        13,
        22,
        32,
        14,
        22,
        22,
        17,
        11,
        17
      ],
      "2025-02": [
        230,
        69,
        24,
        17,
        15,
        26,
        13,
        33,
        12,
        9,
        9,
        9
      ],
      "2025-03": [
        218,
        79,
        26,
        15,
        15,
        25,
        14,
        26,
        19,
        14,
        12,
        15
      ],
      "2025-04": [
        218,
        76,
        34,
        13,
        22,
        26,
        16,
        20,
        19,
        18,
        13,
        14
      ],
      "2025-05": [
        255,
        73,
        19,
        14,
        22,
        28,
        22,
        20,
        16,
        16,
        11,
        18
      ],
      "2025-06": [
        217,
        70,
        21,
        15,
        17,
        20,
        16,
        17,
        15,
        13,
        6,
        17
      ],
      "2025-07": [
        284,
        90,
        34,
        20,
        12,
        28,
        17,
        11,
        27,
        15,
        12,
        16
      ],
      "2025-08": [
        211,
        66,
        18,
        13,
        15,
        26,
        20,
        14,
        23,
        15,
        6,
        9
      ],
      "2025-09": [
        139,
        34,
        17,
        6,
        10,
        16,
        10,
        12,
        8,
        7,
        10,
        10
      ]
    },
    "papers": {
      "0": [
        {
          "title": "Global existence and scattering for the inhomogeneous nonlinear Schrödinger equation",
          "year": "2021-08",
          "abstract": "In this paper we consider the inhomogeneous nonlinear Schr\\\"odinger equation\n$i\\partial_t u +\\Delta u=K(x)|u|^\\alpha u,\\, u(0)=u_0\\in H^s({\\mathbb R}^N),\\,\ns=0,\\,1,$ $N\\geq 1,$ $|K(x)|+|x|^s|\\nabla^sK(x)|\\lesssim |x|^{-b},$\n$0<b<\\min(2,N-2s),$ $0<\\alpha<{(4-2b)/(N-2s)}$. We obtain novel results of\nglobal existence for oscillating initial data and scattering theory in a\nweighted $L^2$-space for a new range $\\alpha_0(b)<\\alpha<(4-2b)/N$. The value\n$\\alpha_0(b)$ is the positive root of $N\\alpha^2+(N-2+2b)\\alpha-4+2b=0,$ which\nextends the Strauss exponent known for $b=0$. Our results improve the known\nones for $K(x)=\\mu|x|^{-b}$, $\\mu\\in \\mathbb{C}$ and apply for more general\npotentials. In particular, we show the impact of the behavior of the potential\nat the origin and infinity on the allowed range of $\\alpha$. Some decay\nestimates are also established for the defocusing case. To prove the scattering\nresults, we give a new criterion taking into account the potential $K$.",
          "arxiv_id": "2108.02583v1"
        },
        {
          "title": "Scattering theory for the defocusing 3d NLS in the exterior of a strictly convex obstacle",
          "year": "2024-12",
          "abstract": "In this paper, we investigate the global well-posedness and scattering theory\nfor the defocusing nonlinear Schr\\\"odinger equation $iu_t + \\Delta_\\Omega u =\n|u|^\\alpha u$ in the exterior domain $\\Omega$ of a smooth, compact and strictly\nconvex obstacle in $\\mathbb{R}^3$. It is conjectured that in Euclidean space,\nif the solution has a prior bound in the critical Sobolev space, that is, $u\n\\in L_t^\\infty(I; \\dot{H}_x^{s_c}(\\mathbb{R}^3))$ with $s_c := \\frac{3}{2} -\n\\frac{2}{\\alpha} \\in (0, \\frac{3}{2})$, then $u$ is global and scatters. In\nthis paper, assuming that this conjecture holds, we prove that if $u$ is a\nsolution to the nonlinear Schr\\\"odinger equation in exterior domain $\\Omega$\nwith Dirichlet boundary condition and satisfies $u \\in L_t^\\infty(I;\n\\dot{H}^{s_c}_D(\\Omega))$ with $s_c \\in \\left[\\frac{1}{2}, \\frac{3}{2}\\right)$,\nthen $u$ is global and scatters.\n  The proof of the main results relies on the\nconcentration-compactness/rigidity argument of Kenig and Merle [Invent. Math.\n{\\bf 166} (2006)]. The main difficulty is to construct minimal counterexamples\nwhen the scaling and translation invariance breakdown on $\\Omega$. To achieve\nthis, two key ingredients are required. First, we adopt the approach of Killip,\nVisan, and Zhang [Amer. J. Math. {\\bf 138} (2016)] to derive the linear profile\ndecomposition for the linear propagator $e^{it\\Delta_\\Omega}$ in\n$\\dot{H}^{s_c}(\\Omega)$. The second ingredient is the embedding of the\nnonlinear profiles. More precisely, we need to demonstrate that nonlinear\nsolutions in the limiting geometries, which exhibit global spacetime bounds,\ncan be embedded back into $\\Omega$. Finally, to rule out the minimal\ncounterexamples, we will establish long-time Strichartz estimates for the\nexterior domain NLS, along with spatially localized and frequency-localized\nMorawetz estimates.",
          "arxiv_id": "2412.13215v3"
        },
        {
          "title": "Elliptic theory in domains with boundaries of mixed dimension",
          "year": "2020-03",
          "abstract": "Take an open domain $\\Omega \\subset \\mathbb R^n$ whose boundary may be\ncomposed of pieces of different dimensions. For instance, $\\Omega$ can be a\nball on $\\mathbb R^3$, minus one of its diameters $D$, or $\\Omega \\subset\n\\mathbb R^3$ could be a so-called saw-tooth domain, with a boundary consisting\nof pieces of 1-dimensional curves intercepted by 2-dimensional spheres. Under\nappropriate geometric assumptions, such as the existence of doubling measures\non $\\Omega$ and $\\partial \\Omega$ with appropriate size conditions, we\nconstruct a class of degenerate elliptic operators $L$ adapted to the geometry,\nand establish key estimates of elliptic theory associated to those operators.\nThis includes boundary Poincar\\'e and Harnack inequalities, maximum principle,\nand H\\\"older continuity of solutions at the boundary. We introduce Hilbert\nspaces naturally associated to the geometry, construct appropriate trace and\nextension operators, and use them to define weak solutions to $Lu=0$. Then we\nprove De Giorgi-Nash-Moser estimates inside $\\Omega$ and on the boundary, solve\nthe Dirichlet problem and thus construct an elliptic measure $\\omega_L$\nassociated to $L$. At last, we introduce Green functions, and use them to prove\na comparison principle. Since our theory emphasizes measures, rather than the\ngeometry per se, the results are new even in the classical setting of a\nhalf-plane $\\mathbb R^2_+$ when the boundary $\\partial \\mathbb R^2_+= \\mathbb\nR$ is equipped with a doubling measure $\\mu$ singular with respect to the\nLebesgue measure on $\\mathbb R$. Finally, the present paper provides a\ngeneralization of the celebrated Caffarelli-Sylvestre extension operator from\nits classical setting of $\\mathbb R^{n+1}_+$ to general open sets, and hence,\nan extension of the concept of fractional Laplacian to Ahlfors regular\nboundaries and beyond.",
          "arxiv_id": "2003.09037v3"
        }
      ],
      "1": [
        {
          "title": "Global existence theorem for the three-dimensional isentropic compressible Navier-Stokes flow in the exterior of a rotating obstacle",
          "year": "2021-12",
          "abstract": "In this paper, we consider the initial-boundary value problem of\nthree-dimensional isentropic compressible Navier-Stokes equations with rotating\neffect terms in an exterior domain with Navier-slip boundary condition and with\nfar-field vacuum. This problem is related to the motion of the compressible\nviscous flow past a rotating obstacle. We establish the global existence and\nuniqueness of classical solutions, provided that the initial mass is small. The\ninitial data and the angular velocity of the obstacle are allowed to have large\noscillations.",
          "arxiv_id": "2112.07920v1"
        },
        {
          "title": "Navier-Stokes equations in a curved thin domain, Part III: thin-film limit",
          "year": "2020-02",
          "abstract": "We consider the Navier-Stokes equations with Navier's slip boundary\nconditions in a three-dimensional curved thin domain around a given closed\nsurface. Under suitable assumptions we show that the average in the thin\ndirection of a strong solution to the bulk Navier-Stokes equations converges\nweakly in appropriate function spaces on the limit surface as the thickness of\nthe thin domain tends to zero. Moreover, we characterize the limit as a weak\nsolution to limit equations, which are the damped and weighted Navier-Stokes\nequations on the limit surface. We also prove the strong convergence of the\naverage of a strong solution to the bulk equations towards a weak solution to\nthe limit equations by showing estimates for the difference between them. In\nsome special case our limit equations agree with the Navier-Stokes equations on\na Riemannian manifold in which the viscous term contains the Ricci curvature.\nThis is the first result on a rigorous derivation of the surface Navier-Stokes\nequations on a general closed surface by the thin-film limit.",
          "arxiv_id": "2002.06350v2"
        },
        {
          "title": "Vanishing Viscosity Limit of the Three-Dimensional Barotropic Compressible Navier-Stokes Equations with Degenerate Viscosities and Far-Field Vacuum",
          "year": "2020-02",
          "abstract": "We are concerned with the inviscid limit of the Navier-Stokes equations to\nthe Euler equations for barotropic compressible fluids in $\\mathbb{R}^3$. When\nthe viscosity coefficients obey a lower power-law of the density (i.e.,\n$\\rho^\\delta$ with $0<\\delta<1$), we identify a quasi-symmetric\nhyperbolic--singular elliptic coupled structure of the Navier-Stokes equations\nto control the behavior of the velocity of the fluids near the vacuum. Then\nthis structure is employed to prove that there exists a unique regular solution\nto the corresponding Cauchy problem with arbitrarily large initial data and\nfar-field vacuum, whose life span is uniformly positive in the vanishing\nviscosity limit. Some uniform estimates on both the local sound speed and the\nvelocity in $H^3(\\mathbb{R}^3)$ with respect to the viscosity coefficients are\nalso obtained, which lead to the strong convergence of the regular solutions of\nthe Navier-Stokes equations with finite mass and energy to the corresponding\nregular solutions of the Euler equations in $L^{\\infty}([0, T]; H^{s}_{\\rm\nloc}(\\mathbb{R}^3))$ for any $s\\in [2, 3)$. As a consequence, we show that, for\nboth viscous and inviscid flows, it is impossible that the $L^\\infty$ norm of\nany global regular solution with vacuum decays to zero asymptotically, as $t$\ntends to infinity. Our framework developed here is applicable to the same\nproblem for the other physical dimensions via some minor modifications.",
          "arxiv_id": "2002.06293v3"
        }
      ],
      "2": [
        {
          "title": "Mathematical treatment of PDE model describing chemotactic E. coli colonies",
          "year": "2020-03",
          "abstract": "We consider an initial-boundary value problem describing the formation of\ncolony patterns of bacteria Escherichia coli. This model consists of\nreaction-diffusion equations coupled with the Keller-Segel system from the\nchemotaxis theory in a bounded domain, supplemented with zero-flux boundary\nconditions and with non-negative initial data. We answer questions on the\nglobal in time existence of solutions as well as on their large time behaviour.\nMoreover, we show that solutions of a related model may blow up in a finite\ntime.",
          "arxiv_id": "2003.06010v2"
        },
        {
          "title": "Reaction-diffusion systems from kinetic models for bacterial communities on a leaf surface",
          "year": "2025-01",
          "abstract": "Many mathematical models for biological phenomena, such as the spread of\ndiseases, are based on reaction-diffusion equations for densities of\ninteracting cell populations. We present a consistent derivation of\nreaction-diffusion equations from systems of suitably rescaled kinetic\nBoltzmann equations for distribution functions of cell populations interacting\nin a host medium. We show at first that the classical diffusive limit of\nkinetic equations leads to linear diffusion terms only. Then, we show possible\nstrategies in order to obtain, from the kinetic level, macroscopic systems with\nnonlinear diffusion and also with cross-diffusion effects. The derivation from\na kinetic description has the advantage of relating reaction and diffusion\ncoefficients to the microscopic parameters of the interactions. We present an\napplication of our approach to the study of the evolution of different\nbacterial populations on a leaf surface. Turing instability properties of the\nrelevant macroscopic systems are investigated by analytical methods and\nnumerical tools, with particular emphasis on pattern formation for varying\nparameters in two-dimensional space domains.",
          "arxiv_id": "2501.17192v1"
        },
        {
          "title": "How reaction-diffusion PDEs approximate the large-population limit of stochastic particle models",
          "year": "2020-09",
