{
  "topics": {
    "data": {
      "0": {
        "name": "0_spaces_operators_Hardy_weighted",
        "keywords": [
          [
            "spaces",
            0.038296229813099394
          ],
          [
            "operators",
            0.028788660791157737
          ],
          [
            "Hardy",
            0.022693100788815427
          ],
          [
            "weighted",
            0.0223205604766865
          ],
          [
            "space",
            0.01953758695636614
          ],
          [
            "operator",
            0.019149522671814787
          ],
          [
            "type",
            0.018702139218168264
          ],
          [
            "maximal",
            0.01600861799977524
          ],
          [
            "boundedness",
            0.015598040816549091
          ],
          [
            "inequalities",
            0.015553339814615312
          ]
        ],
        "count": 928
      },
      "1": {
        "name": "1_solutions_systems_equations_equation",
        "keywords": [
          [
            "solutions",
            0.027708344005821894
          ],
          [
            "systems",
            0.023013800967192927
          ],
          [
            "equations",
            0.02270580287558019
          ],
          [
            "equation",
            0.018404346467897792
          ],
          [
            "differential",
            0.017008772908077677
          ],
          [
            "solution",
            0.014728695734420021
          ],
          [
            "periodic",
            0.014539431482085028
          ],
          [
            "problem",
            0.014161855406001558
          ],
          [
            "time",
            0.013783778804884945
          ],
          [
            "order",
            0.01322829039736756
          ]
        ],
        "count": 781
      },
      "2": {
        "name": "2_functions_hypergeometric_function_series",
        "keywords": [
          [
            "functions",
            0.03741126144351651
          ],
          [
            "hypergeometric",
            0.03687839872799074
          ],
          [
            "function",
            0.03640630018644855
          ],
          [
            "series",
            0.030152346199181976
          ],
          [
            "Bessel",
            0.02151455260932984
          ],
          [
            "integral",
            0.021209226564636786
          ],
          [
            "formula",
            0.018736011640451872
          ],
          [
            "zeta",
            0.016693750198220773
          ],
          [
            "integrals",
            0.01576145906807983
          ],
          [
            "formulas",
            0.015159407279633262
          ]
        ],
        "count": 542
      },
      "3": {
        "name": "3_set_sets_dimension_Hausdorff",
        "keywords": [
          [
            "set",
            0.03227049704457503
          ],
          [
            "sets",
            0.03185531129474529
          ],
          [
            "dimension",
            0.03131833979921543
          ],
          [
            "Hausdorff",
            0.02034515976777837
          ],
          [
            "Hausdorff dimension",
            0.018364220425813274
          ],
          [
            "subset",
            0.016825761375527114
          ],
          [
            "Kakeya",
            0.01658000014129078
          ],
          [
            "conjecture",
            0.014848650924397406
          ],
          [
            "restriction",
            0.014316063365671906
          ],
          [
            "estimates",
            0.013720217616545136
          ]
        ],
        "count": 397
      },
      "4": {
        "name": "4_polynomials_orthogonal_orthogonal polynomials_Jacobi",
        "keywords": [
          [
            "polynomials",
            0.08805933134394399
          ],
          [
            "orthogonal",
            0.06545402934514413
          ],
          [
            "orthogonal polynomials",
            0.05720627609669859
          ],
          [
            "Jacobi",
            0.022996251157963384
          ],
          [
            "recurrence",
            0.020723936529789617
          ],
          [
            "matrix",
            0.020132253705549597
          ],
          [
            "Laguerre",
            0.019073805149507555
          ],
          [
            "multiple",
            0.01867808279600101
          ],
          [
            "type",
            0.01801845835179012
          ],
          [
            "coefficients",
            0.015924826013251243
          ]
        ],
        "count": 365
      },
      "5": {
        "name": "5_equation_equations_solutions_differential",
        "keywords": [
          [
            "equation",
            0.03334895461037889
          ],
          [
            "equations",
            0.03068930774267651
          ],
          [
            "solutions",
            0.02631855110837147
          ],
          [
            "differential",
            0.02477888869188152
          ],
          [
            "monodromy",
            0.016424432698761877
          ],
          [
            "algebraic",
            0.016375410173881468
          ],
          [
            "singularities",
            0.015556113076574287
          ],
          [
            "Painlevé",
            0.013801796813663418
          ],
          [
            "Heun",
            0.013046247058248382
          ],
          [
            "differential equations",
            0.012757484984505954
          ]
        ],
        "count": 298
      },
      "6": {
        "name": "6_transform_sampling_frames_frame",
        "keywords": [
          [
            "transform",
            0.025767243833764313
          ],
          [
            "sampling",
            0.025558295108779317
          ],
          [
            "frames",
            0.02354875211128051
          ],
          [
            "frame",
            0.022212980653682476
          ],
          [
            "functions",
            0.021697059592383463
          ],
          [
            "Fourier",
            0.015925423135491397
          ],
          [
            "space",
            0.014744170676210692
          ],
          [
            "Gabor",
            0.014686642414995631
          ],
          [
            "results",
            0.014137070523052332
          ],
          [
            "transforms",
            0.013380822392288612
          ]
        ],
        "count": 196
      },
      "7": {
        "name": "7_functions_convex_Bernstein_function",
        "keywords": [
          [
            "functions",
            0.0371919601356574
          ],
          [
            "convex",
            0.034561225271731104
          ],
          [
            "Bernstein",
            0.02451921165594807
          ],
          [
            "function",
            0.022941225262404948
          ],
          [
            "inequalities",
            0.02230064089785272
          ],
          [
            "inequality",
            0.02016815072657968
          ],
          [
            "means",
            0.017082958407123133
          ],
          [
            "convexity",
            0.015063429048189747
          ],
          [
            "paper",
            0.01453307482545682
          ],
          [
            "theorem",
            0.013721328908986074
          ]
        ],
        "count": 186
      },
      "8": {
        "name": "8_self_similar_dimension_measures",
        "keywords": [
          [
            "self",
            0.07727307912557915
          ],
          [
            "similar",
            0.047394490745798865
          ],
          [
            "dimension",
            0.047076902211464405
          ],
          [
            "measures",
            0.04430576758672674
          ],
          [
            "Assouad",
            0.03792998826043891
          ],
          [
            "sets",
            0.03745136439020126
          ],
          [
            "affine",
            0.03540790443468356
          ],
          [
            "dimensions",
            0.03401170867877338
          ],
          [
            "self affine",
            0.030536559650758854
          ],
          [
            "similar measures",
            0.024787816736081283
          ]
        ],
        "count": 128
      },
      "9": {
        "name": "9_maximal_spherical_estimates_maximal functions",
        "keywords": [
          [
            "maximal",
            0.0699366826811239
          ],
          [
            "spherical",
            0.0312938926554824
          ],
          [
            "estimates",
            0.027826949562854194
          ],
          [
            "maximal functions",
            0.026303733678533368
          ],
          [
            "operator",
            0.023843427642617508
          ],
          [
            "maximal function",
            0.023524705395715124
          ],
          [
            "operators",
            0.02324856392939941
          ],
          [
            "bounds",
            0.01970203129577185
          ],
          [
            "boundedness",
            0.019188350207823092
          ],
          [
            "maximal operators",
            0.01886432133032292
          ]
        ],
        "count": 128
      },
      "10": {
        "name": "10_estimates_Strichartz_Schrödinger_equation",
        "keywords": [
          [
            "estimates",
            0.04255923221073222
          ],
          [
            "Strichartz",
            0.03015444836668382
          ],
          [
            "Schrödinger",
            0.028913014659734365
          ],
          [
            "equation",
            0.026440954107205705
          ],
          [
            "Strichartz estimates",
            0.021426139761408256
          ],
          [
            "operators",
            0.020411685209119276
          ],
          [
            "wave",
            0.0193803342174892
          ],
          [
            "equations",
            0.019028755199818812
          ],
          [
            "estimate",
            0.017831127510141116
          ],
          [
            "sharp",
            0.01574716290840069
          ]
        ],
        "count": 118
      },
      "11": {
        "name": "11_fractional_derivatives_differential_fractional differential",
        "keywords": [
          [
            "fractional",
            0.12026096303434022
          ],
          [
            "derivatives",
            0.033966827863706
          ],
          [
            "differential",
            0.033550003833882514
          ],
          [
            "fractional differential",
            0.03317438086515217
          ],
          [
            "equations",
            0.03157419846907218
          ],
          [
            "Caputo",
            0.029206041818821925
          ],
          [
            "calculus",
            0.027322788071934483
          ],
          [
            "differential equations",
            0.026182716418797485
          ],
          [
            "fractional derivatives",
            0.02601875360721317
          ],
          [
            "fractional calculus",
            0.02221409698060957
          ]
        ],
        "count": 104
      }
    },
    "correlations": [
      [
        1.0,
        -0.48667847797632147,
        -0.5468283957752539,
        -0.4657159684954867,
        -0.7110002505572101,
        -0.6264983882328639,
        -0.6271926158815899,
        -0.4527727576600867,
        -0.6858328347999001,
        -0.38777161435460195,
        -0.6623908537533532,
        -0.6506713261290551
      ],
      [
        -0.48667847797632147,
        1.0,
        -0.47843135818524024,
        -0.4706627204749693,
        -0.687361180173886,
        0.075373108628937,
        -0.4485116839532942,
        -0.3512686121375913,
        -0.6710559427296096,
        -0.6438815225078279,
        -0.6620089601422394,
        -0.5428052448147164
      ],
      [
        -0.5468283957752539,
        -0.47843135818524024,
        1.0,
        -0.6402414235236754,
        -0.6758058255818125,
        -0.6274747044105493,
        -0.5016753213654364,
        -0.12548971909371004,
        -0.7075608754151061,
        -0.6634545514240298,
        -0.7019590700493088,
        -0.693787026203999
      ],
      [
        -0.4657159684954867,
        -0.4706627204749693,
        -0.6402414235236754,
        1.0,
        -0.6849651343812846,
        -0.4738248710559382,
        -0.4642519790540384,
        -0.520387899477208,
        -0.4292320585124537,
        -0.4525818300271568,
        -0.6647725950644054,
        -0.7222309269104332
      ],
      [
        -0.7110002505572101,
        -0.687361180173886,
        -0.6758058255818125,
        -0.6849651343812846,
        1.0,
        -0.6801073389605556,
        -0.696159243910514,
        -0.6852498748033315,
        -0.7290342713023678,
        -0.7297301408948316,
        -0.7401683330488515,
        -0.7388368998475163
      ],
      [
        -0.6264983882328639,
        0.075373108628937,
        -0.6274747044105493,
        -0.4738248710559382,
        -0.6801073389605556,
        1.0,
        -0.44557920145443525,
        -0.5434447455406398,
        -0.68618301866799,
        -0.6633944364863863,
        -0.6640916692054954,
        -0.5473414466244333
      ],
      [
        -0.6271926158815899,
        -0.4485116839532942,
        -0.5016753213654364,
        -0.4642519790540384,
        -0.696159243910514,
        -0.44557920145443525,
        1.0,
        -0.3912363053726353,
        -0.673029428439649,
        -0.631528702099948,
        -0.6635392658713102,
        -0.7137966118724979
      ],
      [
        -0.4527727576600867,
        -0.3512686121375913,
        -0.12548971909371004,
        -0.520387899477208,
        -0.6852498748033315,
        -0.5434447455406398,
        -0.3912363053726353,
        1.0,
        -0.6803983273895424,
        -0.6248909819255137,
        -0.6749242737525127,
        -0.6880894740193684
      ],
      [
        -0.6858328347999001,
        -0.6710559427296096,
        -0.7075608754151061,
        -0.4292320585124537,
        -0.7290342713023678,
        -0.68618301866799,
        -0.673029428439649,
        -0.6803983273895424,
        1.0,
        -0.699587137554827,
        -0.7138731980713251,
        -0.7372599727084496
      ],
      [
        -0.38777161435460195,
        -0.6438815225078279,
        -0.6634545514240298,
        -0.4525818300271568,
        -0.7297301408948316,
        -0.6633944364863863,
        -0.631528702099948,
        -0.6248909819255137,
        -0.699587137554827,
        1.0,
        -0.5414497792045068,
        -0.6874393589242576
      ],
      [
        -0.6623908537533532,
        -0.6620089601422394,
        -0.7019590700493088,
        -0.6647725950644054,
        -0.7401683330488515,
        -0.6640916692054954,
        -0.6635392658713102,
        -0.6749242737525127,
        -0.7138731980713251,
        -0.5414497792045068,
        1.0,
        -0.7008996785512329
      ],
      [
        -0.6506713261290551,
        -0.5428052448147164,
        -0.693787026203999,
        -0.7222309269104332,
        -0.7388368998475163,
        -0.5473414466244333,
        -0.7137966118724979,
        -0.6880894740193684,
        -0.7372599727084496,
        -0.6874393589242576,
        -0.7008996785512329,
        1.0
      ]
    ],
    "series": {
      "2020-01": [
        26,
        6,
        15,
        17,
        11,
        13,
        5,
        7,
        5,
        3,
        4,
        3
      ],
      "2020-02": [
        21,
        5,
        12,
        18,
        13,
        4,
        5,
        8,
        8,
        2,
        5,
        11
      ],
      "2020-03": [
        36,
        12,
        12,
        17,
        5,
        6,
        1,
        4,
        1,
        8,
        1,
        9
      ],
      "2020-04": [
        24,
        5,
        5,
        16,
        14,
        9,
        2,
        6,
        9,
        4,
        5,
        4
      ],
      "2020-05": [
        28,
        16,
        18,
        18,
        10,
        17,
        5,
        7,
        7,
        5,
        5,
        4
      ],
      "2020-06": [
        25,
        8,
        17,
        22,
        22,
        8,
        3,
        9,
        7,
        8,
        7,
        12
      ],
      "2020-07": [
        25,
        8,
        12,
        19,
        12,
        9,
        6,
        8,
        7,
        4,
        1,
        10
      ],
      "2020-08": [
        19,
        5,
        15,
        20,
        17,
        5,
        4,
        8,
        4,
        4,
        6,
        8
      ],
      "2020-09": [
        23,
        9,
        11,
        26,
        15,
        9,
        4,
        8,
        4,
        9,
        1,
        4
      ],
      "2020-10": [
        26,
        11,
        8,
        15,
        11,
        14,
        1,
        6,
        2,
        7,
        8,
        3
      ],
      "2020-11": [
        34,
        10,
        13,
        16,
        15,
        4,
        1,
        8,
        5,
        5,
        5,
        5
      ],
      "2020-12": [
        24,
        8,
        14,
        25,
        17,
        9,
        3,
        4,
        7,
        5,
        8,
        12
      ],
      "2021-01": [
        27,
        9,
        18,
        13,
        14,
        9,
        1,
        1,
        4,
        7,
        2,
        9
      ],
      "2021-02": [
        15,
        7,
        10,
        15,
        2,
        7,
        0,
        4,
        6,
        6,
        8,
        5
      ],
      "2021-03": [
        28,
        7,
        8,
        14,
        12,
        7,
        4,
        7,
        6,
        5,
        6,
        5
      ],
      "2021-04": [
        26,
        5,
        16,
        17,
        15,
        3,
        0,
        3,
        4,
        5,
        2,
        5
      ],
      "2021-05": [
        18,
        5,
        27,
        10,
        11,
        3,
        1,
        4,
        6,
        7,
        3,
        6
      ],
      "2021-06": [
        21,
        10,
        7,
        16,
        14,
        13,
        3,
        6,
        3,
        4,
        5,
        3
      ],
      "2021-07": [
        27,
        12,
        11,
        24,
        18,
        7,
        4,
        2,
        6,
        4,
        3,
        10
      ],
      "2021-08": [
        14,
        7,
        15,
        13,
        13,
        4,
        4,
        4,
        5,
        6,
        4,
        11
      ],
      "2021-09": [
        32,
        6,
        8,
        17,
        9,
        12,
        2,
        9,
        11,
        6,
        5,
        4
      ],
      "2021-10": [
        19,
        5,
        13,
        18,
        10,
        6,
        1,
        9,
        2,
        7,
        6,
        7
      ],
      "2021-11": [
        16,
        4,
        13,
        17,
        8,
        11,
        3,
        3,
        4,
        5,
        4,
        6
      ],
      "2021-12": [
        22,
        10,
        15,
        21,
        15,
        10,
        3,
        9,
        5,
        7,
        5,
        7
      ],
      "2022-01": [
        24,
        8,
        13,
        12,
        8,
        15,
        1,
        5,
        2,
        6,
        4,
        7
      ],
      "2022-02": [
        27,
        6,
        14,
        12,
        12,
        7,
        4,
        5,
        2,
        5,
        5,
        6
      ],
      "2022-03": [
        36,
        12,
        15,
        24,
        14,
        10,
        3,
        10,
        7,
        7,
        3,
        5
      ],
      "2022-04": [
        31,
        2,
        13,
        14,
        9,
        8,
        3,
        4,
        2,
        9,
        3,
        4
      ],
      "2022-05": [
        27,
        10,
        12,
        21,
        5,
        19,
        2,
        1,
        3,
        5,
        7,
        6
      ],
      "2022-06": [
        22,
        3,
        7,
        16,
        12,
        13,
        2,
        2,
        8,
        2,
        1,
        5
      ],
      "2022-07": [
        21,
        2,
        16,
        14,
        7,
        7,
        1,
        7,
        4,
        5,
        4,
        3
      ],
      "2022-08": [
        21,
        5,
        13,
        21,
        10,
        7,
        4,
        3,
        3,
        4,
        4,
        3
      ],
      "2022-09": [
        29,
        6,
        10,
        18,
        21,
        8,
        2,
        3,
        9,
        5,
        4,
        4
      ],
      "2022-10": [
        24,
        9,
        11,
        28,
        19,
        6,
        0,
        3,
        8,
        11,
        5,
        8
      ],
      "2022-11": [
        23,
        8,
        11,
        20,
        10,
        9,
        3,
        7,
        6,
        5,
        5,
        3
      ],
      "2022-12": [
        18,
        7,
        10,
        16,
        11,
        10,
        1,
        9,
        2,
        5,
        5,
        7
      ],
      "2023-01": [
        17,
        8,
        8,
        17,
        12,
        12,
        7,
        4,
        6,
        4,
        4,
        2
      ],
      "2023-02": [
        20,
        10,
        10,
        12,
        14,
        7,
        1,
        3,
        3,
        6,
        4,
        3
      ],
      "2023-03": [
        16,
        12,
        16,
        13,
        11,
        8,
        0,
        5,
        4,
        5,
        5,
        4
      ],
      "2023-04": [
        22,
        5,
        14,
        24,
        8,
        11,
        1,
        6,
        3,
        5,
        5,
        6
      ],
      "2023-05": [
        19,
        3,
        10,
        19,
        14,
        8,
        1,
        9,
        6,
        20,
        1,
        3
      ],
      "2023-06": [
        36,
        5,
        14,
        16,
        8,
        7,
        3,
        4,
        2,
        7,
        8,
        2
      ],
      "2023-07": [
        29,
        7,
        13,
        23,
        18,
        12,
        0,
        7,
        3,
        6,
        4,
        4
      ],
      "2023-08": [
        21,
        3,
        10,
        12,
        15,
        9,
        4,
        3,
        8,
        8,
        3,
        4
      ],
      "2023-09": [
        30,
        10,
        10,
        24,
        8,
        9,
        4,
        5,
        8,
        6,
        5,
        6
      ],
      "2023-10": [
        24,
        6,
        13,
        16,
        14,
        8,
        2,
        5,
        2,
        6,
        1,
        6
      ],
      "2023-11": [
        29,
        8,
        10,
        26,
        14,
        3,
        5,
        4,
        5,
        6,
        5,
        4
      ],
      "2023-12": [
        34,
        8,
        9,
        19,
        14,
        7,
        2,
        10,
        4,
        6,
        4,
        7
      ],
      "2024-01": [
        21,
        7,
        15,
        17,
        6,
        9,
        1,
        6,
        10,
        7,
        2,
        5
      ],
      "2024-02": [
        26,
        5,
        19,
        19,
        16,
        11,
        3,
        5,
        2,
        8,
        8,
        4
      ],
      "2024-03": [
        27,
        7,
        12,
        16,
        10,
        11,
        3,
        6,
        3,
        4,
        4,
        5
      ],
      "2024-04": [
        26,
        5,
        15,
        17,
        13,
        7,
        3,
        1,
        2,
        4,
        8,
        2
      ],
      "2024-05": [
        28,
        10,
        19,
        18,
        11,
        6,
        3,
        3,
        4,
        4,
        4,
        2
      ],
      "2024-06": [
        24,
        6,
        9,
        23,
        8,
        7,
        3,
        2,
        4,
        8,
        4,
        6
      ],
      "2024-07": [
        38,
        10,
        7,
        24,
        13,
        12,
        2,
        12,
        6,
        8,
        7,
        3
      ],
      "2024-08": [
        20,
        10,
        10,
        15,
        8,
        7,
        2,
        1,
        0,
        6,
        5,
        5
      ],
      "2024-09": [
        25,
        7,
        8,
        18,
        16,
        9,
        4,
        3,
        7,
        4,
        6,
        4
      ],
      "2024-10": [
        28,
        12,
        16,
        24,
        13,
        13,
        5,
        7,
        5,
        8,
        2,
        3
      ],
      "2024-11": [
        27,
        4,
        14,
        21,
        14,
        5,
        4,
        7,
        5,
        8,
        4,
        3
      ],
      "2024-12": [
        36,
        8,
        18,
        17,
        16,
        13,
        5,
        10,
        8,
        5,
        4,
        6
      ],
      "2025-01": [
        29,
        9,
        18,
        17,
        14,
        7,
        5,
        3,
        7,
        10,
        5,
        2
      ],
      "2025-02": [
        28,
        8,
        15,
        18,
        12,
        10,
        4,
        3,
        9,
        10,
        8,
        5
      ],
      "2025-03": [
        21,
        6,
        9,
        25,
        18,
        13,
        6,
        3,
        5,
        7,
        8,
        8
      ],
      "2025-04": [
        28,
        9,
        12,
        9,
        9,
        9,
        5,
        4,
        4,
        6,
        1,
        5
      ],
      "2025-05": [
        35,
        2,
        10,
        20,
        9,
        5,
        4,
        5,
        7,
        3,
        11,
        3
      ],
      "2025-06": [
        26,
        2,
        9,
        19,
        8,
        8,
        5,
        1,
        9,
        6,
        7,
        3
      ],
      "2025-07": [
        21,
        7,
        14,
        20,
        20,
        2,
        3,
        5,
        8,
        6,
        4,
        2
      ],
      "2025-08": [
        36,
        3,
        17,
        19,
        18,
        9,
        1,
        5,
        8,
        6,
        4,
        7
      ],
      "2025-09": [
        21,
        6,
        4,
        17,
        8,
        11,
        3,
        3,
        4,
        2,
        5,
        3
      ]
    },
    "papers": {
      "0": [
        {
          "title": "Boundedness of Fractional Integrals on Hardy Spaces Associated with Ball Quasi-Banach Function Spaces",
          "year": "2022-06",
          "abstract": "Let $X$ be a ball quasi-Banach function space on ${\\mathbb R}^n$ and\n$H_X({\\mathbb R}^n)$ the Hardy space associated with $X$, and let\n$\\alpha\\in(0,n)$ and $\\beta\\in(1,\\infty)$. In this article, assuming that the\n(powered) Hardy--Littlewood maximal operator satisfies the Fefferman--Stein\nvector-valued maximal inequality on $X$ and is bounded on the associate space\nof $X$, the authors prove that the fractional integral $I_{\\alpha}$ can be\nextended to a bounded linear operator from $H_X({\\mathbb R}^n)$ to\n$H_{X^{\\beta}}({\\mathbb R}^n)$ if and only if there exists a positive constant\n$C$ such that, for any ball $B\\subset \\mathbb{R}^n$,\n$|B|^{\\frac{\\alpha}{n}}\\leq C \\|\\mathbf{1}_B\\|_X^{\\frac{\\beta-1}{\\beta}}$,\nwhere $X^{\\beta}$ denotes the $\\beta$-convexification of $X$. Moreover, under\nsome different reasonable assumptions on both $X$ and another ball quasi-Banach\nfunction space $Y$, the authors also consider the mapping property of\n$I_{\\alpha}$ from $H_X({\\mathbb R}^n)$ to $H_Y({\\mathbb R}^n)$ via using the\nextrapolation theorem. All these results have a wide range of applications.\nParticularly, when these are applied, respectively, to Morrey spaces,\nmixed-norm Lebesgue spaces, local generalized Herz spaces, and mixed-norm Herz\nspaces, all these results are new. The proofs of these theorems strongly depend\non atomic and molecular characterizations of $H_X({\\mathbb R}^n)$.",
          "arxiv_id": "2206.06080v1"
        },
        {
          "title": "Boundedness of Calderón--Zygmund operators on ball Campanato-type function spaces",
          "year": "2022-08",
          "abstract": "Let $X$ be a ball quasi-Banach function space on ${\\mathbb R}^n$ satisfying\nsome mild assumptions. In this article, the authors first find a reasonable\nversion $\\widetilde{T}$ of the Calder\\'on--Zygmund operator $T$ on the ball\nCampanato-type function space $\\mathcal{L}_{X,q,s,d}(\\mathbb{R}^n)$ with\n$q\\in[1,\\infty)$, $s\\in\\mathbb{Z}_+^n$, and $d\\in(0,\\infty)$. Then the authors\nprove that $\\widetilde{T}$ is bounded on $\\mathcal{L}_{X,q,s,d}(\\mathbb{R}^n)$\nif and only if, for any $\\gamma\\in\\mathbb{Z}^n_+$ with $|\\gamma|\\leq s$,\n$T^*(x^{\\gamma})=0$, which is hence sharp. Moreover, $\\widetilde{T}$ is proved\nto be the adjoint operator of $T$, which further strengthens the rationality of\nthe definition of $\\widetilde{T}$. All these results have a wide range of\napplications. In particular, even when they are applied, respectively, to\nweighted Lebesgue spaces, variable Lebesgue spaces, Orlicz spaces, Orlicz-slice\nspaces, Morrey spaces, mixed-norm Lebesgue spaces, local generalized Herz\nspaces, and mixed-norm Herz spaces, all the obtained results are new. The\nproofs of these results strongly depend on the properties of the kernel of $T$\nunder consideration and also on the dual theorem on\n$\\mathcal{L}_{X,q,s,d}(\\mathbb{R}^n)$.",
          "arxiv_id": "2208.06266v1"
        },
        {
          "title": "A class of multilinear bounded oscillation operators on measure spaces and applications",
          "year": "2022-10",
          "abstract": "In this paper, we develop a comprehensive weighted theory for a class of\nBanach-valued multilinear bounded oscillation operators on measure spaces,\nwhich merges multilinear Calder\\'{o}n-Zygmund operators with a quantity of\noperators beyond the multilinear Calder\\'{o}n-Zygmund theory. We prove that\nsuch multilinear operators and corresponding commutators are locally pointwise\ndominated by two sparse dyadic operators, respectively. We also establish three\nkinds of typical estimates: local exponential decay estimates, mixed weak type\nestimates, and sharp weighted norm inequalities. Beyond that, based on Rubio de\nFrancia extrapolation for abstract multilinear compact operators, we obtain\nweighted compactness for commutators of specific multilinear operators on\nspaces of homogeneous type. A compact extrapolation allows us to get full range\nof exponents, while weighted interpolation for multilinear compact operators is\ncrucial to the compact extrapolation. These are due to a weighted\nFr\\'{e}chet-Kolmogorov theorem in the quasi-Banach range, which gives a\ncharacterization of relative compactness of subsets in weighted Lebesgue\nspaces. As applications, we illustrate multilinear bounded oscillation\noperators with examples including multilinear Hardy-Littlewood maximal\noperators on measure spaces, multilinear $\\omega$-Calder\\'{o}n-Zygmund\noperators on spaces of homogeneous type, multilinear Littlewood-Paley square\noperators, multilinear Fourier integral operators, higher order Calder\\'{o}n\ncommutators, maximally modulated multilinear singular integrals, and\n$q$-variation of $\\omega$-Calder\\'{o}n-Zygmund operators.",
          "arxiv_id": "2210.09684v3"
        }
      ],
      "1": [
        {
          "title": "Fundamental solutions for parabolic equations and systems: universal existence, uniqueness, representation",
          "year": "2024-12",
          "abstract": "In this paper, we develop a universal, conceptually simple and systematic\nmethod to prove well-posedness to Cauchy problems for weak solutions of\nparabolic equations with non-smooth, time-dependent, elliptic part having a\nvariational definition. Our classes of weak solutions are taken with minimal\nassumptions. We prove the existence and uniqueness of a fundamental solution\nwhich seems new in this generality: it is shown to always coincide with the\nassociated evolution family for the initial value problem with zero source and\nit yields representation of all weak solutions. Our strategy is a variational\napproach avoiding density arguments, a priori regularity of weak solutions or\nregularization by smooth operators. One of our main tools are embedding results\nwhich yield time continuity of our weak solutions going beyond the celebrated\nLions regularity theorem and that is addressing a variety of source terms. We\nillustrate our results with three concrete applications : second order\nuniformly elliptic part with Dirichlet boundary condition on domains,\nintegro-differential elliptic part, and second order degenerate elliptic part.",
          "arxiv_id": "2412.18436v3"
        },
        {
          "title": "Periodic perturbations of a class of scalar second order functional differential equations",
          "year": "2022-05",
          "abstract": "We study, by means of a topological approach, the forced oscillations of\nsecond order functional retarded differential equations subject to periodic\nperturbations. We consider a delay-type functional dependence involving a gamma\nprobability distribution. By a linear chain trick we obtain a first order\nsystem of ODE's whose $T$-periodic solutions correspond to those of the\nfunctional equation.",
          "arxiv_id": "2205.12758v2"
        },
        {
          "title": "Parameterization method for state-dependent delay perturbation of an ordinary differential equation",
          "year": "2020-05",
          "abstract": "We consider state-dependent delay equations (SDDE) obtained by adding delays\nto a planar ordinary differential equation with a limit cycle. These situations\nappear in models of several physical processes, where small delay effects are\nadded. Even if the delays are small, they are very singular perturbations since\nthe natural phase space of an SDDE is an infinite dimensional space.\n  We show that the SDDE admits solutions which resemble the solutions of the\nODE. That is, there exist a periodic solution and a two parameter family of\nsolutions whose evolution converges to the periodic solution. Even if the phase\nspace of the SDDE is naturally a space of functions, we show that there are\ninitial values which lead to solutions similar to that of the ODE.\n  The method of proof bypasses the theory of existence, uniqueness, dependence\non parameters of SDDE. We consider the class of functions of time that have a\nwell defined behavior (e.g. periodic, or asymptotic to periodic) and derive a\nfunctional equation which imposes that they are solutions of the SDDE. These\nfunctional equations are studied using methods of functional analysis. We\nprovide a result in \"a posteriori\" format: Given an approximate solution of the\nfunctional equation, which has some good condition numbers, we prove that there\nis true solution close to the approximate one. Thus, we can use the result to\nvalidate the results of numerical computations. The method of proof leads also\nto practical algorithms. In a companion paper, we present the implementation\ndetails and representative results.\n  One feature of the method presented here is that it allows to obtain smooth\ndependence on parameters for the periodic solutions and their slow stable\nmanifolds without studying the smoothness of the flow (which seems to be\nproblematic for SDDEs, for now the optimal result on smoothness of the flow is\n$C^1$).",
          "arxiv_id": "2005.06084v1"
        }
      ],
      "2": [
        {
          "title": "On the Stieltjes constants and gamma functions with respect to alternating Hurwitz zeta functions",
          "year": "2021-06",
          "abstract": "Dating back to Euler, in classical analysis and number theory, the Hurwitz\nzeta function $$ \\zeta(z,q)=\\sum_{n=0}^{\\infty}\\frac{1}{(n+q)^{z}}, $$ the\nRiemann zeta function $\\zeta(z)$, the generalized Stieltjes constants\n$\\gamma_k(q)$, the Euler constant $\\gamma$, Euler's gamma function $\\Gamma(q)$\nand the digamma function $\\psi(q)$ have many close connections on their\ndefinitions and properties. There are also many integrals, series or infinite\nproduct representations of them along the history.\n  In this note, we try to provide a parallel story for the alternating Hurwitz\nzeta function (also known as the Hurwitz-type Euler zeta function)\n$$\\zeta_{E}(z,q)=\\sum_{n=0}^\\infty\\frac{(-1)^{n}}{(n+q)^{z}},$$ the alternating\nzeta function $\\zeta_{E}(z)$ (also known as the Dirichlet's eta function\n$\\eta(z)$), the modified Stieltjes constants $\\tilde\\gamma_k(q)$, the modified\nEuler constant $\\tilde\\gamma_{0}$, the modified gamma function\n$\\tilde\\Gamma(q)$ and the modified digamma function $\\tilde\\psi(q)$ (also known\nas the Nielsen's $\\beta$ function). Many new integrals, series or infinite\nproduct representations of these constants and special functions have been\nfound. By the way, we also get two new series expansions of $\\pi:$\n\\begin{equation*} \\frac{\\pi^2}{12}=\\frac34-\\sum_{k=1}^\\infty(\\zeta_E(2k+2)-1)\n\\end{equation*} and \\begin{equation*} \\frac{\\pi}{2}=\n\\log2+2\\sum_{k=1}^\\infty\\frac{(-1)^k}{k!}\\tilde\\gamma_k(1)\\sum_{j=0}^kS(k,j)j!.\n\\end{equation*}",
          "arxiv_id": "2106.14674v4"
        },
        {
          "title": "Two General Series Identities Involving Modified Bessel Functions and a Class of Arithmetical Functions",
          "year": "2022-04",
          "abstract": "We consider two sequences $a(n)$ and $b(n)$, $1\\leq n<\\infty$, generated by\nDirichlet series\n  $$\\sum_{n=1}^{\\infty}\\frac{a(n)}{\\lambda_n^{s}}\\qquad\\text{and}\\qquad\n  \\sum_{n=1}^{\\infty}\\frac{b(n)}{\\mu_n^{s}},$$ satisfying a familiar functional\nequation involving the gamma function $\\Gamma(s)$. Two general identities are\nestablished. The first involves the modified Bessel function $K_{\\mu}(z)$, and\ncan be thought of as a 'modular' or 'theta' relation wherein modified Bessel\nfunctions, instead of exponential functions, appear. Appearing in the second\nidentity are $K_{\\mu}(z)$, the Bessel functions of imaginary argument\n$I_{\\mu}(z)$, and ordinary hypergeometric functions ${_2F_1}(a,b;c;z)$.\nAlthough certain special cases appear in the literature, the general identities\nare new. The arithmetical functions appearing in the identities include\nRamanujan's arithmetical function $\\tau(n)$; the number of representations of\n$n$ as a sum of $k$ squares $r_k(n)$; and primitive Dirichlet characters\n$\\chi(n)$.",
          "arxiv_id": "2204.09887v1"
        },
        {
          "title": "On digamma series convertible into hypergeometric series",
          "year": "2023-04",
