{
  "topics": {
    "data": {
      "0": {
        "name": "0_test_distribution_tests_distributions",
        "keywords": [
          [
            "test",
            0.01875402917396214
          ],
          [
            "distribution",
            0.018606646391446758
          ],
          [
            "tests",
            0.01507726039896231
          ],
          [
            "distributions",
            0.014389248926047276
          ],
          [
            "dependence",
            0.014302383082861487
          ],
          [
            "testing",
            0.013040639565134682
          ],
          [
            "multivariate",
            0.012656381570525852
          ],
          [
            "statistics",
            0.011048087066666318
          ],
          [
            "data",
            0.011025390427183894
          ],
          [
            "values",
            0.01100957842067777
          ]
        ],
        "count": 874
      },
      "1": {
        "name": "1_treatment_causal_effect_effects",
        "keywords": [
          [
            "treatment",
            0.03984920905382455
          ],
          [
            "causal",
            0.02469824114719586
          ],
          [
            "effect",
            0.024255147706512135
          ],
          [
            "effects",
            0.02101610372664524
          ],
          [
            "outcome",
            0.015863155864986166
          ],
          [
            "inference",
            0.014594751658775764
          ],
          [
            "treatment effect",
            0.014532925281276279
          ],
          [
            "estimators",
            0.013283821679223755
          ],
          [
            "estimator",
            0.012422493885622266
          ],
          [
            "outcomes",
            0.012021912667075588
          ]
        ],
        "count": 609
      },
      "2": {
        "name": "2_graph_network_graphs_model",
        "keywords": [
          [
            "graph",
            0.028616837834173573
          ],
          [
            "network",
            0.0245772537528683
          ],
          [
            "graphs",
            0.02164711206421508
          ],
          [
            "model",
            0.017785103550747982
          ],
          [
            "community",
            0.016167158552963922
          ],
          [
            "networks",
            0.016060773109348614
          ],
          [
            "random",
            0.014811061346119214
          ],
          [
            "degree",
            0.012530577370267927
          ],
          [
            "edge",
            0.011915496227033966
          ],
          [
            "vertices",
            0.011562379200015712
          ]
        ],
        "count": 496
      },
      "3": {
        "name": "3_change_time_series_time series",
        "keywords": [
          [
            "change",
            0.03396453393310347
          ],
          [
            "time",
            0.02974132293552044
          ],
          [
            "series",
            0.027292609520571064
          ],
          [
            "time series",
            0.025912663627461287
          ],
          [
            "detection",
            0.020077021839175837
          ],
          [
            "change point",
            0.016986198361334085
          ],
          [
            "point",
            0.015072225728343611
          ],
          [
            "stationary",
            0.01293729359291851
          ],
          [
            "data",
            0.012623762660629437
          ],
          [
            "test",
            0.012584487497804492
          ]
        ],
        "count": 481
      },
      "4": {
        "name": "4_Wasserstein_transport_distance_metric",
        "keywords": [
          [
            "Wasserstein",
            0.01969288952008333
          ],
          [
            "transport",
            0.018702760521586335
          ],
          [
            "distance",
            0.016752634035079764
          ],
          [
            "metric",
            0.01613981617884994
          ],
          [
            "optimal transport",
            0.014760237081613448
          ],
          [
            "manifold",
            0.014744864866619497
          ],
          [
            "space",
            0.014231360849970722
          ],
          [
            "optimal",
            0.013986620246554442
          ],
          [
            "measures",
            0.012617171445578085
          ],
          [
            "data",
            0.012317884633937366
          ]
        ],
        "count": 436
      },
      "5": {
        "name": "5_neural_networks_neural networks_learning",
        "keywords": [
          [
            "neural",
            0.031207612053351992
          ],
          [
            "networks",
            0.02652514090729082
          ],
          [
            "neural networks",
            0.023848482749901687
          ],
          [
            "learning",
            0.01846281425786905
          ],
          [
            "deep",
            0.01768815321132203
          ],
          [
            "training",
            0.014363022676595203
          ],
          [
            "network",
            0.01420025043946807
          ],
          [
            "generalization",
            0.013956473562115813
          ],
          [
            "data",
            0.012983210442338687
          ],
          [
            "descent",
            0.012545437316697244
          ]
        ],
        "count": 399
      },
      "6": {
        "name": "6_matrix_tensor_rank_low",
        "keywords": [
          [
            "matrix",
            0.0254668935152626
          ],
          [
            "tensor",
            0.025137365733084713
          ],
          [
            "rank",
            0.02509015709659617
          ],
          [
            "low",
            0.016005357193419747
          ],
          [
            "low rank",
            0.015080278165784836
          ],
          [
            "noise",
            0.014144116845031675
          ],
          [
            "signal",
            0.013697188067684735
          ],
          [
            "algorithm",
            0.01217476753422384
          ],
          [
            "problem",
            0.011254514974724942
          ],
          [
            "estimation",
            0.010939693328542914
          ]
        ],
        "count": 338
      },
      "7": {
        "name": "7_regression_dimensional_high_linear",
        "keywords": [
          [
            "regression",
            0.02236010216483472
          ],
          [
            "dimensional",
            0.016793483495048712
          ],
          [
            "high",
            0.01635555769491137
          ],
          [
            "linear",
            0.014413329457104435
          ],
          [
            "model",
            0.013851242064425144
          ],
          [
            "Lasso",
            0.013696604044551763
          ],
          [
            "selection",
            0.013382095594933663
          ],
          [
            "sparse",
            0.01278030132654972
          ],
          [
            "estimator",
            0.012208941343408662
          ],
          [
            "models",
            0.011238245803309675
          ]
        ],
        "count": 335
      },
      "8": {
        "name": "8_sampling_Langevin_diffusion_convergence",
        "keywords": [
          [
            "sampling",
            0.024154931298264376
          ],
          [
            "Langevin",
            0.021865172081947465
          ],
          [
            "diffusion",
            0.018795007620146992
          ],
          [
            "convergence",
            0.017625550565577408
          ],
          [
            "target",
            0.016380044092607127
          ],
          [
            "Carlo",
            0.015666202660057933
          ],
          [
            "Monte",
            0.01566197634730362
          ],
          [
            "Markov",
            0.01541402637731613
          ],
          [
            "distribution",
            0.0144135948441913
          ],
          [
            "Metropolis",
            0.013652053792945333
          ]
        ],
        "count": 324
      },
      "9": {
        "name": "9_Gaussian_kernel_processes_regression",
        "keywords": [
          [
            "Gaussian",
            0.02122034281218865
          ],
          [
            "kernel",
            0.019906782137975757
          ],
          [
            "processes",
            0.017676736783137234
          ],
          [
            "regression",
            0.016348625762022753
          ],
          [
            "function",
            0.014048916276491318
          ],
          [
            "spatial",
            0.01385891640958322
          ],
          [
            "process",
            0.013744212328674042
          ],
          [
            "covariance",
            0.01229833651041697
          ],
          [
            "Gaussian process",
            0.0117622955145799
          ],
          [
            "functions",
            0.011381088791499896
          ]
        ],
        "count": 293
      },
      "10": {
        "name": "10_policy_regret_learning_bandits",
        "keywords": [
          [
            "policy",
            0.03463119455045439
          ],
          [
            "regret",
            0.03114654863908132
          ],
          [
            "learning",
            0.021448198907862287
          ],
          [
            "bandits",
            0.017668953075025744
          ],
          [
            "bandit",
            0.01736250528917258
          ],
          [
            "RL",
            0.016934442055494128
          ],
          [
            "optimal",
            0.016696716330052683
          ],
          [
            "reward",
            0.01649866903062029
          ],
          [
            "algorithm",
            0.016061037342958627
          ],
          [
            "arm",
            0.014674424423286913
          ]
        ],
        "count": 273
      },
      "11": {
        "name": "11_mixture_Bayesian_models_posterior",
        "keywords": [
          [
            "mixture",
            0.023057326709846376
          ],
          [
            "Bayesian",
            0.0205948907865812
          ],
          [
            "models",
            0.018965055445064435
          ],
          [
            "posterior",
            0.016750376637639498
          ],
          [
            "model",
            0.016649286649134634
          ],
          [
            "distribution",
            0.016440425050007045
          ],
          [
            "Dirichlet",
            0.01602258083288646
          ],
          [
            "divergence",
            0.014703312231097767
          ],
          [
            "distributions",
            0.012753982676194616
          ],
          [
            "likelihood",
            0.01257610463017027
          ]
        ],
        "count": 248
      },
      "12": {
        "name": "12_process_processes_fractional_drift",
        "keywords": [
          [
            "process",
            0.028517724256742816
          ],
          [
            "processes",
            0.027572380433672897
          ],
          [
            "fractional",
            0.02634769788159543
          ],
          [
            "drift",
            0.026228040092956525
          ],
          [
            "diffusion",
            0.025671322046968523
          ],
          [
            "Brownian",
            0.024490415089631096
          ],
          [
            "motion",
            0.020977106531233053
          ],
          [
            "Brownian motion",
            0.020311262770525577
          ],
          [
            "estimator",
            0.018934232816712235
          ],
          [
            "estimators",
            0.01850259277118022
          ]
        ],
        "count": 215
      },
      "13": {
        "name": "13_privacy_private_differential privacy_differential",
        "keywords": [
          [
            "privacy",
            0.07894832126536883
          ],
          [
            "private",
            0.039457849082335544
          ],
          [
            "differential privacy",
            0.03340234360588501
          ],
          [
            "differential",
            0.027898766933053022
          ],
          [
            "data",
            0.021098754504018484
          ],
          [
            "DP",
            0.020367493663786897
          ],
          [
            "mechanism",
            0.01592054317706872
          ],
          [
            "estimation",
            0.014049399053550116
          ],
          [
            "Privacy",
            0.013734794872551673
          ],
          [
            "optimal",
            0.011612088392141657
          ]
        ],
        "count": 195
      },
      "14": {
        "name": "14_random_inequalities_bounds_inequality",
        "keywords": [
          [
            "random",
            0.028828222358193673
          ],
          [
            "inequalities",
            0.023684246532956775
          ],
          [
            "bounds",
            0.02096124773568924
          ],
          [
            "inequality",
            0.020848527240839878
          ],
          [
            "concentration",
            0.01688449417648835
          ],
          [
            "random variables",
            0.01508452152983121
          ],
          [
            "variables",
            0.013830863894351533
          ],
          [
            "results",
            0.01376208277336503
          ],
          [
            "statistics",
            0.013665180075590437
          ],
          [
            "Gaussian",
            0.013363805037265
          ]
        ],
        "count": 193
      },
      "15": {
        "name": "15_prediction_conformal_conformal prediction_learning",
        "keywords": [
          [
            "prediction",
            0.039924615375608805
          ],
          [
            "conformal",
            0.034172205127421015
          ],
          [
            "conformal prediction",
            0.022137818968893896
          ],
          [
            "learning",
            0.021132356461902285
          ],
          [
            "coverage",
            0.02085481532857826
          ],
          [
            "calibration",
            0.017326134745424285
          ],
          [
            "data",
            0.015251090376380025
          ],
          [
            "classification",
            0.013951531193897705
          ],
          [
            "PAC",
            0.012570400454473675
          ],
          [
            "sets",
            0.01207424530001757
          ]
        ],
        "count": 190
      },
      "16": {
        "name": "16_matrix_matrices_eigenvalues_covariance",
        "keywords": [
          [
            "matrix",
            0.0442571112675382
          ],
          [
            "matrices",
            0.03854857490665189
          ],
          [
            "eigenvalues",
            0.03355812178422479
          ],
          [
            "covariance",
            0.029465012060980095
          ],
          [
            "sample",
            0.02476288466028113
          ],
          [
            "spectral",
            0.023911815191936577
          ],
          [
            "Wishart",
            0.023735712503528583
          ],
          [
            "spiked",
            0.020491336316643103
          ],
          [
            "eigenvalue",
            0.018835349692035694
          ],
          [
            "random",
            0.018273913463264645
          ]
        ],
        "count": 169
      },
      "17": {
        "name": "17_inverse_inverse problems_problems_Bayesian",
        "keywords": [
          [
            "inverse",
            0.03881834418374452
          ],
          [
            "inverse problems",
            0.02879946459143526
          ],
          [
            "problems",
            0.028137768945383966
          ],
          [
            "Bayesian",
            0.025186028108752003
          ],
          [
            "posterior",
            0.02468740935266957
          ],
          [
            "problem",
            0.019587361990939404
          ],
          [
            "prior",
            0.015354836352207135
          ],
          [
            "inverse problem",
            0.014049508866429593
          ],
          [
            "Gaussian",
            0.013532294628261868
          ],
          [
            "priors",
            0.012898043247882051
          ]
        ],
        "count": 148
      },
      "18": {
        "name": "18_causal_variables_DAG_graph",
        "keywords": [
          [
            "causal",
            0.05061143610564053
          ],
          [
            "variables",
            0.02649230106385837
          ],
          [
            "DAG",
            0.024756260614296952
          ],
          [
            "graph",
            0.024559989339062373
          ],
          [
            "models",
            0.023873694883876626
          ],
          [
            "graphs",
            0.0236403823746978
          ],
          [
            "acyclic",
            0.022763414562846987
          ],
          [
            "equivalence",
            0.021225884538882314
          ],
          [
            "graphical",
            0.01812147629018249
          ],
          [
            "causal discovery",
            0.017368292895708615
          ]
        ],
        "count": 111
      }
    },
    "correlations": [
      [
        1.0,
        -0.7270037233761395,
        -0.6765549271231066,
        -0.7026246280885154,
        -0.6882494305155122,
        -0.7430926182721311,
        -0.7307215598143264,
        -0.7028400572933224,
        -0.7096132090553453,
        -0.7311063829688957,
        -0.7395747651605495,
        -0.6816959636529472,
        -0.7318901224266181,
        -0.755341535322265,
        -0.676195035864922,
        -0.7357552721010313,
        -0.6850268888698865,
        -0.7058408241723317,
        -0.7175835721842645
      ],
      [
        -0.7270037233761395,
        1.0,
        -0.7265597841637291,
        -0.7354506396109123,
        -0.7473058085603823,
        -0.7446721252207833,
        -0.7483671094660949,
        -0.7200442214579821,
        -0.7546506790146069,
        -0.7407512845074747,
        -0.7264212670693796,
        -0.7277638537523339,
        -0.7525011866494422,
        -0.7558659187831556,
        -0.7407595674695957,
        -0.7389352636223755,
        -0.7371880057135227,
        -0.7322211288380134,
        -0.5203142244350082
      ],
      [
        -0.6765549271231066,
        -0.7265597841637291,
        1.0,
        -0.7088813723507683,
        -0.7136356359211209,
        -0.6673283399057199,
        -0.7136727248977339,
        -0.6963931276479856,
        -0.7333064624461096,
        -0.7263857917522694,
        -0.7371740008345652,
        -0.3815340658204554,
        -0.7300297555082215,
        -0.7553226649285341,
        -0.6922285341293017,
        -0.7305056265949449,
        -0.7037404953584934,
        -0.7004324329007124,
        -0.572711469341338
      ],
      [
        -0.7026246280885154,
        -0.7354506396109123,
        -0.7088813723507683,
        1.0,
        -0.7322071109059554,
        -0.7369064405289572,
        -0.7355073327319159,
        -0.7108140534341338,
        -0.7321524365448874,
        -0.7224496690825462,
        -0.7396335544245364,
        -0.7026535098883493,
        -0.6924834663721057,
        -0.7555277116942205,
        -0.7240656372201096,
        -0.7237906708005046,
        -0.7172036465243243,
        -0.7229914776661335,
        -0.7083542703477412
      ],
      [
        -0.6882494305155122,
        -0.7473058085603823,
        -0.7136356359211209,
        -0.7322071109059554,
        1.0,
        -0.733558079556523,
        -0.7482688493532901,
        -0.7309367020204434,
        -0.7105680277141235,
        -0.7234654274447957,
        -0.7443854679750017,
        -0.7246078270101037,
        -0.7444893994917214,
        -0.7524779331479212,
        -0.6827619408076806,
        -0.7373310757078693,
        -0.7323434248936486,
        -0.7149551854617074,
        -0.7453450221662523
      ],
      [
        -0.7430926182721311,
        -0.7446721252207833,
        -0.6673283399057199,
        -0.7369064405289572,
        -0.733558079556523,
        1.0,
        -0.7364369758372677,
        -0.718822902488199,
        -0.735924123657323,
        -0.7242494886570539,
        -0.7110791522712422,
        -0.7157007140774412,
        -0.7498988148280347,
        -0.7528200781809011,
        -0.7422238415429384,
        -0.679266396459171,
        -0.7355288031267524,
        -0.725483199053675,
        -0.7265851957079319
      ],
      [
        -0.7307215598143264,
        -0.7483671094660949,
        -0.7136727248977339,
        -0.7355073327319159,
        -0.7482688493532901,
        -0.7364369758372677,
        1.0,
        -0.7051767175153618,
        -0.7518711124107418,
        -0.7415520823526991,
        -0.7417974357809254,
        -0.7199557374625287,
        -0.7524593902854608,
        -0.761186738035815,
        -0.7295802601113885,
        -0.7418515901986797,
        -0.48145137601262233,
        -0.7148522655888597,
        -0.735787850273778
      ],
      [
        -0.7028400572933224,
        -0.7200442214579821,
        -0.6963931276479856,
        -0.7108140534341338,
        -0.7309367020204434,
        -0.718822902488199,
        -0.7051767175153618,
        1.0,
        -0.7305336823441873,
        -0.6681421106771468,
        -0.7400033018941474,
        -0.6633592687017034,
        -0.7410258006164128,
        -0.7491685096256211,
        -0.7247958508588166,
        -0.7041116901310824,
        -0.5856449122281018,
        -0.6809017695865197,
        -0.7039880700673822
      ],
      [
        -0.7096132090553453,
        -0.7546506790146069,
        -0.7333064624461096,
        -0.7321524365448874,
        -0.7105680277141235,
        -0.735924123657323,
        -0.7518711124107418,
        -0.7305336823441873,
        1.0,
        -0.7398166305353145,
        -0.7421191118583818,
        -0.7019547648626736,
        -0.704380649433558,
        -0.7592269513400534,
        -0.7325382362295411,
        -0.7472741445502579,
        -0.7275649632871624,
        -0.7131697283315617,
        -0.7425808265578643
      ],
      [
        -0.7311063829688957,
        -0.7407512845074747,
        -0.7263857917522694,
        -0.7224496690825462,
        -0.7234654274447957,
        -0.7242494886570539,
        -0.7415520823526991,
        -0.6681421106771468,
        -0.7398166305353145,
        1.0,
        -0.7479511064983317,
        -0.7103889644254037,
        -0.6226886777868461,
        -0.7594015403175975,
        -0.7195068384272498,
        -0.7196972953813655,
        -0.7161790377449109,
        -0.6999756894319202,
        -0.7321955238089795
      ],
      [
        -0.7395747651605495,
        -0.7264212670693796,
        -0.7371740008345652,
        -0.7396335544245364,
        -0.7443854679750017,
        -0.7110791522712422,
        -0.7417974357809254,
        -0.7400033018941474,
        -0.7421191118583818,
        -0.7479511064983317,
        1.0,
        -0.7377505439711569,
        -0.747669111500486,
        -0.7468419439486852,
        -0.7360816537888688,
        -0.7039098754705724,
        -0.7417207231847669,
        -0.7114635612992122,
        -0.7409382637234994
      ],
      [
        -0.6816959636529472,
        -0.7277638537523339,
        -0.3815340658204554,
        -0.7026535098883493,
        -0.7246078270101037,
        -0.7157007140774412,
        -0.7199557374625287,
        -0.6633592687017034,
        -0.7019547648626736,
        -0.7103889644254037,
        -0.7377505439711569,
        1.0,
        -0.7218133271982323,
        -0.7584591058953201,
        -0.7260720259794129,
        -0.7177922117529008,
        -0.70539472730516,
        -0.5664863558120454,
        -0.48780557854140005
      ],
      [
        -0.7318901224266181,
        -0.7525011866494422,
        -0.7300297555082215,
        -0.6924834663721057,
        -0.7444893994917214,
        -0.7498988148280347,
        -0.7524593902854608,
        -0.7410258006164128,
        -0.704380649433558,
        -0.6226886777868461,
        -0.747669111500486,
        -0.7218133271982323,
        1.0,
        -0.7592160862355724,
        -0.7371424492437515,
        -0.7466603694352427,
        -0.7341848341687096,
        -0.7315070727128825,
        -0.735369169858187
      ],
      [
        -0.755341535322265,
        -0.7558659187831556,
        -0.7553226649285341,
        -0.7555277116942205,
        -0.7524779331479212,
        -0.7528200781809011,
        -0.761186738035815,
        -0.7491685096256211,
        -0.7592269513400534,
        -0.7594015403175975,
        -0.7468419439486852,
        -0.7584591058953201,
        -0.7592160862355724,
        1.0,
        -0.757961883162384,
        -0.7535946029802469,
        -0.7532091271381636,
        -0.7525764487223658,
        -0.7609519986527751
      ],
      [
        -0.676195035864922,
        -0.7407595674695957,
        -0.6922285341293017,
        -0.7240656372201096,
        -0.6827619408076806,
        -0.7422238415429384,
        -0.7295802601113885,
        -0.7247958508588166,
        -0.7325382362295411,
        -0.7195068384272498,
        -0.7360816537888688,
        -0.7260720259794129,
        -0.7371424492437515,
        -0.757961883162384,
        1.0,
        -0.73880832072687,
        -0.6923798867839512,
        -0.7262868322302161,
        -0.7046545369291658
      ],
      [
        -0.7357552721010313,
        -0.7389352636223755,
        -0.7305056265949449,
        -0.7237906708005046,
        -0.7373310757078693,
        -0.679266396459171,
        -0.7418515901986797,
        -0.7041116901310824,
        -0.7472741445502579,
        -0.7196972953813655,
        -0.7039098754705724,
        -0.7177922117529008,
        -0.7466603694352427,
        -0.7535946029802469,
        -0.73880832072687,
        1.0,
        -0.7294479451430198,
        -0.721324247910389,
        -0.7321515148285925
      ],
      [
        -0.6850268888698865,
        -0.7371880057135227,
        -0.7037404953584934,
        -0.7172036465243243,
        -0.7323434248936486,
        -0.7355288031267524,
        -0.48145137601262233,
        -0.5856449122281018,
        -0.7275649632871624,
        -0.7161790377449109,
        -0.7417207231847669,
        -0.70539472730516,
        -0.7341848341687096,
        -0.7532091271381636,
        -0.6923798867839512,
        -0.7294479451430198,
        1.0,
        -0.6894766153355423,
        -0.7133584375927389
      ],
      [
        -0.7058408241723317,
        -0.7322211288380134,
        -0.7004324329007124,
        -0.7229914776661335,
        -0.7149551854617074,
        -0.725483199053675,
        -0.7148522655888597,
        -0.6809017695865197,
        -0.7131697283315617,
        -0.6999756894319202,
        -0.7114635612992122,
        -0.5664863558120454,
        -0.7315070727128825,
        -0.7525764487223658,
        -0.7262868322302161,
        -0.721324247910389,
        -0.6894766153355423,
        1.0,
        -0.711423596054344
      ],
      [
        -0.7175835721842645,
        -0.5203142244350082,
        -0.572711469341338,
        -0.7083542703477412,
        -0.7453450221662523,
        -0.7265851957079319,
        -0.735787850273778,
        -0.7039880700673822,
        -0.7425808265578643,
        -0.7321955238089795,
        -0.7409382637234994,
        -0.48780557854140005,
        -0.735369169858187,
        -0.7609519986527751,
        -0.7046545369291658,
        -0.7321515148285925,
        -0.7133584375927389,
        -0.711423596054344,
        1.0
      ]
    ],
    "series": {
      "2020-01": [
        16,
        6,
        5,
        11,
        6,
        3,
        6,
        4,
        2,
        10,
        3,
        7,
        8,
        0,
        9,
        5,
        12,
        2,
        3
      ],
      "2020-02": [
        42,
        7,
        10,
        18,
        4,
        7,
        6,
        12,
        7,
        8,
        9,
        5,
        5,
        5,
        7,
        8,
        9,
        12,
        5
      ],
      "2020-03": [
        38,
        2,
        5,
        20,
        3,
        8,
        1,
        12,
        2,
        2,
        6,
        8,
        9,
        3,
        11,
        1,
        8,
        12,
        2
      ],
      "2020-04": [
        38,
        7,
        9,
        15,
        4,
        5,
        3,
        10,
        7,
        5,
        1,
        6,
        8,
        0,
        6,
        2,
        8,
        9,
        6
      ],
      "2020-05": [
        39,
        2,
        6,
        12,
        2,
        8,
        8,
        6,
        5,
        2,
        5,
        6,
        7,
        2,
        8,
        4,
        15,
        6,
        2
      ],
      "2020-06": [
        39,
        6,
        8,
        16,
        9,
        15,
        5,
        17,
        7,
        11,
        7,
        7,
        4,
        3,
        12,
        9,
        15,
        11,
        6
      ],
      "2020-07": [
        36,
        6,
        4,
        13,
        8,
        7,
        2,
        20,
        5,
        5,
        4,
        8,
        12,
        1,
        7,
        5,
        13,
        10,
        4
      ],
      "2020-08": [
        30,
        3,
        11,
        9,
        2,
        3,
        6,
        7,
        4,
        4,
        3,
        8,
        6,
        2,
        5,
        1,
        17,
        8,
        6
      ],
      "2020-09": [
        38,
        10,
        6,
        10,
        2,
        5,
        6,
        12,
        5,
        8,
        0,
        6,
        10,
        1,
        11,
        3,
        6,
        11,
        1
      ],
      "2020-10": [
        50,
        6,
        6,
        14,
        7,
        12,
        3,
        15,
        12,
        4,
        5,
        3,
        8,
        4,
        3,
        4,
        14,
        9,
        5
      ],
      "2020-11": [
        50,
        9,
        8,
        11,
        8,
        8,
        3,
        10,
        3,
        6,
        9,
        6,
        9,
        5,
        5,
        3,
        7,
        7,
        1
      ],
      "2020-12": [
        37,
        4,
        8,
        11,
        8,
        5,
        11,
        8,
        10,
        8,
        2,
        7,
        5,
        0,
        10,
        6,
        16,
        6,
        2
      ],
      "2021-01": [
        34,
        4,
        4,
        12,
        6,
        6,
        4,
        6,
        10,
        7,
        6,
        3,
        4,
        3,
        9,
        1,
        15,
        5,
        4
      ],
      "2021-02": [
        36,
        9,
        8,
        19,
        5,
        7,
        1,
        8,
        5,
        1,
        7,
        5,
        12,
        1,
        12,
        3,
        9,
        8,
        3
      ],
      "2021-03": [
        43,
        7,
        3,
        9,
        3,
        9,
        4,
        6,
        5,
        3,
        2,
        10,
        7,
        2,
        11,
        5,
        18,
        7,
        5
      ],
      "2021-04": [
        34,
        12,
        5,
        15,
        5,
        4,
        1,
        2,
        8,
        5,
        1,
        7,
        4,
        2,
        8,
        5,
        18,
        6,
        5
      ],
      "2021-05": [
        29,
        10,
        11,
        17,
        7,
        5,
        7,
        6,
        7,
        5,
        4,
        6,
        8,
        3,
        2,
        4,
        12,
        8,
        5
      ],
      "2021-06": [
        39,
        5,
        5,
        15,
        9,
        9,
        5,
        16,
        7,
        4,
        3,
        5,
        6,
        1,
        7,
        8,
        15,
        12,
        6
      ],
      "2021-07": [
        47,
        9,
        9,
        16,
        10,
        12,
        3,
        9,
        1,
        2,
        5,
        5,
        4,
        5,
        6,
        3,
        13,
        11,
        4
      ],
      "2021-08": [
        29,
        4,
        12,
        11,
        2,
        7,
        3,
        9,
        2,
        4,
        3,
        5,
        5,
        4,
        1,
        2,
        18,
        8,
        2
      ],
      "2021-09": [
        32,
        9,
        5,
        16,
        4,
        3,
        1,
        9,
        3,
        7,
        6,
        5,
        4,
        3,
        6,
        3,
        17,
        7,
        5
      ],
      "2021-10": [
        41,
        7,
        16,
        16,
        7,
        12,
        2,
        17,
        10,
        9,
        14,
        10,
        6,
        3,
        2,
        5,
        15,
        10,
        3
      ],
      "2021-11": [
        30,
        13,
        8,
        4,
        6,
        3,
        6,
        5,
        5,
        1,
        4,
        1,
        9,
        4,
        7,
        6,
        8,
        9,
        2
      ],
      "2021-12": [
        33,
        8,
        8,
        20,
        7,
        11,
        2,
        10,
        6,
        5,
        6,
        7,
        5,
        1,
        11,
        5,
        16,
        11,
        3
      ],
      "2022-01": [
        31,
        8,
        3,
        3,
        5,
        3,
        5,
        8,
        3,
        4,
        3,
        5,
        6,
        4,
        3,
        0,
        7,
        8,
        3
      ],
      "2022-02": [
        29,
        7,
        8,
        8,
        6,
        9,
        2,
        9,
        10,
        3,
        6,
        6,
        3,
        2,
        11,
        6,
        14,
        8,
        3
      ],
      "2022-03": [
        28,
        7,
        6,
        8,
        6,
        4,
        3,
        13,
        6,
        4,
        4,
        13,
        8,
        2,
        5,
        6,
        14,
        7,
        4
      ],
      "2022-04": [
        35,
        5,
        9,
        8,
        3,
        5,
        3,
        9,
        6,
        2,
        3,
        2,
        8,
        2,
        4,
        2,
        6,
        8,
        4
      ],
      "2022-05": [
        42,
        6,
        4,
        9,
        3,
        8,
        2,
        12,
        8,
        5,
        5,
        15,
        6,
        5,
        7,
        6,
        7,
        6,
        6
      ],
      "2022-06": [
        56,
        10,
        9,
        18,
        11,
        14,
        6,
        9,
        9,
        8,
        4,
        7,
        8,
        3,
        8,
        5,
        8,
        14,
        3
      ],
      "2022-07": [
        46,
        3,
        9,
        9,
        4,
        6,
        4,
        9,
        5,
        9,
        1,
        6,
        8,
        2,
        8,
        1,
        11,
        10,
        3
      ],
      "2022-08": [
        43,
        7,
        5,
        13,
        5,
        3,
        5,
        12,
        7,
        7,
        4,
        2,
        5,
        6,
        7,
        8,
        8,
        7,
        3
      ],
      "2022-09": [
        35,
        7,
        10,
        14,
        10,
        1,
        1,
        16,
        9,
        4,
        10,
        7,
        8,
        2,
        11,
        7,
        18,
        14,
        5
      ],
      "2022-10": [
        44,
        13,
        6,
        12,
        3,
        5,
        6,
        23,
        10,
        5,
        7,
        6,
        9,
        4,
        9,
        12,
        15,
        4,
        6
      ],
      "2022-11": [
        44,
        6,
        9,
        21,
        4,
        1,
        8,
        8,
        4,
        6,
        10,
        7,
        8,
        1,
        11,
        5,
        13,
        15,
        1
      ],
      "2022-12": [
        37,
        14,
        5,
        17,
        6,
        5,
        3,
        12,
        5,
        7,
        7,
        2,
        4,
        0,
        9,
        3,
        14,
        11,
        2
      ],
      "2023-01": [
        36,
        11,
        9,
        14,
        2,
        4,
        2,
        13,
        5,
        4,
        4,
        3,
        9,
        7,
        5,
        2,
        10,
        10,
        1
      ],
      "2023-02": [
        32,
        7,
        11,
        11,
        7,
        7,
        7,
        6,
        4,
        5,
        10,
        5,
        5,
        4,
        7,
        6,
        7,
        4,
        3
      ],
      "2023-03": [
        44,
        4,
        9,
        17,
        4,
        8,
        3,
        8,
        8,
        8,
        2,
        5,
        8,
        3,
        10,
        7,
        11,
        12,
        1
      ],
      "2023-04": [
        25,
        6,
        7,
        6,
        5,
        3,
        7,
        5,
        2,
        5,
        3,
        5,
        7,
        0,
        9,
        3,
        12,
        11,
        3
      ],
      "2023-05": [
        36,
        9,
        10,
        13,
        8,
        10,
        7,
        13,
        13,
        7,
        14,
        11,
        6,
        5,
        5,
        8,
        15,
        9,
        5
      ],
      "2023-06": [
        35,
        8,
        4,
        11,
        3,
        10,
        3,
        18,
        4,
        4,
        7,
        10,
        6,
        2,
        11,
        7,
        16,
        9,
        9
      ],
      "2023-07": [
        20,
        10,
        10,
        14,
        15,
        7,
        2,
        10,
        7,
        6,
        7,
        4,
        13,
        1,
        9,
        3,
        11,
        15,
        6
      ],
      "2023-08": [
        33,
        6,
        7,
        8,
        2,
        6,
        3,
        5,
        3,
        1,
        2,
        5,
        1,
        1,
        8,
        2,
        13,
        7,
        5
      ],
      "2023-09": [
        39,
        7,
        5,
        11,
        4,
        12,
        1,
        14,
        4,
        7,
        3,
        4,
        3,
        3,
        5,
        7,
        9,
        5,
        5
      ],
      "2023-10": [
        50,
        14,
        10,
        20,
        5,
        8,
        3,
        17,
        9,
        8,
        5,
        7,
        8,
        4,
        10,
        6,
        9,
        12,
        3
      ],
      "2023-11": [
        36,
        8,
        10,
        12,
        9,
        12,
        5,
        12,
        3,
        8,
        3,
        12,
        2,
        2,
        6,
        3,
        11,
        16,
        8
      ],
      "2023-12": [
        32,
        9,
        3,
        6,
        6,
        6,
        4,
        12,
