{
  "topics": {
    "data": {
      "0": {
        "name": "0_imaging_resolution_image_phase",
        "keywords": [
          [
            "imaging",
            0.02954386906640508
          ],
          [
            "resolution",
            0.016374231368091144
          ],
          [
            "image",
            0.013837323289051257
          ],
          [
            "phase",
            0.012470777230642285
          ],
          [
            "microscopy",
            0.012101889311624188
          ],
          [
            "images",
            0.01132586761317907
          ],
          [
            "method",
            0.011092986964186008
          ],
          [
            "reconstruction",
            0.010494295102602828
          ],
          [
            "optical",
            0.009627524205047575
          ],
          [
            "high",
            0.009421521614139162
          ]
        ],
        "count": 2318
      },
      "1": {
        "name": "1_topological_Hermitian_non_photonic",
        "keywords": [
          [
            "topological",
            0.03987218760802772
          ],
          [
            "Hermitian",
            0.02716585638103327
          ],
          [
            "non",
            0.024649761385863226
          ],
          [
            "photonic",
            0.018078682556254153
          ],
          [
            "states",
            0.018037766555323922
          ],
          [
            "edge",
            0.016471226784527213
          ],
          [
            "systems",
            0.01586107853265956
          ],
          [
            "symmetry",
            0.012074074421682358
          ],
          [
            "modes",
            0.011533983860379333
          ],
          [
            "lattice",
            0.011409667512271092
          ]
        ],
        "count": 1738
      },
      "2": {
        "name": "2_niobate_lithium_optical_lithium niobate",
        "keywords": [
          [
            "niobate",
            0.014935529443191823
          ],
          [
            "lithium",
            0.014931966717438837
          ],
          [
            "optical",
            0.014272078608145741
          ],
          [
            "lithium niobate",
            0.014247951373221254
          ],
          [
            "photonic",
            0.01391062753882059
          ],
          [
            "silicon",
            0.013719477475029055
          ],
          [
            "high",
            0.013342413642722725
          ],
          [
            "chip",
            0.012388791691897882
          ],
          [
            "dB",
            0.01194531773433512
          ],
          [
            "low",
            0.011849126302997772
          ]
        ],
        "count": 1155
      },
      "3": {
        "name": "3_laser_pulse_pulses_harmonic",
        "keywords": [
          [
            "laser",
            0.030352046704302874
          ],
          [
            "pulse",
            0.024620377577284813
          ],
          [
            "pulses",
            0.02161589376389845
          ],
          [
            "harmonic",
            0.017705679064703286
          ],
          [
            "high",
            0.015138278015647665
          ],
          [
            "electron",
            0.01490894890661745
          ],
          [
            "plasma",
            0.014316099110985907
          ],
          [
            "generation",
            0.013964171323374028
          ],
          [
            "ray",
            0.0124373222746683
          ],
          [
            "HHG",
            0.011219865567282394
          ]
        ],
        "count": 1131
      },
      "4": {
        "name": "4_quantum_photon_states_entanglement",
        "keywords": [
          [
            "quantum",
            0.04676775262151455
          ],
          [
            "photon",
            0.019324267487315153
          ],
          [
            "states",
            0.01624907152600338
          ],
          [
            "entanglement",
            0.01476531430193345
          ],
          [
            "state",
            0.013753299201176319
          ],
          [
            "information",
            0.012106573933808975
          ],
          [
            "Quantum",
            0.011187052659163928
          ],
          [
            "photons",
            0.010919967707115617
          ],
          [
            "entangled",
            0.01079071178385948
          ],
          [
            "classical",
            0.00993748651175168
          ]
        ],
        "count": 1118
      },
      "5": {
        "name": "5_plasmonic_plasmon_surface_field",
        "keywords": [
          [
            "plasmonic",
            0.01948005930236439
          ],
          [
            "plasmon",
            0.01427130670358733
          ],
          [
            "surface",
            0.012208820279033526
          ],
          [
            "field",
            0.01140305464373168
          ],
          [
            "optical",
            0.010580261763130596
          ],
          [
            "dielectric",
            0.010195501220865563
          ],
          [
            "enhancement",
            0.010191827044937382
          ],
          [
            "metal",
            0.009275338383347386
          ],
          [
            "resonances",
            0.009051470891880057
          ],
          [
            "light",
            0.009034472017202963
          ]
        ],
        "count": 991
      },
      "6": {
        "name": "6_solitons_soliton_nonlinear_Kerr",
        "keywords": [
          [
            "solitons",
            0.03473822598453143
          ],
          [
            "soliton",
            0.03353706331366627
          ],
          [
            "nonlinear",
            0.018033373030440305
          ],
          [
            "Kerr",
            0.016052400168866866
          ],
          [
            "dynamics",
            0.013522354356010482
          ],
          [
            "frequency",
            0.013423222554030556
          ],
          [
            "dispersion",
            0.012438477620853849
          ],
          [
            "mode",
            0.01174195732320941
          ],
          [
            "laser",
            0.011360213813410416
          ],
          [
            "optical",
            0.011022303243188009
          ]
        ],
        "count": 779
      },
      "7": {
        "name": "7_frequency_comb_laser_noise",
        "keywords": [
          [
            "frequency",
            0.039819228352994056
          ],
          [
            "comb",
            0.03134886435766841
          ],
          [
            "laser",
            0.028449855461603977
          ],
          [
            "noise",
            0.02127498606991273
          ],
          [
            "spectroscopy",
            0.014839063412501607
          ],
          [
            "cavity",
            0.014256379953758261
          ],
          [
            "optical",
            0.013677483961710762
          ],
          [
            "combs",
            0.013186424930252818
          ],
          [
            "dual",
            0.01279944246030661
          ],
          [
            "lasers",
            0.012477180953833678
          ]
        ],
        "count": 635
      },
      "8": {
        "name": "8_quantum_photon_cavity_coupling",
        "keywords": [
          [
            "quantum",
            0.02488474736706128
          ],
          [
            "photon",
            0.020097317321124023
          ],
          [
            "cavity",
            0.017213430227050887
          ],
          [
            "coupling",
            0.01582956733439122
          ],
          [
            "light",
            0.012599728723356953
          ],
          [
            "states",
            0.011722085520909158
          ],
          [
            "state",
            0.01147886609580975
          ],
          [
            "dynamics",
            0.011320149975002426
          ],
          [
            "systems",
            0.011300777101105011
          ],
          [
            "matter",
            0.010526744321837195
          ]
        ],
        "count": 598
      },
      "9": {
        "name": "9_beams_vortex_OAM_beam",
        "keywords": [
          [
            "beams",
            0.04006684922504932
          ],
          [
            "vortex",
            0.027355913449189573
          ],
          [
            "OAM",
            0.025221330944942288
          ],
          [
            "beam",
            0.021873870667797037
          ],
          [
            "momentum",
            0.01936031913698995
          ],
          [
            "angular",
            0.01930272633098292
          ],
          [
            "angular momentum",
            0.018086500965410875
          ],
          [
            "optical",
            0.017463415901421423
          ],
          [
            "light",
            0.016618707158488528
          ],
          [
            "orbital",
            0.015789413803602947
          ]
        ],
        "count": 569
      },
      "10": {
        "name": "10_neural_computing_optical_photonic",
        "keywords": [
          [
            "neural",
            0.03165623855753051
          ],
          [
            "computing",
            0.028424638948802386
          ],
          [
            "optical",
            0.021996519475429084
          ],
          [
            "photonic",
            0.02147736625681626
          ],
          [
            "networks",
            0.02106099800824739
          ],
          [
            "neural networks",
            0.020226138654692666
          ],
          [
            "network",
            0.01684326999471057
          ],
          [
            "learning",
            0.015096451063990097
          ],
          [
            "neural network",
            0.013716250655254112
          ],
          [
            "processing",
            0.013618964385062654
          ]
        ],
        "count": 506
      },
      "11": {
        "name": "11_exciton_excitons_monolayer_2D",
        "keywords": [
          [
            "exciton",
            0.025056011188742382
          ],
          [
            "excitons",
            0.018384231245404586
          ],
          [
            "monolayer",
            0.014139693932326267
          ],
          [
            "2D",
            0.013669775924631937
          ],
          [
            "excitonic",
            0.012606228005105084
          ],
          [
            "materials",
            0.012471955159334592
          ],
          [
            "emission",
            0.012111803058099486
          ],
          [
            "optical",
            0.011423067948131827
          ],
          [
            "light",
            0.011198134165632853
          ],
          [
            "coupling",
            0.011067429480696679
          ]
        ],
        "count": 503
      },
      "12": {
        "name": "12_optical_trapping_levitated_tweezers",
        "keywords": [
          [
            "optical",
            0.02510102087122288
          ],
          [
            "trapping",
            0.02332265810178352
          ],
          [
            "levitated",
            0.020812744217770577
          ],
          [
            "tweezers",
            0.020521268009745144
          ],
          [
            "particles",
            0.019179105284172143
          ],
          [
            "particle",
            0.017310873294199686
          ],
          [
            "trap",
            0.01524991419678255
          ],
          [
            "force",
            0.013973417563031613
          ],
          [
            "forces",
            0.013850445006478706
          ],
          [
            "optical tweezers",
            0.013681862638477801
          ]
        ],
        "count": 460
      },
      "13": {
        "name": "13_diamond_quantum_centers_NV",
        "keywords": [
          [
            "diamond",
            0.03115315296815176
          ],
          [
            "quantum",
            0.027259950867104428
          ],
          [
            "centers",
            0.02400141785616598
          ],
          [
            "NV",
            0.021795724283456008
          ],
          [
            "single",
            0.0166588620484038
          ],
          [
            "emission",
            0.014920714840270992
          ],
          [
            "photon",
            0.014693504046464035
          ],
          [
            "vacancy",
            0.014520614496995255
          ],
          [
            "spin",
            0.013287806847058239
          ],
          [
            "silicon",
            0.013219679196558528
          ]
        ],
        "count": 440
      },
      "14": {
        "name": "14_time_temporal_wave_momentum",
        "keywords": [
          [
            "time",
            0.04113163501397587
          ],
          [
            "temporal",
            0.023118680574997396
          ],
          [
            "wave",
            0.018282505806451063
          ],
          [
            "momentum",
            0.01688356752648538
          ],
          [
            "electromagnetic",
            0.014511860794153855
          ],
          [
            "waves",
            0.014165844969833806
          ],
          [
            "media",
            0.013820466908590082
          ],
          [
            "space",
            0.012617138718726066
          ],
          [
            "medium",
            0.012614276348752094
          ],
          [
            "spacetime",
            0.01250632271651292
          ]
        ],
        "count": 436
      },
      "15": {
        "name": "15_metasurface_metasurfaces_wave_waves",
        "keywords": [
          [
            "metasurface",
            0.021029906991649368
          ],
          [
            "metasurfaces",
            0.0205007276528841
          ],
          [
            "wave",
            0.01770038481533556
          ],
          [
            "waves",
            0.017522220198111848
          ],
          [
            "design",
            0.014726972931924464
          ],
          [
            "electromagnetic",
            0.014567743120734986
          ],
          [
            "surface",
            0.013244870620510472
          ],
          [
            "scattering",
            0.012533380738212035
          ],
          [
            "reflection",
            0.011161898563869396
          ],
          [
            "dielectric",
            0.008914917742255656
          ]
        ],
        "count": 334
      },
      "16": {
        "name": "16_chiral_chirality_dichroism_light",
        "keywords": [
          [
            "chiral",
            0.0712488608466196
          ],
          [
            "chirality",
            0.03506665930230202
          ],
          [
            "dichroism",
            0.020479479852232214
          ],
          [
            "light",
            0.0191314315527252
          ],
          [
            "circular",
            0.018763848911334313
          ],
          [
            "optical",
            0.01797522466148106
          ],
          [
            "molecules",
            0.016040576902520184
          ],
          [
            "circular dichroism",
            0.015891520185831266
          ],
          [
            "polarization",
            0.01198762060417275
          ],
          [
            "Chiral",
            0.01175873888167533
          ]
        ],
        "count": 332
      },
      "17": {
        "name": "17_design_inverse_inverse design_optimization",
        "keywords": [
          [
            "design",
            0.04868495711239089
          ],
          [
            "inverse",
            0.028140402285847528
          ],
          [
            "inverse design",
            0.02803591441599553
          ],
          [
            "optimization",
            0.026267807775007524
          ],
          [
            "learning",
            0.023833166391409512
          ],
          [
            "neural",
            0.013828098011288968
          ],
          [
            "photonic",
            0.013278726522095897
          ],
          [
            "structures",
            0.012054185751537732
          ],
          [
            "method",
            0.011459756260961487
          ],
          [
            "deep",
            0.011181243350398709
          ]
        ],
        "count": 268
      },
      "18": {
        "name": "18_magnetic_spin_magnetization_optical",
        "keywords": [
          [
            "magnetic",
            0.0338841966186355
          ],
          [
            "spin",
            0.031047691208155544
          ],
          [
            "magnetization",
            0.02164017103518318
          ],
          [
            "optical",
            0.014890625903909311
          ],
          [
            "ultrafast",
            0.013266300476281858
          ],
          [
            "magneto",
            0.011905822257373052
          ],
          [
            "magnon",
            0.011035505942901754
          ],
          [
            "materials",
            0.011006993638277075
          ],
          [
            "terahertz",
            0.010859211569834463
          ],
          [
            "effect",
            0.010830814351583125
          ]
        ],
        "count": 251
      },
      "19": {
        "name": "19_thermal_heat_radiative_near field",
        "keywords": [
          [
            "thermal",
            0.056697063337972524
          ],
          [
            "heat",
            0.03702160614705488
          ],
          [
            "radiative",
            0.03545587460269282
          ],
          [
            "near field",
            0.02109881845927456
          ],
          [
            "heat transfer",
            0.02075920204632881
          ],
          [
            "cooling",
            0.02073797550742291
          ],
          [
            "near",
            0.019756975301796702
          ],
          [
            "field",
            0.019290787751116565
          ],
          [
            "emission",
            0.01783320149583484
          ],
          [
            "thermal emission",
            0.017600743642728765
          ]
        ],
        "count": 204
      },
      "20": {
        "name": "20_metasurface_metasurfaces_metalens_optical",
        "keywords": [
          [
            "metasurface",
            0.01990178311391357
          ],
          [
            "metasurfaces",
            0.01937774100429798
          ],
          [
            "metalens",
            0.01550923968020626
          ],
          [
            "optical",
            0.015505877319839842
          ],
          [
            "design",
            0.013759259698260588
          ],
          [
            "holographic",
            0.012683894958240625
          ],
          [
            "metalenses",
            0.012433449620493616
          ],
          [
            "phase",
            0.012365059135011968
          ],
          [
            "high",
            0.012291224783084908
          ],
          [
            "light",
            0.012256004851869982
          ]
        ],
        "count": 192
      },
      "21": {
        "name": "21_THz_terahertz_spectroscopy_Terahertz",
        "keywords": [
          [
            "THz",
            0.07149808153149959
          ],
          [
            "terahertz",
            0.030147070322386317
          ],
          [
            "spectroscopy",
            0.015978957071477427
          ],
          [
            "Terahertz",
            0.013926635146448926
          ],
          [
            "power",
            0.012120534643915222
          ],
          [
            "high",
            0.012061305840786256
          ],
          [
            "time",
            0.012028563779875384
          ],
          [
            "imaging",
            0.011969090384768927
          ],
          [
            "time domain",
            0.011872103041945557
          ],
          [
            "domain",
            0.01167914953445222
          ]
        ],
        "count": 174
      }
    },
    "correlations": [
      [
        1.0,
        -0.7583645119320608,
        -0.7557195165242185,
        -0.7467688773450873,
        -0.7477199199868498,
        -0.7524848287809683,
        -0.7617005117428317,
        -0.741333833953417,
        -0.733897196007085,
        -0.7473411063017692,
        -0.7171660913616017,
        -0.7562462037455118,
        -0.7396100239092378,
        -0.7492750641623427,
        -0.7204821990957451,
        -0.7503368918119058,
        -0.7602797732945972,
        -0.7151429697899419,
        -0.7570355987162689,
        -0.7440275675010178,
        -0.7466870738942939,
        -0.7531251292213459
      ],
      [
        -0.7583645119320608,
        1.0,
        -0.7534878694392471,
        -0.7475441984751057,
        -0.6639336954605125,
        -0.7581481673092656,
        -0.7223965867406912,
        -0.7404161692709887,
        -0.6999634197789526,
        -0.7219831174151408,
        -0.7277434599274208,
        -0.7423593869066043,
        -0.7486492439477435,
        -0.7476219785489615,
        -0.7256302393183354,
        -0.7388953767687069,
        -0.682008501913622,
        -0.7327452912050599,
        -0.7290986392525933,
        -0.7423454682920854,
        -0.7581008094818197,
        -0.7548481051514286
      ],
      [
        -0.7557195165242185,
        -0.7534878694392471,
        1.0,
        -0.735295507494927,
        -0.7046322353195686,
        -0.7593356910046579,
        -0.7465709274302659,
        -0.7086063560661374,
        -0.7354737082686984,
        -0.7569625169325724,
        -0.7233804441215228,
        -0.749781428137301,
        -0.7512111449185848,
        -0.740545358188776,
        -0.7331199095574137,
        -0.7492858062254155,
        -0.7596535383736484,
        -0.7241086132820663,
        -0.7558943888472026,
        -0.7452321887116136,
        -0.7544811837298334,
        -0.7385983889619716
      ],
      [
        -0.7467688773450873,
        -0.7475441984751057,
        -0.735295507494927,
        1.0,
        -0.719415405403951,
        -0.7515555610361482,
        -0.7245489063975579,
        -0.6323811836902676,
        -0.7003851529320912,
        -0.7107615237308644,
        -0.7445749307275601,
        -0.7385284786629986,
        -0.7344094994465509,
        -0.7446666335662243,
        -0.6968980454977949,
        -0.7509699958692051,
        -0.7447121908021042,
        -0.7379674398864858,
        -0.7318314446886033,
        -0.7441193466425378,
        -0.7582703171510682,
        -0.7228025602954319
      ],
      [
        -0.7477199199868498,
        -0.6639336954605125,
        -0.7046322353195686,
        -0.719415405403951,
        1.0,
        -0.7544032709886097,
        -0.7486565136270105,
        -0.7192135464171965,
        -0.5596807735607061,
        -0.7150818994842276,
        -0.7276612431963242,
        -0.7330365309493372,
        -0.7300521246217847,
        -0.5622423350555734,
        -0.7065727616563235,
        -0.7454311712435927,
        -0.7439883061708533,
        -0.724862091126571,
        -0.7340260195978277,
        -0.7338699177529266,
        -0.7549049456295627,
        -0.7479549913970278
      ],
      [
        -0.7524848287809683,
        -0.7581481673092656,
        -0.7593356910046579,
        -0.7515555610361482,
        -0.7544032709886097,
        1.0,
        -0.7604969621581621,
        -0.7527835839732095,
        -0.7168442290611493,
        -0.7520131625506496,
        -0.7565211546648083,
        -0.742858198496798,
        -0.7457054141564186,
        -0.7551928535629806,
        -0.7513505303036465,
        -0.741849231711925,
        -0.7469785078020917,
        -0.7489501010543524,
        -0.7406030507248098,
        -0.7390538384498326,
        -0.7536188536457209,
        -0.75268737934657
      ],
      [
        -0.7617005117428317,
        -0.7223965867406912,
        -0.7465709274302659,
        -0.7245489063975579,
        -0.7486565136270105,
        -0.7604969621581621,
        1.0,
        -0.6774522714008384,
        -0.7078876385163471,
        -0.7501896105281382,
        -0.7496146074071154,
        -0.7624406054979072,
        -0.752425994231892,
        -0.7572005700112792,
        -0.7084987438968193,
        -0.7503300691292819,
        -0.7583600146070266,
        -0.7485731764237014,
        -0.7556713161855992,
        -0.7545479262461815,
        -0.7643596858640466,
        -0.7499312457162481
      ],
      [
        -0.741333833953417,
        -0.7404161692709887,
        -0.7086063560661374,
        -0.6323811836902676,
        -0.7192135464171965,
        -0.7527835839732095,
        -0.6774522714008384,
        1.0,
        -0.7058169117514572,
        -0.7424079392432197,
        -0.7371771027626701,
        -0.7588644372046964,
        -0.7399114444624426,
        -0.7485697250148821,
        -0.6941743280850647,
        -0.7414874180975571,
        -0.7559045652904451,
        -0.7341544705958455,
        -0.7424672102357922,
        -0.7278849882057415,
        -0.7595117060304674,
        -0.6979730738160791
      ],
      [
        -0.733897196007085,
        -0.6999634197789526,
        -0.7354737082686984,
        -0.7003851529320912,
        -0.5596807735607061,
        -0.7168442290611493,
        -0.7078876385163471,
        -0.7058169117514572,
        1.0,
        -0.7143517428934041,
        -0.7294891345618243,
        -0.683680029498394,
        -0.7208983130973576,
        -0.6531512695986263,
        -0.6788525996905441,
        -0.7225635614873256,
        -0.7326809717020317,
        -0.7086031539494511,
        -0.7043273583573013,
        -0.7065870277654058,
        -0.7428592031518491,
        -0.7443877033188233
      ],
      [
        -0.7473411063017692,
        -0.7219831174151408,
        -0.7569625169325724,
        -0.7107615237308644,
        -0.7150818994842276,
        -0.7520131625506496,
        -0.7501896105281382,
        -0.7424079392432197,
        -0.7143517428934041,
        1.0,
        -0.7440209239101693,
        -0.7588035199137952,
        -0.7050901814536503,
        -0.7543923583032268,
        -0.7198231136791338,
        -0.7410185659738222,
        -0.7145914859396153,
        -0.7380576747256236,
        -0.7112025268209807,
        -0.7478586223863806,
        -0.7468585015548541,
        -0.7576156932226956
      ],
      [
        -0.7171660913616017,
        -0.7277434599274208,
        -0.7233804441215228,
        -0.7445749307275601,
        -0.7276612431963242,
        -0.7565211546648083,
        -0.7496146074071154,
        -0.7371771027626701,
        -0.7294891345618243,
        -0.7440209239101693,
        1.0,
        -0.7544163846178424,
        -0.5341844048387442,
        -0.7474155205478576,
        -0.7178402597757425,
        -0.7475420118296403,
        -0.7562540834937808,
        -0.650597304945745,
        -0.7481433951047549,
        -0.7405075615346952,
        -0.7500813280505574,
        -0.7538231840605119
      ],
      [
        -0.7562462037455118,
        -0.7423593869066043,
        -0.749781428137301,
        -0.7385284786629986,
        -0.7330365309493372,
        -0.742858198496798,
        -0.7624406054979072,
        -0.7588644372046964,
        -0.683680029498394,
        -0.7588035199137952,
        -0.7544163846178424,
        1.0,
        -0.7481537940134628,
        -0.7362120885099548,
        -0.7450712409671912,
        -0.7527590557694059,
        -0.7492035932113082,
        -0.7517844925603889,
        -0.7318202943994032,
        -0.7356127151994916,
        -0.7591647102859679,
        -0.7528580756395704
      ],
      [
        -0.7396100239092378,
        -0.7486492439477435,
        -0.7512111449185848,
        -0.7344094994465509,
        -0.7300521246217847,
        -0.7457054141564186,
        -0.752425994231892,
        -0.7399114444624426,
        -0.7208983130973576,
        -0.7050901814536503,
        -0.5341844048387442,
        -0.7481537940134628,
        1.0,
        -0.7452057724518025,
        -0.7295444987562095,
        -0.742902489698435,
        -0.7432965638770306,
        -0.7282530558629221,
        -0.7283633286415507,
        -0.726500721994066,
        -0.7519713506493407,
        -0.7561251878960821
      ],
      [
        -0.7492750641623427,
        -0.7476219785489615,
        -0.740545358188776,
        -0.7446666335662243,
        -0.5622423350555734,
        -0.7551928535629806,
        -0.7572005700112792,
        -0.7485697250148821,
        -0.6531512695986263,
        -0.7543923583032268,
        -0.7474155205478576,
        -0.7362120885099548,
        -0.7452057724518025,
        1.0,
        -0.7355854071826003,
        -0.7569445982404417,
        -0.7557500324704851,
        -0.7379609607329847,
        -0.7252004289397588,
        -0.7377736284115441,
        -0.7611555322565267,
        -0.755096918353974
      ],
      [
        -0.7204821990957451,
        -0.7256302393183354,
        -0.7331199095574137,
        -0.6968980454977949,
        -0.7065727616563235,
        -0.7513505303036465,
        -0.7084987438968193,
        -0.6941743280850647,
        -0.6788525996905441,
        -0.7198231136791338,
        -0.7178402597757425,
        -0.7450712409671912,
        -0.7295444987562095,
        -0.7355854071826003,
        1.0,
        -0.6216435274696483,
        -0.745681042724341,
        -0.7208541917761767,
        -0.7320083075518578,
        -0.729610546057881,
        -0.7498845930857305,
        -0.7140267384020709
      ],
      [
        -0.7503368918119058,
        -0.7388953767687069,
        -0.7492858062254155,
        -0.7509699958692051,
        -0.7454311712435927,
        -0.741849231711925,
        -0.7503300691292819,
        -0.7414874180975571,
        -0.7225635614873256,
        -0.7410185659738222,
        -0.7475420118296403,
        -0.7527590557694059,
        -0.742902489698435,
        -0.7569445982404417,
        -0.6216435274696483,
        1.0,
        -0.7350918268596791,
        -0.7052724373832261,
        -0.7334445503653015,
        -0.7380859013855746,
        -0.23634133762152404,
        -0.7464708648962952
      ],
      [
        -0.7602797732945972,
        -0.682008501913622,
        -0.7596535383736484,
        -0.7447121908021042,
        -0.7439883061708533,
        -0.7469785078020917,
        -0.7583600146070266,
        -0.7559045652904451,
        -0.7326809717020317,
        -0.7145914859396153,
        -0.7562540834937808,
        -0.7492035932113082,
        -0.7432965638770306,
        -0.7557500324704851,
        -0.745681042724341,
        -0.7350918268596791,
        1.0,
        -0.7463343392890276,
        -0.6997696707970533,
        -0.7480006534906292,
        -0.7370710488826699,
        -0.7519992701710463
      ],
      [
        -0.7151429697899419,
        -0.7327452912050599,
        -0.7241086132820663,
        -0.7379674398864858,
        -0.724862091126571,
        -0.7489501010543524,
        -0.7485731764237014,
        -0.7341544705958455,
        -0.7086031539494511,
        -0.7380576747256236,
        -0.650597304945745,
        -0.7517844925603889,
        -0.7282530558629221,
        -0.7379609607329847,
        -0.7208541917761767,
        -0.7052724373832261,
        -0.7463343392890276,
        1.0,
        -0.7441754129376028,
        -0.7291805323498752,
        -0.7093199760570814,
        -0.737850234496598
      ],
      [
        -0.7570355987162689,
        -0.7290986392525933,
        -0.7558943888472026,
        -0.7318314446886033,
        -0.7340260195978277,
        -0.7406030507248098,
        -0.7556713161855992,
        -0.7424672102357922,
        -0.7043273583573013,
        -0.7112025268209807,
        -0.7481433951047549,
        -0.7318202943994032,
        -0.7283633286415507,
        -0.7252004289397588,
        -0.7320083075518578,
        -0.7334445503653015,
        -0.6997696707970533,
        -0.7441754129376028,
        1.0,
        -0.7358340665424403,
        -0.7511940642413142,
        -0.7366963366882584
      ],
      [
        -0.7440275675010178,
        -0.7423454682920854,
        -0.7452321887116136,
        -0.7441193466425378,
        -0.7338699177529266,
        -0.7390538384498326,
        -0.7545479262461815,
        -0.7278849882057415,
        -0.7065870277654058,
        -0.7478586223863806,
        -0.7405075615346952,
        -0.7356127151994916,
        -0.726500721994066,
        -0.7377736284115441,
        -0.729610546057881,
        -0.7380859013855746,
        -0.7480006534906292,
        -0.7291805323498752,
        -0.7358340665424403,
        1.0,
        -0.7499866479091708,
        -0.7463884904700013
      ],
      [
        -0.7466870738942939,
        -0.7581008094818197,
        -0.7544811837298334,
        -0.7582703171510682,
        -0.7549049456295627,
        -0.7536188536457209,
        -0.7643596858640466,
        -0.7595117060304674,
        -0.7428592031518491,
        -0.7468585015548541,
        -0.7500813280505574,
        -0.7591647102859679,
        -0.7519713506493407,
        -0.7611555322565267,
        -0.7498845930857305,
        -0.23634133762152404,
        -0.7370710488826699,
        -0.7093199760570814,
        -0.7511940642413142,
        -0.7499866479091708,
        1.0,
        -0.7525828204425924
      ],
      [
        -0.7531251292213459,
        -0.7548481051514286,
        -0.7385983889619716,
        -0.7228025602954319,
        -0.7479549913970278,
        -0.75268737934657,
        -0.7499312457162481,
        -0.6979730738160791,
        -0.7443877033188233,
        -0.7576156932226956,
        -0.7538231840605119,
        -0.7528580756395704,
        -0.7561251878960821,
        -0.755096918353974,
        -0.7140267384020709,
        -0.7464708648962952,
        -0.7519992701710463,
        -0.737850234496598,
        -0.7366963366882584,
        -0.7463884904700013,
        -0.7525828204425924,
        1.0
      ]
    ],
    "series": {
      "2020-01": [
        87,
        13,
        6,
        24,
        19,
        4,
        6,
        13,
        21,
        12,
        5,
        4,
        10,
        3,
        14,
        0,
        5,
        20,
        9,
        9,
        0,
        9
      ],
      "2020-02": [
        66,
        15,
        7,
        15,
        16,
        4,
        5,
        16,
        24,
        17,
        7,
        7,
        14,
        3,
        12,
        3,
        8,
        18,
        3,
        13,
        0,
        7
      ],
      "2020-03": [
        73,
        24,
        6,
        26,
        20,
        5,
        13,
        27,
        15,
        12,
        5,
        4,
        10,
        12,
        14,
        4,
        6,
        24,
        10,
        11,
        0,
        15
      ],
      "2020-04": [
        72,
        24,
        2,
        31,
        20,
        1,
        4,
        30,
        20,
        23,
        9,
        6,
        12,
        9,
        21,
        5,
        8,
        11,
        5,
        14,
        0,
        11
      ],
      "2020-05": [
        77,
        23,
        10,
        25,
        21,
        4,
        8,
        18,
        17,
        30,
        6,
        4,
        7,
        13,
        14,
        4,
        6,
        21,
        14,
        14,
        0,
        11
      ],
      "2020-06": [
        89,
        9,
        3,
        17,
        22,
        5,
        6,
        15,
        20,
        17,
        12,
        10,
        12,
        5,
        16,
        8,
        10,
        16,
        11,
        15,
        1,
        14
      ],
      "2020-07": [
        71,
        20,
        10,
        14,
        25,
        3,
        11,
        17,
        24,
        19,
        8,
        4,
        15,
        7,
        18,
        6,
        8,
        21,
        10,
        18,
        0,
        11
      ],
      "2020-08": [
        73,
        16,
        2,
        25,
        15,
        1,
        6,
        11,
        19,
        18,
        7,
        1,
        14,
        3,
        17,
        4,
        15,
        14,
        11,
        16,
        2,
        11
      ],
      "2020-09": [
        63,
        21,
        9,
        15,
        21,
        1,
        9,
        18,
        19,
        14,
        5,
        6,
        9,
        5,
        17,
        7,
        5,
        17,
        9,
        9,
        0,
        12
      ],
      "2020-10": [
        78,
        15,
        8,
        32,
        23,
        2,
        13,
        13,
        22,
        12,
        8,
        8,
        8,
        7,
        17,
        3,
        8,
        18,
        6,
        11,
        1,
        11
      ],
      "2020-11": [
        80,
        14,
        3,
        22,
        11,
        2,
        6,
        13,
        15,
        15,
        9,
        5,
        10,
        9,
        14,
        4,
        11,
        24,
        10,
        12,
        0,
        10
      ],
      "2020-12": [
        83,
        21,
        11,
        23,
        20,
        2,
        9,
        14,
        28,
        14,
        17,
        1,
        12,
        6,
        21,
        7,
        13,
        20,
        7,
        23,
        2,
        7
      ],
      "2021-01": [
        71,
        14,
        8,
        24,
        13,
        3,
        9,
        13,
        15,
        23,
        7,
        6,
        6,
        9,
        17,
        6,
        13,
        20,
        4,
        10,
        0,
        14
      ],
      "2021-02": [
        66,
        18,
        4,
        13,
        16,
        2,
        14,
        12,
        19,
        20,
        12,
        8,
        10,
        9,
        19,
        4,
        8,
        16,
        8,
        18,
        0,
        12
      ],
      "2021-03": [
        88,
        18,
        10,
        27,
        20,
        2,
        6,
        15,
        20,
        23,
        6,
        10,
        11,
        8,
        15,
        7,
        10,
        23,
        21,
        12,
        0,
        17
      ],
      "2021-04": [
        80,
        17,
        11,
        24,
        19,
        4,
        10,
        21,
        27,
        15,
        12,
        4,
        13,
        9,
        24,
        8,
        10,
        15,
        13,
        10,
        0,
        15
      ],
      "2021-05": [
        94,
        15,
        9,
        24,
        18,
        5,
        5,
        15,
        27,
        17,
        8,
        7,
        12,
        14,
        21,
        7,
        7,
        14,
        7,
        21,
        0,
        12
      ],
      "2021-06": [
        81,
        25,
        9,
        19,
        27,
        4,
        9,
        15,
        25,
        18,
        11,
        3,
        7,
        9,
        18,
        3,
        10,
        18,
        9,
        14,
        0,
        10
      ],
      "2021-07": [
        81,
        20,
        7,
        19,
        16,
        3,
        7,
        14,
        26,
