{
  "topics": {
    "data": {
      "0": {
        "name": "0_information_entropy_data_learning",
        "keywords": [
          [
            "information",
            0.021013378661078875
          ],
          [
            "entropy",
            0.014684186808130372
          ],
          [
            "data",
            0.011697133308974273
          ],
          [
            "learning",
            0.010331174859752835
          ],
          [
            "model",
            0.009041113009816892
          ],
          [
            "models",
            0.008823244260020699
          ],
          [
            "Information",
            0.008384054359747192
          ],
          [
            "theory",
            0.00787723420987703
          ],
          [
            "distribution",
            0.007129479626343566
          ],
          [
            "measure",
            0.006666000415140163
          ]
        ],
        "count": 2464
      },
      "1": {
        "name": "1_RIS_IRS_intelligent_surface",
        "keywords": [
          [
            "RIS",
            0.04010441190017322
          ],
          [
            "IRS",
            0.019231115152042896
          ],
          [
            "intelligent",
            0.013232756013764719
          ],
          [
            "surface",
            0.011753522955965726
          ],
          [
            "RISs",
            0.01133710420468926
          ],
          [
            "phase",
            0.011285984432630947
          ],
          [
            "channel",
            0.010919911316065747
          ],
          [
            "Intelligent",
            0.01068922815715717
          ],
          [
            "elements",
            0.010238822982526485
          ],
          [
            "wireless",
            0.010185299199724869
          ]
        ],
        "count": 1348
      },
      "2": {
        "name": "2_signal_matrix_recovery_sparse",
        "keywords": [
          [
            "signal",
            0.01779825549693394
          ],
          [
            "matrix",
            0.017124297202556694
          ],
          [
            "recovery",
            0.016212532501815376
          ],
          [
            "sparse",
            0.015841706857996858
          ],
          [
            "measurements",
            0.014004448034997308
          ],
          [
            "noise",
            0.01134882403700906
          ],
          [
            "problem",
            0.011211961444462537
          ],
          [
            "rank",
            0.010770504513360049
          ],
          [
            "signals",
            0.010674805896704656
          ],
          [
            "algorithm",
            0.010184780894498514
          ]
        ],
        "count": 954
      },
      "3": {
        "name": "3_quantum_classical_Quantum_states",
        "keywords": [
          [
            "quantum",
            0.07667198402348174
          ],
          [
            "classical",
            0.02329291235293808
          ],
          [
            "Quantum",
            0.0200848392351372
          ],
          [
            "states",
            0.016222216037896406
          ],
          [
            "codes",
            0.01604130857519899
          ],
          [
            "entanglement",
            0.014986531171519296
          ],
          [
            "error",
            0.013527700952511794
          ],
          [
            "state",
            0.013496657718792339
          ],
          [
            "information",
            0.011848370508054826
          ],
          [
            "code",
            0.01043019286444279
          ]
        ],
        "count": 829
      },
      "4": {
        "name": "4_codes_linear_code_dual",
        "keywords": [
          [
            "codes",
            0.07956376794344704
          ],
          [
            "linear",
            0.027484606783516587
          ],
          [
            "code",
            0.025736414563344464
          ],
          [
            "dual",
            0.0211472197289943
          ],
          [
            "self",
            0.019240027722158413
          ],
          [
            "linear codes",
            0.018945173873081388
          ],
          [
            "cyclic",
            0.018302037054248977
          ],
          [
            "weight",
            0.01732556268328584
          ],
          [
            "distance",
            0.015414845979205678
          ],
          [
            "rank",
            0.014667786908285406
          ]
        ],
        "count": 824
      },
      "5": {
        "name": "5_decoding_codes_polar_LDPC",
        "keywords": [
          [
            "decoding",
            0.041065416433019836
          ],
          [
            "codes",
            0.033719121316281464
          ],
          [
            "polar",
            0.026121267853854473
          ],
          [
            "LDPC",
            0.02143803515451599
          ],
          [
            "code",
            0.020774139876354472
          ],
          [
            "decoder",
            0.018901660377194075
          ],
          [
            "polar codes",
            0.017386168456536004
          ],
          [
            "error",
            0.016107543109060193
          ],
          [
            "performance",
            0.014709675208193267
          ],
          [
            "Codes",
            0.013099385702657104
          ]
        ],
        "count": 743
      },
      "6": {
        "name": "6_AoI_policy_age_Age",
        "keywords": [
          [
            "AoI",
            0.03628501217621348
          ],
          [
            "policy",
            0.022573747766188063
          ],
          [
            "age",
            0.02008719880680851
          ],
          [
            "Age",
            0.018864376659040352
          ],
          [
            "time",
            0.018576288040804505
          ],
          [
            "status",
            0.017488688324709643
          ],
          [
            "update",
            0.01608555090257224
          ],
          [
            "average",
            0.015467372712268506
          ],
          [
            "information",
            0.01434279945950438
          ],
          [
            "optimal",
            0.013895312219702286
          ]
        ],
        "count": 611
      },
      "7": {
        "name": "7_beam_MIMO_field_near",
        "keywords": [
          [
            "beam",
            0.025914460829500576
          ],
          [
            "MIMO",
            0.0214156791774685
          ],
          [
            "field",
            0.019862249286471404
          ],
          [
            "near",
            0.016520106595030254
          ],
          [
            "channel",
            0.014780999958196856
          ],
          [
            "array",
            0.012956822038792995
          ],
          [
            "THz",
            0.012092331780392708
          ],
          [
            "beamforming",
            0.011533661313521223
          ],
          [
            "XL",
            0.011370132787172393
          ],
          [
            "multiple",
            0.01078311439750481
          ]
        ],
        "count": 604
      },
      "8": {
        "name": "8_coded_caching_scheme_coded caching",
        "keywords": [
          [
            "coded",
            0.02337470024010514
          ],
          [
            "caching",
            0.022725253170051155
          ],
          [
            "scheme",
            0.021969915255689556
          ],
          [
            "coded caching",
            0.018378754113725613
          ],
          [
            "schemes",
            0.01725733470624826
          ],
          [
            "cache",
            0.016407287140859837
          ],
          [
            "servers",
            0.016229953105645026
          ],
          [
            "PIR",
            0.01553836224291553
          ],
          [
            "users",
            0.014690416944147322
          ],
          [
            "user",
            0.01464948665292545
          ]
        ],
        "count": 594
      },
      "9": {
        "name": "9_UAV_UAVs_aerial_ground",
        "keywords": [
          [
            "UAV",
            0.045970706332689466
          ],
          [
            "UAVs",
            0.020592820544560554
          ],
          [
            "aerial",
            0.018203761436309855
          ],
          [
            "ground",
            0.01346948806556218
          ],
          [
            "network",
            0.010907793937277966
          ],
          [
            "unmanned",
            0.010817323871243638
          ],
          [
            "terrestrial",
            0.010810403516429107
          ],
          [
            "trajectory",
            0.010630314049093838
          ],
          [
            "communication",
            0.010071782233197102
          ],
          [
            "optimization",
            0.009170309058028936
          ]
        ],
        "count": 573
      },
      "10": {
        "name": "10_FL_learning_Federated_federated",
        "keywords": [
          [
            "FL",
            0.033807823502560355
          ],
          [
            "learning",
            0.02829542418503755
          ],
          [
            "Federated",
            0.020950479582322306
          ],
          [
            "federated",
            0.019095180812644677
          ],
          [
            "model",
            0.017818908956973356
          ],
          [
            "aggregation",
            0.016628603016051628
          ],
          [
            "communication",
            0.0160803652962287
          ],
          [
            "Learning",
            0.015471681374416832
          ],
          [
            "data",
            0.014676169088556523
          ],
          [
            "federated learning",
            0.014564105786266225
          ]
        ],
        "count": 559
      },
      "11": {
        "name": "11_semantic_communication_Semantic_semantic communication",
        "keywords": [
          [
            "semantic",
            0.0532921536061447
          ],
          [
            "communication",
            0.021517563468307393
          ],
          [
            "Semantic",
            0.019796241650023243
          ],
          [
            "semantic communication",
            0.01572283003741884
          ],
          [
            "AI",
            0.01536518870040789
          ],
          [
            "channel",
            0.01335066205329018
          ],
          [
            "source",
            0.012597104571690615
          ],
          [
            "image",
            0.01212614104316166
          ],
          [
            "transmission",
            0.01181490821925343
          ],
          [
            "information",
            0.011531721212471967
          ]
        ],
        "count": 469
      },
      "12": {
        "name": "12_MIMO_massive_cell_multiple",
        "keywords": [
          [
            "MIMO",
            0.026823372281420357
          ],
          [
            "massive",
            0.018603116523474954
          ],
          [
            "cell",
            0.017483998673306918
          ],
          [
            "multiple",
            0.013972220787086225
          ],
          [
            "Massive",
            0.013903470446627639
          ],
          [
            "Cell",
            0.0135637692878998
          ],
          [
            "free",
            0.013271103490221748
          ],
          [
            "massive MIMO",
            0.01291857192748938
          ],
          [
            "power",
            0.012535272755791756
          ],
          [
            "APs",
            0.011547471635564532
          ]
        ],
        "count": 442
      },
      "13": {
        "name": "13_MEC_offloading_problem_network",
        "keywords": [
          [
            "MEC",
            0.015812144511473003
          ],
          [
            "offloading",
            0.01395208860554353
          ],
          [
            "problem",
            0.013421966954921991
          ],
          [
            "network",
            0.01235719341825827
          ],
          [
            "computing",
            0.011616234479162163
          ],
          [
            "edge",
            0.011300168143967407
          ],
          [
            "allocation",
            0.010590995678862609
          ],
          [
            "resource",
            0.010547406644646406
          ],
          [
            "algorithm",
            0.010366507861708403
          ],
          [
            "learning",
            0.01020541647522398
          ]
        ],
        "count": 381
      },
      "14": {
        "name": "14_privacy_data_differential privacy_private",
        "keywords": [
          [
            "privacy",
            0.06979800385256309
          ],
          [
            "data",
            0.02482904594008762
          ],
          [
            "differential privacy",
            0.021047332787971294
          ],
          [
            "private",
            0.0207829419503383
          ],
          [
            "utility",
            0.020608210147404583
          ],
          [
            "Privacy",
            0.02031930782679698
          ],
          [
            "leakage",
            0.02021687179624946
          ],
          [
            "DP",
            0.018481653631434947
          ],
          [
            "differential",
            0.01753129204068378
          ],
          [
            "information",
            0.017218792567091447
          ]
        ],
        "count": 319
      },
      "15": {
        "name": "15_CSI_channel_feedback_MIMO",
        "keywords": [
          [
            "CSI",
            0.031801712180319484
          ],
          [
            "channel",
            0.021461688074772788
          ],
          [
            "feedback",
            0.020320926342085054
          ],
          [
            "MIMO",
            0.018014544119549312
          ],
          [
            "learning",
            0.016172436906587945
          ],
          [
            "DL",
            0.016161490208418575
          ],
          [
            "deep",
            0.01597780986320697
          ],
          [
            "neural",
            0.012808652921871739
          ],
          [
            "Deep",
            0.011945534226788165
          ],
          [
            "multiple",
            0.011743328535157988
          ]
        ],
        "count": 313
      },
      "16": {
        "name": "16_channel_capacity_feedback_Gaussian",
        "keywords": [
          [
            "channel",
            0.02444561898416364
          ],
          [
            "capacity",
            0.02429584375076462
          ],
          [
            "feedback",
            0.021720184919675967
          ],
          [
            "Gaussian",
            0.014647836048193608
          ],
          [
            "region",
            0.013392329451730725
          ],
          [
            "channels",
            0.013245337627055879
          ],
          [
            "rate",
            0.01265722382097884
          ],
          [
            "secrecy",
            0.012077182402205854
          ],
          [
            "bound",
            0.01107165363176449
          ],
          [
            "The",
            0.010942022804878732
          ]
        ],
        "count": 291
      },
      "17": {
        "name": "17_DNA_storage_deletion_codes",
        "keywords": [
          [
            "DNA",
            0.06338662071824114
          ],
          [
            "storage",
            0.03258487063498582
          ],
          [
            "deletion",
            0.031138974099675868
          ],
          [
            "codes",
            0.025660357489497708
          ],
          [
            "correcting",
            0.02434404089481672
          ],
          [
            "errors",
            0.023223606880940845
          ],
          [
            "log",
            0.022085477569775323
          ],
          [
            "deletions",
            0.020206617291918787
          ],
          [
            "length",
            0.017962890911867486
          ],
          [
            "code",
            0.01774763741681188
          ]
        ],
        "count": 280
      },
      "18": {
        "name": "18_access_activity_detection_random access",
        "keywords": [
          [
            "access",
            0.027551072983328928
          ],
          [
            "activity",
            0.02248228521991622
          ],
          [
            "detection",
            0.02099128997726882
          ],
          [
            "random access",
            0.019126003632268032
          ],
          [
            "active",
            0.01873791924742479
          ],
          [
            "massive",
            0.018721774728378382
          ],
          [
            "grant",
            0.015668728018782493
          ],
          [
            "activity detection",
            0.015168084722159431
          ],
          [
            "free",
            0.014946408107606186
          ],
          [
            "random",
            0.014761342778152988
          ]
        ],
        "count": 260
      },
      "19": {
        "name": "19_compression_distortion_rate distortion_source",
        "keywords": [
          [
            "compression",
            0.04585137743840996
          ],
          [
            "distortion",
            0.03811461841465135
          ],
          [
            "rate distortion",
            0.021624862308546572
          ],
          [
            "source",
            0.018586090031390518
          ],
          [
            "rate",
            0.018341573342873372
          ],
          [
            "image",
            0.015817044846366694
          ],
          [
            "coding",
            0.015419760032073548
          ],
          [
            "lossy",
            0.015002283988370653
          ],
          [
            "Compression",
            0.013746638421179687
          ],
          [
            "data",
            0.013234325438799408
          ]
        ],
        "count": 259
      },
      "20": {
        "name": "20_OTFS_Doppler_domain_frequency",
        "keywords": [
          [
            "OTFS",
            0.05505271619301934
          ],
          [
            "Doppler",
            0.03673915846170923
          ],
          [
            "domain",
            0.02434104503605297
          ],
          [
            "frequency",
            0.023301254606021338
          ],
          [
            "delay",
            0.022733090743146767
          ],
          [
            "DD",
            0.02263455040655741
          ],
          [
            "OFDM",
            0.02056954492446845
          ],
          [
            "modulation",
            0.018629704244791895
          ],
          [
            "channel",
            0.017244719495557708
          ],
          [
            "DD domain",
            0.016973058586230515
          ]
        ],
        "count": 223
      },
      "21": {
        "name": "21_optical_shaping_fiber_modulation",
        "keywords": [
          [
            "optical",
            0.027488585163638554
          ],
          [
            "shaping",
            0.023774863311276817
          ],
          [
            "fiber",
            0.015770275210994222
          ],
          [
            "modulation",
            0.014476491478257936
          ],
          [
            "Optical",
            0.013130107781601149
          ],
          [
            "noise",
            0.012949748205839951
          ],
          [
            "capacity",
            0.012775282861435647
          ],
          [
            "nonlinear",
            0.012343035288403473
          ],
          [
            "VLC",
            0.012261201801510942
          ],
          [
            "channel",
            0.011638033877217764
          ]
        ],
        "count": 215
      },
      "22": {
        "name": "22_NOMA_RSMA_multiple access_multiple",
        "keywords": [
          [
            "NOMA",
            0.04847680904713196
          ],
          [
            "RSMA",
            0.02800401074484501
          ],
          [
            "multiple access",
            0.02130989967814464
          ],
          [
            "multiple",
            0.019105674999480654
          ],
          [
            "access",
            0.018444580083161587
          ],
          [
            "user",
            0.015705188229011558
          ],
          [
            "users",
            0.013653296337787273
          ],
          [
            "power",
            0.013502341181211325
          ],
          [
            "orthogonal multiple access",
            0.013332515030158414
          ],
          [
            "SIC",
            0.013249125285304737
          ]
        ],
        "count": 215
      },
      "23": {
        "name": "23_regret_arm_learning_policy",
        "keywords": [
          [
            "regret",
            0.029564718625651257
          ],
          [
            "arm",
            0.027579651250641563
          ],
          [
            "learning",
            0.019516110757090713
          ],
          [
            "policy",
            0.018640622731699155
          ],
          [
            "bandit",
            0.017036644718777767
          ],
          [
            "arms",
            0.015307727202679186
          ],
          [
            "bandits",
            0.015049487531369888
          ],
          [
            "reward",
            0.014930095471808557
          ],
          [
            "algorithm",
            0.014884356877889202
          ],
          [
            "bound",
            0.014088381589801014
          ]
        ],
        "count": 206
      },
      "24": {
        "name": "24_sensing_ISAC_communication_radar",
        "keywords": [
          [
            "sensing",
            0.04364429068146191
          ],
          [
            "ISAC",
            0.0343431553710546
          ],
          [
            "communication",
            0.02570907642909337
          ],
          [
            "radar",
            0.019729863599359746
          ],
          [
            "target",
            0.01772924717630854
          ],
          [
            "performance",
            0.014429683642521049
          ],
          [
            "Sensing",
            0.011561476303100145
          ],
          [
            "design",
            0.010491313601917764
          ],
          [
            "signal",
            0.010422160335950703
          ],
          [
            "Integrated",
            0.010270870900687016
          ]
        ],
        "count": 204
      },
      "25": {
        "name": "25_functions_differential_APN_bent",
        "keywords": [
          [
            "functions",
            0.09246621844829388
          ],
          [
            "differential",
            0.062322481628283716
          ],
          [
            "APN",
            0.0555278269197704
          ],
          [
            "bent",
            0.05133667076911309
          ],
          [
            "uniformity",
            0.05059826709597493
          ],
          [
            "bent functions",
            0.0329744777183516
          ],
          [
            "function",
            0.030361820501345733
          ],
          [
            "permutation",
            0.023394809845612336
          ],
          [
            "permutations",
            0.0233594903403387
          ],
          [
            "finite",
            0.02051403009843724
          ]
        ],
        "count": 201
      },
      "26": {
        "name": "26_energy_power_SWIPT_EH",
        "keywords": [
          [
            "energy",
            0.03752829693888914
          ],
          [
            "power",
            0.028327257311911644
          ],
          [
            "SWIPT",
            0.025084298067257326
          ],
          [
            "EH",
            0.02159577393596955
          ],
          [
            "transfer",
            0.01860215678749608
          ],
          [
            "harvesting",
            0.017258330194581818
          ],
          [
            "power transfer",
            0.0168219917822074
          ],
          [
            "energy harvesting",
            0.015488265600733351
          ],
          [
            "wireless",
            0.014625362318752435
          ],
          [
            "information",
            0.012187612272904692
          ]
        ],
        "count": 181
      },
      "27": {
        "name": "27_jamming_secrecy_jammer_security",
        "keywords": [
          [
            "jamming",
            0.025926573102957196
          ],
          [
            "secrecy",
            0.02180092146557882
          ],
          [
            "jammer",
            0.01758584244086477
          ],
          [
            "security",
            0.017033649710594217
          ],
          [
            "legitimate",
            0.016492623048414055
          ],
          [
            "eavesdropper",
            0.01291443580443011
          ],
          [
            "secrecy rate",
            0.011101378853822733
          ],
          [
            "AN",
            0.010008948930097102
          ],
          [
            "communication",
            0.009978650930981785
          ],
          [
            "rate",
            0.009806326575652743
          ]
        ],
        "count": 171
      },
      "28": {
        "name": "28_RIS_secrecy_IRS_secrecy rate",
        "keywords": [
          [
            "RIS",
            0.031080788822694702
          ],
          [
            "secrecy",
            0.030826774005236767
          ],
          [
            "IRS",
            0.025192573939388882
          ],
          [
            "secrecy rate",
            0.015956237521438356
          ],
          [
            "reflecting",
            0.013230786055094632
          ],
          [
            "intelligent",
            0.01317084220695108
          ],
          [
            "legitimate",
            0.013136556808041946
          ],
          [
            "surface",
            0.012851145934992298
          ],
          [
            "optimization",
            0.012034642524730813
          ],
          [
            "rate",
            0.011872253802614514
          ]
        ],
        "count": 150
      },
      "29": {
        "name": "29_5G_positioning_localization_networks",
        "keywords": [
          [
            "5G",
            0.02455629270906887
          ],
          [
            "positioning",
            0.016186154992638677
          ],
          [
            "localization",
            0.015701351457457338
          ],
          [
            "networks",
            0.01396591548993429
          ],
          [
            "sensing",
            0.012846166134786157
          ],
          [
            "network",
            0.012753689265232869
          ],
          [
            "3GPP",
            0.010691697503494486
          ],
          [
            "mmWave",
            0.009449997925754062
          ],
          [
            "communication",
            0.009434395409616258
          ],
          [
            "wireless",
            0.009146131420314074
          ]
        ],
        "count": 147
      }
    },
    "correlations": [
      [
        1.0,
        -0.7546735464548748,
        -0.7112882515254584,
        -0.7240243867909734,
        -0.7150183155903593,
        -0.7192638024931156,
        -0.7107185240382171,
        -0.7438253038639315,
        -0.7206677406350328,
        -0.7615112454924486,
        -0.6988698457080527,
        -0.7332957345130096,
        -0.7486958246203019,
        -0.7447856726670388,
        -0.692545335496155,
        -0.6949023790764987,
        -0.7042914614751696,
        -0.7276655244172374,
        -0.7312512888387952,
        -0.6868153016085294,
        -0.7474225577587252,
        -0.7369058227061389,
        -0.7451526758142016,
        -0.7069810936846348,
        -0.7339987933843395,
        -0.7088437493353141,
        -0.7306771532710139,
        -0.7472452886977359,
        -0.7499905701763729,
        -0.7579797116932143
      ],
      [
        -0.7546735464548748,
        1.0,
        -0.7444602443912494,
        -0.7649523205384927,
        -0.7643672807230971,
        -0.761907756444733,
        -0.7521414347750945,
        -0.676633420481268,
        -0.7479323019354547,
        -0.7322586099770751,
        -0.7454193297061915,
        -0.7498053764148966,
        -0.6908571693696055,
        -0.7092955523968549,
        -0.7617923153710798,
        -0.6631858911811961,
        -0.7324007760715407,
        -0.7636727925141108,
        -0.7312845108508368,
        -0.7566365733858268,
        -0.745086723309748,
        -0.7203560593955747,
        -0.6943938598217261,
        -0.7583054816535038,
        -0.7060377229131325,
        -0.7568858243380191,
        -0.6710457774732723,
        -0.7128633631686931,
        0.15475492814000472,
        -0.7273403517734589
      ],
      [
        -0.7112882515254584,
        -0.7444602443912494,
        1.0,
        -0.7577954160942053,
        -0.741110731535562,
        -0.746383973243699,
        -0.7521054134729637,
        -0.734935393273098,
        -0.7429720159983149,
        -0.7598962982426878,
        -0.7384811417680761,
        -0.7568993170585643,
        -0.742796940778706,
        -0.7497056744990103,
        -0.7441465180849804,
        -0.7226832668814465,
        -0.744551299636019,
        -0.7465410401821817,
        -0.7398546841572247,
        -0.7448745937850051,
        -0.735469437522357,
        -0.6626521466879933,
        -0.7552229782408149,
        -0.7424012196828955,
        -0.7014349462820544,
        -0.7313416684916102,
        -0.7463573929834636,
        -0.755434173328082,
        -0.7433829662908364,
        -0.7568597526863339
      ],
      [
        -0.7240243867909734,
        -0.7649523205384927,
        -0.7577954160942053,
        1.0,
        -0.6758882568632985,
        -0.7026642617744634,
        -0.7543365302609312,
        -0.7549713479206033,
        -0.7540684709033445,
        -0.7638333697844368,
        -0.7513468729000675,
        -0.7555345892905512,
        -0.7597161250281932,
        -0.7629507092968066,
        -0.7472359877633754,
        -0.7434532712208656,
        -0.7258462731306746,
        -0.7176991016595999,
        -0.7555883080899224,
        -0.7446012218842043,
        -0.7625927794189836,
        -0.7555174432802829,
        -0.7589485261324276,
        -0.7463181504449861,
        -0.7522174691141572,
        -0.7460058551963228,
        -0.7575486528797537,
        -0.7470997370238144,
        -0.7603625492120231,
        -0.7645278407527782
      ],
      [
        -0.7150183155903593,
        -0.7643672807230971,
        -0.741110731535562,
        -0.6758882568632985,
        1.0,
        -0.35029991780460845,
        -0.7534067811357432,
        -0.7497493680922266,
        -0.732375546943354,
        -0.7653109331840575,
        -0.7558564351832879,
        -0.759862589705618,
        -0.7621403812843206,
        -0.7613925785585902,
        -0.7508799844729208,
        -0.7405471621630921,
        -0.731618063943968,
        -0.46086738502619945,
        -0.7509994890689845,
        -0.741023758051119,
        -0.7600560983916593,
        -0.7556208908291897,
        -0.7581381764220614,
        -0.7299157429597278,
        -0.7577829363228553,
        -0.6761822740586287,
        -0.752584431009186,
        -0.7558176085958913,
        -0.7608817739686984,
        -0.7609029009677069
      ],
      [
        -0.7192638024931156,
        -0.761907756444733,
        -0.746383973243699,
        -0.7026642617744634,
        -0.35029991780460845,
        1.0,
        -0.7521437628858003,
        -0.7505143146538857,
        -0.7334294201363489,
        -0.7650063698544216,
        -0.7553708016478793,
        -0.7476398145401235,
        -0.7500281531552629,
        -0.7545557982270721,
        -0.7521284540234698,
        -0.7162963695210174,
        -0.6944018681243651,
        -0.5488924169637288,
        -0.7302269846876427,
        -0.7178345090378038,
        -0.7545490473959973,
        -0.7400928620174492,
        -0.7387373409398718,
        -0.7438872135185286,
        -0.754991031128891,
        -0.7396676560607931,
        -0.7465729150939946,
        -0.7519153562356599,
        -0.7563136665038059,
        -0.7392506286258943
      ],
      [
        -0.7107185240382171,
        -0.7521414347750945,
        -0.7521054134729637,
        -0.7543365302609312,
        -0.7534067811357432,
        -0.7521437628858003,
        1.0,
        -0.7532251719445214,
        -0.7401752716113368,
        -0.749263506831958,
        -0.7351501826093834,
        -0.7420227090566165,
        -0.7540956480840673,
        -0.7138162674847657,
        -0.744850203338147,
        -0.7282593539450851,
        -0.7390453970212499,
        -0.7553081274695863,
        -0.7266291852170101,
        -0.722809616035107,
        -0.7374908058158847,
        -0.751263812745976,
        -0.7315855727148284,
        -0.6896658905502253,
        -0.7412580997483509,
        -0.7409922116357494,
        -0.7072433558940432,
        -0.7511629921060783,
        -0.752039745324023,
        -0.7533430005452185
      ],
      [
        -0.7438253038639315,
        -0.676633420481268,
        -0.734935393273098,
        -0.7549713479206033,
        -0.7497493680922266,
        -0.7505143146538857,
        -0.7532251719445214,
        1.0,
        -0.7367313281098398,
        -0.7507783371620089,
        -0.7427110485111437,
        -0.7428694918112868,
        -0.17424151054710074,
        -0.7354247919410526,
        -0.7569960250710417,
        -0.42208034935942484,
        -0.7139732955329064,
        -0.7595498350228941,
        -0.7200179744224746,
        -0.7478208795203998,
        -0.718004470363102,
        -0.7253850345370453,
        -0.7332627492250918,
        -0.7478778973782818,
        -0.6956842258882687,
        -0.7473622841584171,
        -0.7109465190757043,
        -0.7388770512612866,
        -0.6856544075240437,
        -0.7044233241412994
      ],
      [
        -0.7206677406350328,
        -0.7479323019354547,
        -0.7429720159983149,
        -0.7540684709033445,
        -0.732375546943354,
        -0.7334294201363489,
        -0.7401752716113368,
        -0.7367313281098398,
        1.0,
        -0.7580797048920322,
        -0.7364567253881147,
        -0.7509242201414861,
        -0.7402516125315113,
        -0.7314354853172091,
        -0.7081998828206344,
        -0.7227706460902594,
        -0.7159210368946133,
        -0.7321697033795178,
        -0.7181574120315177,
        -0.7374599406659972,
        -0.7513354720853562,
        -0.7560381329770071,
        -0.730369999309165,
        -0.7241814507456461,
        -0.7494766976216238,
        -0.7494354137032255,
        -0.7384315380521396,
        -0.7374769968676934,
        -0.7383832073546881,
        -0.7561301404864613
      ],
      [
        -0.7615112454924486,
        -0.7322586099770751,
        -0.7598962982426878,
        -0.7638333697844368,
        -0.7653109331840575,
        -0.7650063698544216,
        -0.749263506831958,
        -0.7507783371620089,
        -0.7580797048920322,
        1.0,
        -0.7481858824028154,
        -0.7546977635363785,
        -0.7458949434869058,
        -0.7114837328477922,
        -0.7591458289879378,
        -0.7395827790674263,
        -0.753987829537698,
        -0.7640273543465602,
        -0.7486948092378052,
        -0.7612560969679727,
        -0.7508539114458956,
        -0.757772434133838,
        -0.7307962267552842,
        -0.759696256645906,
        -0.730242250945474,
        -0.7598804475430498,
        -0.7208829155056993,
        -0.7214036051529867,
        -0.7192128043362853,
        -0.7376031801494632
      ],
      [
        -0.6988698457080527,
        -0.7454193297061915,
        -0.7384811417680761,
        -0.7513468729000675,
        -0.7558564351832879,
        -0.7553708016478793,
        -0.7351501826093834,
        -0.7427110485111437,
        -0.7364567253881147,
        -0.7481858824028154,
        1.0,
        -0.731724850796279,
        -0.7495004657698408,
        -0.7311167493510684,
        -0.6440342789266852,
        -0.7009745884636039,
        -0.7383028443286023,
        -0.7497853861431842,
        -0.739072098789786,
        -0.7143896762639498,
        -0.7464089829098584,
        -0.7530259725853029,
        -0.7441458354783298,
        -0.6863294325574252,
        -0.7374881795392545,
        -0.7376424975125875,
        -0.7239708268117553,
        -0.7546323667795929,
        -0.7487206900568636,
        -0.7440540853893701
      ],
      [
        -0.7332957345130096,
        -0.7498053764148966,
        -0.7568993170585643,
        -0.7555345892905512,
        -0.759862589705618,
        -0.7476398145401235,
        -0.7420227090566165,
        -0.7428694918112868,
        -0.7509242201414861,
        -0.7546977635363785,
        -0.731724850796279,
        1.0,
        -0.747848212617541,
        -0.7405798284082801,
        -0.7394002193067539,
        -0.7120264961445699,
        -0.7289209687374782,
        -0.7620351736224171,
        -0.7488411963072108,
        -0.6980947390624961,
        -0.7473022940554613,
        -0.7450285517074373,
        -0.7429756292470526,
        -0.7503929816575206,
        -0.6049410970239137,
        -0.7549599096463012,
        -0.7454252111578272,
        -0.7411216694002309,
        -0.7447152105427629,
        -0.7267505897089355
      ],
      [
        -0.7486958246203019,
        -0.6908571693696055,
        -0.742796940778706,
        -0.7597161250281932,
        -0.7621403812843206,
        -0.7500281531552629,
        -0.7540956480840673,
        -0.17424151054710074,
        -0.7402516125315113,
        -0.7458949434869058,
        -0.7495004657698408,
        -0.747848212617541,
        1.0,
        -0.7287922320312679,
        -0.7582280073257284,
        -0.3305135257418449,
        -0.7164480134495663,
        -0.7631459277576815,
        -0.6933122206785288,
        -0.744596528730904,
        -0.7036361831732741,
        -0.7312707488197864,
        -0.7291463486196681,
        -0.7517906453815972,
        -0.7200752091954077,
        -0.751812508687332,
        -0.7018337817451149,
        -0.7435638558542265,
        -0.6950269925726857,
        -0.7086488609892772
      ],
      [
        -0.7447856726670388,
        -0.7092955523968549,
        -0.7497056744990103,
        -0.7629507092968066,
        -0.7613925785585902,
        -0.7545557982270721,
        -0.7138162674847657,
        -0.7354247919410526,
        -0.7314354853172091,
        -0.7114837328477922,
        -0.7311167493510684,
        -0.7405798284082801,
        -0.7287922320312679,
        1.0,
        -0.7395465078183545,
        -0.7130090703213998,
        -0.7508127320182377,
        -0.7627897843426683,
        -0.727997024417121,
