{
  "topics": {
    "data": {
      "0": {
        "name": "0_ray_emission_accretion_keV",
        "keywords": [
          [
            "ray",
            0.0254946095100492
          ],
          [
            "emission",
            0.011014739356749428
          ],
          [
            "accretion",
            0.01083980148409494
          ],
          [
            "keV",
            0.010752467333714363
          ],
          [
            "AGN",
            0.010247740957285714
          ],
          [
            "spectral",
            0.009945522964869793
          ],
          [
            "observations",
            0.009584763537569773
          ],
          [
            "source",
            0.008986855507458568
          ],
          [
            "disk",
            0.008369107003665789
          ],
          [
            "optical",
            0.008261155916256516
          ]
        ],
        "count": 3414
      },
      "1": {
        "name": "1_gravitational_wave_gravitational wave_binary",
        "keywords": [
          [
            "gravitational",
            0.024951894808813192
          ],
          [
            "wave",
            0.02173933947620264
          ],
          [
            "gravitational wave",
            0.021042430767505203
          ],
          [
            "binary",
            0.01842776225291023
          ],
          [
            "black",
            0.0176579250925596
          ],
          [
            "GW",
            0.016388599175882014
          ],
          [
            "mass",
            0.015205166179842874
          ],
          [
            "hole",
            0.012755695032744502
          ],
          [
            "black hole",
            0.012635520713837013
          ],
          [
            "mergers",
            0.012146999257240281
          ]
        ],
        "count": 2293
      },
      "2": {
        "name": "2_dark_dark matter_matter_neutrino",
        "keywords": [
          [
            "dark",
            0.02946517041453107
          ],
          [
            "dark matter",
            0.026413428647797017
          ],
          [
            "matter",
            0.025017354276737243
          ],
          [
            "neutrino",
            0.02482548582504357
          ],
          [
            "DM",
            0.017307155039909032
          ],
          [
            "neutrinos",
            0.01369620443056132
          ],
          [
            "flavor",
            0.012088538313935318
          ],
          [
            "gamma",
            0.010923664506609854
          ],
          [
            "annihilation",
            0.010763357757484755
          ],
          [
            "energy",
            0.010462808615904437
          ]
        ],
        "count": 1914
      },
      "3": {
        "name": "3_FRB_FRBs_radio_pulsar",
        "keywords": [
          [
            "FRB",
            0.03127452835279978
          ],
          [
            "FRBs",
            0.023626267999724525
          ],
          [
            "radio",
            0.02294487229260171
          ],
          [
            "pulsar",
            0.01853836433533198
          ],
          [
            "pulsars",
            0.01744587102413992
          ],
          [
            "bursts",
            0.016522072379351913
          ],
          [
            "repeating",
            0.011397944331189713
          ],
          [
            "burst",
            0.010717866610072294
          ],
          [
            "PSR",
            0.010116664390544582
          ],
          [
            "radio bursts",
            0.009658771624607524
          ]
        ],
        "count": 1670
      },
      "4": {
        "name": "4_neutron_matter_stars_star",
        "keywords": [
          [
            "neutron",
            0.0364855218972538
          ],
          [
            "matter",
            0.03252698771759288
          ],
          [
            "stars",
            0.029866731261440464
          ],
          [
            "star",
            0.02166888767959374
          ],
          [
            "nuclear",
            0.02105299312791632
          ],
          [
            "neutron stars",
            0.021034511644622788
          ],
          [
            "quark",
            0.02020929079403006
          ],
          [
            "neutron star",
            0.018720128050747492
          ],
          [
            "state",
            0.018565387597564632
          ],
          [
            "density",
            0.016531235872152196
          ]
        ],
        "count": 1531
      },
      "5": {
        "name": "5_black_hole_black hole_holes",
        "keywords": [
          [
            "black",
            0.043146368357947044
          ],
          [
            "hole",
            0.032493006187941556
          ],
          [
            "black hole",
            0.031764423575243846
          ],
          [
            "holes",
            0.02165477633516291
          ],
          [
            "black holes",
            0.020717684870219185
          ],
          [
            "Kerr",
            0.020116148452576525
          ],
          [
            "gravity",
            0.018102928124055923
          ],
          [
            "scalar",
            0.017664114974219894
          ],
          [
            "spacetime",
            0.015701051067849962
          ],
          [
            "field",
            0.013599689909311638
          ]
        ],
        "count": 1121
      },
      "6": {
        "name": "6_GRB_GRBs_jet_emission",
        "keywords": [
          [
            "GRB",
            0.03786672718259851
          ],
          [
            "GRBs",
            0.028897729777751378
          ],
          [
            "jet",
            0.023643506807293622
          ],
          [
            "emission",
            0.016492089472128595
          ],
          [
            "afterglow",
            0.015912189841769203
          ],
          [
            "gamma",
            0.01429722324433927
          ],
          [
            "ray",
            0.01417395140710804
          ],
          [
            "jets",
            0.012879777335979331
          ],
          [
            "gamma ray",
            0.01281578560384445
          ],
          [
            "energy",
            0.012803339736369818
          ]
        ],
        "count": 1090
      },
      "7": {
        "name": "7_SN_SNe_Ia_Type",
        "keywords": [
          [
            "SN",
            0.048479534436673875
          ],
          [
            "SNe",
            0.03388896687968673
          ],
          [
            "Ia",
            0.0253921547013255
          ],
          [
            "Type",
            0.023287675707525532
          ],
          [
            "explosion",
            0.020666368112447597
          ],
          [
            "progenitor",
            0.01779276256361716
          ],
          [
            "light",
            0.016915292001369788
          ],
          [
            "CSM",
            0.016748750683679592
          ],
          [
            "II",
            0.016741366513191802
          ],
          [
            "mass",
            0.01553333969353463
          ]
        ],
        "count": 983
      },
      "8": {
        "name": "8_gamma_blazars_ray_blazar",
        "keywords": [
          [
            "gamma",
            0.023486220774432166
          ],
          [
            "blazars",
            0.023169711965434252
          ],
          [
            "ray",
            0.021279317570532467
          ],
          [
            "blazar",
            0.018971732741078058
          ],
          [
            "BL",
            0.017149717855039853
          ],
          [
            "variability",
            0.01669116675181698
          ],
          [
            "Fermi",
            0.015227899151784886
          ],
          [
            "spectral",
            0.013296319018038114
          ],
          [
            "emission",
            0.012784107207817712
          ],
          [
            "flux",
            0.01266848911004145
          ]
        ],
        "count": 753
      },
      "9": {
        "name": "9_neutrino_IceCube_neutrinos_energy",
        "keywords": [
          [
            "neutrino",
            0.05440256084129752
          ],
          [
            "IceCube",
            0.0488488115081183
          ],
          [
            "neutrinos",
            0.030347383669766595
          ],
          [
            "energy",
            0.023487866922928757
          ],
          [
            "high energy",
            0.020144161350452387
          ],
          [
            "high",
            0.01812789661101427
          ],
          [
            "sources",
            0.015417941018618693
          ],
          [
            "Neutrino",
            0.015172183954133433
          ],
          [
            "astrophysical",
            0.014955526223483905
          ],
          [
            "flux",
            0.01410340488734584
          ]
        ],
        "count": 634
      },
      "10": {
        "name": "10_process_neutron_ejecta_star",
        "keywords": [
          [
            "process",
            0.020315738576728797
          ],
          [
            "neutron",
            0.018520731061722345
          ],
          [
            "ejecta",
            0.017278309956358155
          ],
          [
            "star",
            0.014413224076846256
          ],
          [
            "neutron star",
            0.01329239506585386
          ],
          [
            "kilonova",
            0.013051915643684473
          ],
          [
            "neutrino",
            0.012893073702677348
          ],
          [
            "simulations",
            0.0126704796393014
          ],
          [
            "elements",
            0.01242213385049154
          ],
          [
            "merger",
            0.012383066528382034
          ]
        ],
        "count": 629
      },
      "11": {
        "name": "11_magnetic_plasma_acceleration_reconnection",
        "keywords": [
          [
            "magnetic",
            0.029145783015773592
          ],
          [
            "plasma",
            0.02798249012575204
          ],
          [
            "acceleration",
            0.027801574248744347
          ],
          [
            "reconnection",
            0.026863646404130484
          ],
          [
            "particle",
            0.025833717877580056
          ],
          [
            "shock",
            0.02551732076851143
          ],
          [
            "turbulence",
            0.02007685606193372
          ],
          [
            "shocks",
            0.018980403182679687
          ],
          [
            "simulations",
            0.018730857239457586
          ],
          [
            "field",
            0.017628458959651556
          ]
        ],
        "count": 459
      },
      "12": {
        "name": "12_air_showers_shower_cosmic",
        "keywords": [
          [
            "air",
            0.04104668567744378
          ],
          [
            "showers",
            0.03816077208724944
          ],
          [
            "shower",
            0.03553080920670344
          ],
          [
            "cosmic",
            0.030675454560476868
          ],
          [
            "air showers",
            0.027215497933196782
          ],
          [
            "energy",
            0.023961692467269945
          ],
          [
            "Auger",
            0.021084060928899778
          ],
          [
            "cosmic ray",
            0.019812489189975045
          ],
          [
            "muon",
            0.01931380163228126
          ],
          [
            "Pierre",
            0.01857505949108653
          ]
        ],
        "count": 420
      },
      "13": {
        "name": "13_accretion_magnetic_disk_simulations",
        "keywords": [
          [
            "accretion",
            0.03795397141763468
          ],
          [
            "magnetic",
            0.024108173293175696
          ],
          [
            "disk",
            0.021864983101261892
          ],
          [
            "simulations",
            0.01932025574176355
          ],
          [
            "black",
            0.01627659381319192
          ],
          [
            "field",
            0.01524260301906717
          ],
          [
            "disc",
            0.014854155942679855
          ],
          [
            "flow",
            0.013704258938343981
          ],
          [
            "hole",
            0.012875496339838458
          ],
          [
            "black hole",
            0.012596620050675513
          ]
        ],
        "count": 331
      },
      "14": {
        "name": "14_mass_stellar_black_stars",
        "keywords": [
          [
            "mass",
            0.02672047790620374
          ],
          [
            "stellar",
            0.023373726333967948
          ],
          [
            "black",
            0.02070669578093166
          ],
          [
            "stars",
            0.020123152771101275
          ],
          [
            "star",
            0.018526950713463355
          ],
          [
            "tidal",
            0.015412530570369669
          ],
          [
            "disruption",
            0.015186276978087582
          ],
          [
            "holes",
            0.013503784527648555
          ],
          [
            "black holes",
            0.013325175285721814
          ],
          [
            "hole",
            0.012715104706376873
          ]
        ],
        "count": 327
      },
      "15": {
        "name": "15_polarization_IXPE_ray_degree",
        "keywords": [
          [
            "polarization",
            0.05646622299512937
          ],
          [
            "IXPE",
            0.0322537033395258
          ],
          [
            "ray",
            0.030832004968009336
          ],
          [
            "degree",
            0.017600516311000534
          ],
          [
            "polarimetric",
            0.017075880898828555
          ],
          [
            "polarization degree",
            0.01639225842918106
          ],
          [
            "Polarimetry",
            0.015782383274295285
          ],
          [
            "ray polarization",
            0.014869705167884547
          ],
          [
            "angle",
            0.014657277292636094
          ],
          [
            "keV",
            0.013841613872273608
          ]
        ],
        "count": 279
      },
      "16": {
        "name": "16_gamma_gamma ray_ray_TeV",
        "keywords": [
          [
            "gamma",
            0.037116708992240066
          ],
          [
            "gamma ray",
            0.03339373297925967
          ],
          [
            "ray",
            0.029767467411822943
          ],
          [
            "TeV",
            0.02851517784823588
          ],
          [
            "emission",
            0.025949805905688978
          ],
          [
            "SNR",
            0.022381970144482913
          ],
          [
            "gamma ray emission",
            0.019953815156716796
          ],
          [
            "ray emission",
            0.019904929623444312
          ],
          [
            "GeV",
            0.019793803071561582
          ],
          [
            "source",
            0.017625216782953913
          ]
        ],
        "count": 274
      },
      "17": {
        "name": "17_SNR_remnant_supernova_emission",
        "keywords": [
          [
            "SNR",
            0.02784166461581372
          ],
          [
            "remnant",
            0.023620042657539687
          ],
          [
            "supernova",
            0.020452837991712346
          ],
          [
            "emission",
            0.016613396244298632
          ],
          [
            "SNRs",
            0.016583410112008097
          ],
          [
            "shock",
            0.01600155519740624
          ],
          [
            "ejecta",
            0.01598540409690454
          ],
          [
            "ray",
            0.012804675791748554
          ],
          [
            "Fe",
            0.012194013744610465
          ],
          [
            "km",
            0.011488263763159087
          ]
        ],
        "count": 266
      },
      "18": {
        "name": "18_cosmic_UHECR_energy_cosmic rays",
        "keywords": [
          [
            "cosmic",
            0.03834408464656299
          ],
          [
            "UHECR",
            0.023686977674976267
          ],
          [
            "energy",
            0.02337428407589253
          ],
          [
            "cosmic rays",
            0.02278926364259189
          ],
          [
            "cosmic ray",
            0.022689856781794006
          ],
          [
            "rays",
            0.021120564839609796
          ],
          [
            "ray",
            0.01661523438611201
          ],
          [
            "CR",
            0.016609119284285438
          ],
          [
            "propagation",
            0.016196895157298507
          ],
          [
            "sources",
            0.01597684620756538
          ]
        ],
        "count": 250
      },
      "19": {
        "name": "19_TDE_TDEs_disruption_optical",
        "keywords": [
          [
            "TDE",
            0.038487399110972
          ],
          [
            "TDEs",
            0.03690036821830722
          ],
          [
            "disruption",
            0.02580420317876306
          ],
          [
            "optical",
            0.023634474798702922
          ],
          [
            "tidal disruption",
            0.020972470743832405
          ],
          [
            "tidal",
            0.01916035276021608
          ],
          [
            "emission",
            0.015792875532754623
          ],
          [
            "disruption event",
            0.015049601451576631
          ],
          [
            "tidal disruption event",
            0.014737806815157887
          ],
          [
            "UV",
            0.01435781347624897
          ]
        ],
        "count": 247
      },
      "20": {
        "name": "20_Sgr_EHT_black_hole",
        "keywords": [
          [
            "Sgr",
            0.03161403495607797
          ],
          [
            "EHT",
            0.028685658177303144
          ],
          [
            "black",
            0.024441187353544152
          ],
          [
            "hole",
            0.0220142422827215
          ],
          [
            "black hole",
            0.02173259875411448
          ],
          [
            "images",
            0.02003907861525993
          ],
          [
            "Horizon",
            0.017951129802523103
          ],
          [
            "M87",
            0.017228875137446
          ],
          [
            "Event",
            0.016149759711092507
          ],
          [
            "image",
            0.01594056927461994
          ]
        ],
        "count": 239
      },
      "21": {
        "name": "21_jet_VLBI_GHz_radio",
        "keywords": [
          [
            "jet",
            0.06730863993681509
          ],
          [
            "VLBI",
            0.02411288181397238
          ],
          [
            "GHz",
            0.02387429995925345
          ],
          [
            "radio",
            0.02169475443866891
          ],
          [
            "jets",
            0.018221234619563667
          ],
          [
            "core",
            0.01667136396877771
          ],
          [
            "parsec",
            0.013962430839139972
          ],
          [
            "observations",
            0.012754347716552593
          ],
          [
            "AGN",
            0.012315928998207541
          ],
          [
            "scale",
            0.010979561376997711
          ]
        ],
        "count": 199
      }
    },
    "correlations": [
      [
        1.0,
        -0.643434947735235,
        -0.7082113166466598,
        -0.6692173437270678,
        -0.6320985055489938,
        -0.6451225813557804,
        -0.6682533036477303,
        -0.6912319603216646,
        -0.5608476213826906,
        -0.694545096593906,
        -0.6569286451246323,
        -0.6567609676605537,
        -0.714757275526154,
        -0.5977544987896973,
        -0.6101306673014099,
        -0.6544368200654949,
        -0.5410947780943933,
        -0.6243462252733409,
        -0.679916650201059,
        -0.6925273343944609,
        -0.6765617716238959,
        -0.6872848024994005
      ],
      [
        -0.643434947735235,
        1.0,
        -0.7078507527664957,
        -0.7262553123989754,
        -0.5547951434249586,
        -0.2361800703422272,
        -0.7053646405752882,
        -0.7422924325451227,
        -0.7269138186957131,
        -0.7217520205178597,
        -0.5583659423082364,
        -0.7288049300891853,
        -0.7485703860269686,
        -0.6062674331792023,
        -0.36441190290120185,
        -0.7375382389575104,
        -0.7147168088847569,
        -0.7180510314246968,
        -0.7440714083783259,
        -0.725338432374254,
        -0.3807318797995233,
        -0.7203218131438153
      ],
      [
        -0.7082113166466598,
        -0.7078507527664957,
        1.0,
        -0.7408648999401384,
        -0.5671331059460252,
        -0.6932241066337579,
        -0.7398009553931538,
        -0.7524129139070166,
        -0.7071287195350994,
        -0.6290376232796631,
        -0.7074537579768203,
        -0.7430989959658572,
        -0.7184875994189321,
        -0.7323416232060711,
        -0.688421847191828,
        -0.7573945993453759,
        -0.6748296485628715,
        -0.7434917056559716,
        -0.6937431496370486,
        -0.7610999920487221,
        -0.7216830366765069,
        -0.7570390459594634
      ],
      [
        -0.6692173437270678,
        -0.7262553123989754,
        -0.7408648999401384,
        1.0,
        -0.7056286358311867,
        -0.7446840205178326,
        -0.697547266422003,
        -0.7511645743024845,
        -0.7131163477033191,
        -0.7431017780425195,
        -0.7196918725930879,
        -0.6993967943358601,
        -0.7393375207679519,
        -0.7139368929460852,
        -0.7236117265651907,
        -0.6983883251931136,
        -0.6863390971450287,
        -0.6959855684622072,
        -0.7385900238507206,
        -0.7429490361742865,
        -0.7426307393924063,
        -0.675501167641487
      ],
      [
        -0.6320985055489938,
        -0.5547951434249586,
        -0.5671331059460252,
        -0.7056286358311867,
        1.0,
        -0.6624946683758383,
        -0.7053887190677708,
        -0.7346757944229902,
        -0.7199149885135323,
        -0.7032402676411844,
        -0.048033107587236896,
        -0.6868771431504759,
        -0.7404837485549258,
        -0.629570525101014,
        -0.503993408206707,
        -0.7360981909301391,
        -0.7039874735294658,
        -0.7054942092127507,
        -0.7326700566862321,
        -0.7423406757224281,
        -0.7044217212937067,
        -0.7389475551043123
      ],
      [
        -0.6451225813557804,
        -0.2361800703422272,
        -0.6932241066337579,
        -0.7446840205178326,
        -0.6624946683758383,
        1.0,
        -0.7168251859439003,
        -0.747033297623314,
        -0.7141460415310186,
        -0.7304262554494221,
        -0.6784223095152295,
        -0.7100902281661321,
        -0.7430164801179835,
        -0.4293693285539826,
        -0.07448452490747162,
        -0.7263604942325161,
        -0.710395284581404,
        -0.7224514935143367,
        -0.7344974133716957,
        -0.6730493597300082,
        0.17442419901566283,
        -0.664354279782986
      ],
      [
        -0.6682533036477303,
        -0.7053646405752882,
        -0.7398009553931538,
        -0.697547266422003,
        -0.7053887190677708,
        -0.7168251859439003,
        1.0,
        -0.7119375366718075,
        -0.390869506021878,
        -0.6843043437354199,
        -0.6810382045866041,
        -0.6928218741686077,
        -0.7003005448177163,
        -0.6917327793743038,
        -0.7053247240564009,
        -0.6992680308081896,
        -0.278493595768219,
        -0.5883223911279024,
        -0.6818428795974597,
        -0.7275662786047805,
        -0.7218856118865311,
        -0.49898437419704733
      ],
      [
        -0.6912319603216646,
        -0.7422924325451227,
        -0.7524129139070166,
        -0.7511645743024845,
        -0.7346757944229902,
        -0.747033297623314,
        -0.7119375366718075,
        1.0,
        -0.7293894841645711,
        -0.7384248788948877,
        -0.697115191811813,
        -0.7463725578292407,
        -0.755483759224038,
        -0.7284779621002344,
        -0.6779087728638108,
        -0.7397433820698442,
        -0.7205797979984843,
        -0.669117768130277,
        -0.7479275605636134,
        -0.727330281147234,
        -0.7471542561456489,
        -0.7450325310246848
      ],
      [
        -0.5608476213826906,
        -0.7269138186957131,
        -0.7071287195350994,
        -0.7131163477033191,
        -0.7199149885135323,
        -0.7141460415310186,
        -0.390869506021878,
        -0.7293894841645711,
        1.0,
        -0.6372162863695807,
        -0.7168082165675258,
        -0.6815706732888414,
        -0.6708861903621646,
        -0.6774739900728333,
        -0.7059138842660777,
        -0.6505274966975689,
        0.23370954403509336,
        -0.5956662376764201,
        -0.6200282173962679,
        -0.715055796087569,
        -0.7158525067406432,
        -0.6080732282145569
      ],
      [
        -0.694545096593906,
        -0.7217520205178597,
        -0.6290376232796631,
        -0.7431017780425195,
        -0.7032402676411844,
        -0.7304262554494221,
        -0.6843043437354199,
        -0.7384248788948877,
        -0.6372162863695807,
        1.0,
        -0.6973395813274269,
        -0.700245515422642,
        -0.43350487306347296,
        -0.7134204043850128,
        -0.7194953856387852,
        -0.7498680425988202,
        -0.6000136732828399,
        -0.7171928180357638,
        -0.43681741142072283,
        -0.7348857011086454,
        -0.7365313966304381,
        -0.7168916709017854
      ],
      [
        -0.6569286451246323,
        -0.5583659423082364,
        -0.7074537579768203,
        -0.7196918725930879,
        -0.048033107587236896,
        -0.6784223095152295,
        -0.6810382045866041,
        -0.697115191811813,
        -0.7168082165675258,
        -0.6973395813274269,
        1.0,
        -0.6964142791802699,
        -0.7447249652069987,
        -0.6473146481003962,
        -0.6344341264973965,
        -0.7400664849474177,
        -0.7036167702033915,
        -0.6764056777533354,
        -0.7352231567500442,
        -0.743425590151375,
        -0.7094785241598921,
        -0.7196320653446959
      ],
      [
        -0.6567609676605537,
        -0.7288049300891853,
        -0.7430989959658572,
        -0.6993967943358601,
        -0.6868771431504759,
        -0.7100902281661321,
        -0.6928218741686077,
        -0.7463725578292407,
        -0.6815706732888414,
        -0.700245515422642,
        -0.6964142791802699,
        1.0,
        -0.6835041287678789,
        -0.369831497200355,
        -0.704630914108796,
        -0.6974428603428524,
        -0.6653321775389056,
        -0.6826772057923,
        -0.6236366533333758,
        -0.7522103588263462,
        -0.7170674243480535,
        -0.6720640160908382
      ],
      [
        -0.714757275526154,
        -0.7485703860269686,
        -0.7184875994189321,
        -0.7393375207679519,
        -0.7404837485549258,
        -0.7430164801179835,
        -0.7003005448177163,
        -0.755483759224038,
        -0.6708861903621646,
        -0.43350487306347296,
        -0.7447249652069987,
        -0.6835041287678789,
        1.0,
        -0.717053154538711,
        -0.7366323869358408,
        -0.7475751498295571,
        -0.6296121247817918,
        -0.7216586332550126,
        0.03659811871533092,
        -0.754914326187832,
        -0.7455617002676863,
        -0.7321432810005061
      ],
      [
        -0.5977544987896973,
        -0.6062674331792023,
        -0.7323416232060711,
        -0.7139368929460852,
        -0.629570525101014,
        -0.4293693285539826,
        -0.6917327793743038,
        -0.7284779621002344,
        -0.6774739900728333,
        -0.7134204043850128,
        -0.6473146481003962,
        -0.369831497200355,
        -0.717053154538711,
        1.0,
        -0.49001589916468125,
        -0.6970535186820999,
        -0.6690518883955268,
        -0.6967462740513415,
        -0.6863736670303127,
        -0.6844572274154004,
        -0.44968796123338817,
        -0.6431267629367148
      ],
      [
        -0.6101306673014099,
        -0.36441190290120185,
        -0.688421847191828,
        -0.7236117265651907,
        -0.503993408206707,
        -0.07448452490747162,
        -0.7053247240564009,
        -0.6779087728638108,
        -0.7059138842660777,
        -0.7194953856387852,
        -0.6344341264973965,
        -0.704630914108796,
        -0.7366323869358408,
        -0.49001589916468125,
        1.0,
        -0.7320774237081049,
        -0.6948589902757433,
        -0.6929536979933553,
        -0.7240403938684596,
        -0.5428343463648996,
        -0.19244024032648951,
        -0.6950882194806091
      ],
      [
        -0.6544368200654949,
        -0.7375382389575104,
        -0.7573945993453759,
        -0.6983883251931136,
        -0.7360981909301391,
        -0.7263604942325161,
        -0.6992680308081896,
        -0.7397433820698442,
        -0.6505274966975689,
        -0.7498680425988202,
        -0.7400664849474177,
        -0.6974428603428524,
        -0.7475751498295571,
        -0.6970535186820999,
        -0.7320774237081049,
        1.0,
        -0.6603774857368236,
        -0.7199385059100807,
        -0.7402224041783798,
        -0.7397545073192934,
        -0.7178405880358583,
        -0.686636158804804
      ],
      [
        -0.5410947780943933,
        -0.7147168088847569,
        -0.6748296485628715,
        -0.6863390971450287,
        -0.7039874735294658,
        -0.710395284581404,
        -0.278493595768219,
        -0.7205797979984843,
        0.23370954403509336,
        -0.6000136732828399,
        -0.7036167702033915,
        -0.6653321775389056,
        -0.6296121247817918,
        -0.6690518883955268,
        -0.6948589902757433,
        -0.6603774857368236,
        1.0,
        -0.4229587146938921,
        -0.5553055696624665,
        -0.7158333838574789,
        -0.7147821512048569,
        -0.626254113517748
      ],
      [
        -0.6243462252733409,
        -0.7180510314246968,
        -0.7434917056559716,
        -0.6959855684622072,
        -0.7054942092127507,
        -0.7224514935143367,
        -0.5883223911279024,
        -0.669117768130277,
        -0.5956662376764201,
        -0.7171928180357638,
        -0.6764056777533354,
        -0.6826772057923,
        -0.7216586332550126,
        -0.6967462740513415,
        -0.6929536979933553,
        -0.7199385059100807,
        -0.4229587146938921,
        1.0,
        -0.6774678654224306,
        -0.7339304359218602,
        -0.7234854455283094,
        -0.697779171320723
      ],
      [
        -0.679916650201059,
        -0.7440714083783259,
        -0.6937431496370486,
        -0.7385900238507206,
        -0.7326700566862321,
        -0.7344974133716957,
        -0.6818428795974597,
        -0.7479275605636134,
        -0.6200282173962679,
        -0.43681741142072283,
        -0.7352231567500442,
        -0.6236366533333758,
        0.03659811871533092,
        -0.6863736670303127,
        -0.7240403938684596,
        -0.7402224041783798,
        -0.5553055696624665,
        -0.6774678654224306,
        1.0,
        -0.7459755780082955,
        -0.7390180012798778,
        -0.719052239404014
      ],
      [
        -0.6925273343944609,
        -0.725338432374254,
        -0.7610999920487221,
        -0.7429490361742865,
        -0.7423406757224281,
        -0.6730493597300082,
        -0.7275662786047805,
        -0.727330281147234,
        -0.715055796087569,
        -0.7348857011086454,
        -0.743425590151375,
        -0.7522103588263462,
        -0.754914326187832,
        -0.6844572274154004,
        -0.5428343463648996,
        -0.7397545073192934,
        -0.7158333838574789,
        -0.7339304359218602,
        -0.7459755780082955,
        1.0,
        -0.6725928515071664,
        -0.7220071457502424
      ],
      [
        -0.6765617716238959,
        -0.3807318797995233,
        -0.7216830366765069,
        -0.7426307393924063,
        -0.7044217212937067,
        0.17442419901566283,
        -0.7218856118865311,
        -0.7471542561456489,
        -0.7158525067406432,
        -0.7365313966304381,
        -0.7094785241598921,
        -0.7170674243480535,
        -0.7455617002676863,
        -0.44968796123338817,
        -0.19244024032648951,
        -0.7178405880358583,
        -0.7147821512048569,
        -0.7234854455283094,
        -0.7390180012798778,
        -0.6725928515071664,
        1.0,
        -0.6487609659030109
      ],
      [
        -0.6872848024994005,
        -0.7203218131438153,
        -0.7570390459594634,
        -0.675501167641487,
        -0.7389475551043123,
        -0.664354279782986,
        -0.49898437419704733,
        -0.7450325310246848,
        -0.6080732282145569,
        -0.7168916709017854,
        -0.7196320653446959,
        -0.6720640160908382,
        -0.7321432810005061,
        -0.6431267629367148,
        -0.6950882194806091,
        -0.686636158804804,
        -0.626254113517748,
        -0.697779171320723,
        -0.719052239404014,
        -0.7220071457502424,
        -0.6487609659030109,
        1.0
      ]
    ],
    "series": {
      "2020-01": [
        35,
        27,
        10,
        15,
        40,
        38,
        8,
        20,
        8,
        16,
        7,
        15,
        4,
        21,
        8,
        4,
        42,
        0,
        6,
        8,
        2,
        12
      ],
      "2020-02": [
        25,
        18,
        13,
        24,
        40,
        47,
        9,
        14,
        3,
        9,
        2,
        12,
        1,
        15,
        8,
        4,
        29,
        4,
        11,
        3,
        4,
        9
      ],
      "2020-03": [
        27,
        17,
        15,
        19,
        40,
        43,
        12,
        12,
        5,
        14,
        8,
        15,
        3,
        21,
        8,
        4,
        21,
        7,
        12,
        11,
        3,
        21
      ],
      "2020-04": [
        32,
        25,
        15,
        16,
        36,
        51,
        16,
        18,
        5,
        11,
        5,
        14,
        5,
        26,
        8,
        4,
        28,
        7,
        17,
        6,
        5,
        10
      ],
      "2020-05": [
        31,
        26,
        14,
        27,
        39,
        46,
        14,
        14,
        9,
        13,
        3,
        11,
        8,
        12,
        10,
        6,
        29,
        8,
        14,
        6,
        2,
        16
      ],
      "2020-06": [
        37,
        28,
        25,
        28,
        47,
        62,
        12,
        20,
        6,
        13,
        7,
        18,
        9,
        26,
        14,
        8,
        41,
        4,
        15,
        13,
        2,
        19
      ],
      "2020-07": [
        35,
        29,
        23,
        27,
        54,
        65,
        8,
        14,
        4,
        17,
        3,
        11,
        6,
        22,
        11,
        5,
        29,
        9,
        26,
        4,
        3,
        18
      ],
      "2020-08": [
        28,
        24,
        18,
        18,
        35,
        43,
        17,
        32,
        4,
        15,
        4,
        15,
        1,
        21,
        15,
        9,
        22,
        8,
        8,
        6,
        2,
        10
      ],
      "2020-09": [
        44,
        31,
        14,
        19,
        55,
        65,
        14,
        24,
        9,
        20,
        8,
        17,
        1,
        11,
        13,
        6,
        28,
        6,
        14,
        8,
        4,
        21
      ],
      "2020-10": [
        27,
        30,
        15,
        17,
        44,
        45,
        11,
        17,
        8,
        14,
        10,
        23,
        5,
        18,
        13,
        6,
        34,
        4,
        19,
        5,
        1,
        11
      ],
      "2020-11": [
        27,
        39,
        15,
        29,
        50,
        45,
        10,
        18,
        2,
        23,
        4,
        10,
        0,
        20,
        9,
        3,
        28,
        8,
        21,
        6,
        2,
        10
      ],
      "2020-12": [
        29,
        27,
        17,
        22,
        42,
        55,
        19,
        11,
        6,
        16,
        3,
        9,
        5,
        20,
        9,
        7,
        34,
        4,
        16,
        7,
        4,
        12
      ],
      "2021-01": [
        30,
        27,
        11,
        18,
        34,
        42,
        11,
        20,
        4,
        19,
        4,
        10,
        7,
        15,
        10,
        7,
        35,
        6,
        17,
        6,
        2,
        10
      ],
      "2021-02": [
        28,
        11,
        12,
        13,
        40,
        44,
        12,
        13,
        3,
        9,
        5,
        12,
        7,
        19,
        7,
        3,
        21,
        5,
        7,
        5,
        3,
        12
      ],
      "2021-03": [
        24,
        25,
        15,
        14,
        36,
        53,
        15,
        19,
        6,
        16,
        7,
        9,
        3,
        28,
        16,
        3,
        23,
        11,
        9,
        5,
        3,
        14
      ],
      "2021-04": [
        41,
        26,
        13,
        9,
        39,
        50,
        4,
        10,
        3,
        8,
        9,
        13,
        3,
        14,
        5,
        8,
        29,
        5,
        20,
        8,
        5,
        15
      ],
      "2021-05": [
        44,
        31,
        15,
        16,
        37,
        41,
        19,
        17,
        3,
        11,
        6,
        8,
        2,
        9,
        12,
        8,
        27,
        7,
        19,
        3,
        9,
        11
      ],
      "2021-06": [
        39,
        22,
        12,
        17,
        51,
        50,
        15,
        15,
        1,
        16,
        5,
        14,
        2,
        26,
        11,
        6,
        35,
        10,
        16,
        10,
        7,
        16
      ],
      "2021-07": [
        27,
        29,
        13,
        37,
        34,
        53,
        14,
        15,
        4,
        77,
        4,
        16,
        12,
        19,
        19,
        3,
        47,
        4,
        22,
        3,
        8,
        15
      ],
      "2021-08": [
        27,
        29,
        21,
        24,
        30,
        43,
        12,
        13,
        7,
        37,
        4,
