{
  "topics": {
    "data": {
      "0": {
        "name": "0_agent_agents_AI_LLM",
        "keywords": [
          [
            "agent",
            0.019056382922672813
          ],
          [
            "agents",
            0.01835318923407712
          ],
          [
            "AI",
            0.0178742511219914
          ],
          [
            "LLM",
            0.017493929194608928
          ],
          [
            "LLMs",
            0.015222627183623228
          ],
          [
            "systems",
            0.015153011890453453
          ],
          [
            "language",
            0.014664345022407878
          ],
          [
            "models",
            0.013419324294171404
          ],
          [
            "multi",
            0.012715333346874394
          ],
          [
            "human",
            0.011796513893439258
          ]
        ],
        "count": 1584
      },
      "1": {
        "name": "1_robots_MAPF_robot_problem",
        "keywords": [
          [
            "robots",
            0.017730495550479494
          ],
          [
            "MAPF",
            0.016407831496388657
          ],
          [
            "robot",
            0.015752980633792078
          ],
          [
            "problem",
            0.01503551793121229
          ],
          [
            "Multi",
            0.013821764007749373
          ],
          [
            "multi",
            0.01379096577398499
          ],
          [
            "agents",
            0.01337430728134984
          ],
          [
            "planning",
            0.013162174688814404
          ],
          [
            "time",
            0.012710377037410086
          ],
          [
            "agent",
            0.011689388606954171
          ]
        ],
        "count": 822
      },
      "2": {
        "name": "2_agent_learning_MARL_multi agent",
        "keywords": [
          [
            "agent",
            0.029281299088045578
          ],
          [
            "learning",
            0.02720950645036953
          ],
          [
            "MARL",
            0.023320126771706178
          ],
          [
            "multi agent",
            0.021559533250789888
          ],
          [
            "agents",
            0.0214391702079506
          ],
          [
            "multi",
            0.02136250390869992
          ],
          [
            "Multi",
            0.016962059610646424
          ],
          [
            "Learning",
            0.016946997920727073
          ],
          [
            "reinforcement",
            0.016805106899198324
          ],
          [
            "reinforcement learning",
            0.016691794060240312
          ]
        ],
        "count": 801
      },
      "3": {
        "name": "3_algorithm_consensus_agents_network",
        "keywords": [
          [
            "algorithm",
            0.02060872847718429
          ],
          [
            "consensus",
            0.018188830891213304
          ],
          [
            "agents",
            0.017695050819086098
          ],
          [
            "network",
            0.016303493915219815
          ],
          [
            "communication",
            0.016210265585023715
          ],
          [
            "data",
            0.014731221805819412
          ],
          [
            "convergence",
            0.014510908430984043
          ],
          [
            "learning",
            0.013999166000226156
          ],
          [
            "problem",
            0.013288766238445245
          ],
          [
            "local",
            0.01267960947596766
          ]
        ],
        "count": 514
      },
      "4": {
        "name": "4_games_learning_equilibrium_Nash",
        "keywords": [
          [
            "games",
            0.03296462531115997
          ],
          [
            "learning",
            0.0216282756371778
          ],
          [
            "equilibrium",
            0.019392322004525897
          ],
          [
            "Nash",
            0.018419181951781417
          ],
          [
            "game",
            0.01731301528650303
          ],
          [
            "agents",
            0.016320939445830126
          ],
          [
            "agent",
            0.015102229265659302
          ],
          [
            "algorithm",
            0.014821347017622352
          ],
          [
            "policy",
            0.01480061997596864
          ],
          [
            "Markov",
            0.014079065177735363
          ]
        ],
        "count": 459
      },
      "5": {
        "name": "5_model_simulation_agent_models",
        "keywords": [
          [
            "model",
            0.025182682480305387
          ],
          [
            "simulation",
            0.01932885037022027
          ],
          [
            "agent",
            0.017593963751089268
          ],
          [
            "models",
            0.01653847486214626
          ],
          [
            "data",
            0.014435164787793718
          ],
          [
            "economic",
            0.011675078881858144
          ],
          [
            "ABM",
            0.011401828278527787
          ],
          [
            "agents",
            0.010841946355941668
          ],
          [
            "Agent",
            0.0102191476429315
          ],
          [
            "pandemic",
            0.009819937326328847
          ]
        ],
        "count": 375
      },
      "6": {
        "name": "6_traffic_vehicles_driving_vehicle",
        "keywords": [
          [
            "traffic",
            0.050047609110252994
          ],
          [
            "vehicles",
            0.024933335053760053
          ],
          [
            "driving",
            0.024245184714340087
          ],
          [
            "vehicle",
            0.018296822468722457
          ],
          [
            "control",
            0.015722352038082973
          ],
          [
            "autonomous",
            0.014305163023200774
          ],
          [
            "safety",
            0.01339808510481343
          ],
          [
            "Traffic",
            0.012772492510557645
          ],
          [
            "learning",
            0.012075995489912884
          ],
          [
            "scenarios",
            0.011125200777714965
          ]
        ],
        "count": 306
      },
      "7": {
        "name": "7_social_agents_cooperation_learning",
        "keywords": [
          [
            "social",
            0.02411949002331631
          ],
          [
            "agents",
            0.022494667807433106
          ],
          [
            "cooperation",
            0.02242304842078393
          ],
          [
            "learning",
            0.019590838030360862
          ],
          [
            "agent",
            0.015744853117066585
          ],
          [
            "collective",
            0.012866349268367492
          ],
          [
            "systems",
            0.011660421940041672
          ],
          [
            "behavior",
            0.011535880543386438
          ],
          [
            "behaviors",
            0.011323003407133592
          ],
          [
            "game",
            0.011282723923240028
          ]
        ],
        "count": 261
      },
      "8": {
        "name": "8_demand_traffic_ride_transportation",
        "keywords": [
          [
            "demand",
            0.020856451694139407
          ],
          [
            "traffic",
            0.019901817500320402
          ],
          [
            "ride",
            0.018350303445252635
          ],
          [
            "transportation",
            0.01808607588897169
          ],
          [
            "mobility",
            0.016603466576737374
          ],
          [
            "fleet",
            0.015853068823326443
          ],
          [
            "congestion",
            0.015511285110816998
          ],
          [
            "vehicle",
            0.015442248474325331
          ],
          [
            "travel",
            0.014248950151052738
          ],
          [
            "services",
            0.013952218563486486
          ]
        ],
        "count": 132
      },
      "9": {
        "name": "9_agents_fairness_mechanism_envy",
        "keywords": [
          [
            "agents",
            0.024726207211544348
          ],
          [
            "fairness",
            0.022369190004332365
          ],
          [
            "mechanism",
            0.020691597835353348
          ],
          [
            "envy",
            0.02059135194669723
          ],
          [
            "problem",
            0.019703200627507553
          ],
          [
            "allocation",
            0.01870637086544262
          ],
          [
            "mechanisms",
            0.018309097316019315
          ],
          [
            "approximation",
            0.015786076848841875
          ],
          [
            "welfare",
            0.015760416587419515
          ],
          [
            "matching",
            0.014646211258696216
          ]
        ],
        "count": 129
      },
      "10": {
        "name": "10_network_networks_learning_resource",
        "keywords": [
          [
            "network",
            0.022260631034073428
          ],
          [
            "networks",
            0.016525333511608186
          ],
          [
            "learning",
            0.016426752089388194
          ],
          [
            "resource",
            0.01554963372754807
          ],
          [
            "Learning",
            0.014287570798001638
          ],
          [
            "edge",
            0.01296227769695035
          ],
          [
            "agent",
            0.012623133343248308
          ],
          [
            "wireless",
            0.012489987689114945
          ],
          [
            "multi",
            0.01218996143721156
          ],
          [
            "access",
            0.011749720672518024
          ]
        ],
        "count": 126
      },
      "11": {
        "name": "11_energy_grid_power_electricity",
        "keywords": [
          [
            "energy",
            0.06773035388607315
          ],
          [
            "grid",
            0.023656605411261654
          ],
          [
            "power",
            0.022327312453117806
          ],
          [
            "electricity",
            0.02028621513827493
          ],
          [
            "renewable",
            0.01820223131231601
          ],
          [
            "demand",
            0.017716237055191302
          ],
          [
            "market",
            0.015223252313129602
          ],
          [
            "control",
            0.015058103033389447
          ],
          [
            "renewable energy",
            0.014550310787881108
          ],
          [
            "Energy",
            0.014237257373742552
          ]
        ],
        "count": 114
      },
      "12": {
        "name": "12_opinion_opinions_model_social",
        "keywords": [
          [
            "opinion",
            0.0742484623400715
          ],
          [
            "opinions",
            0.04260255082327697
          ],
          [
            "model",
            0.031222636775962345
          ],
          [
            "social",
            0.030076735991272214
          ],
          [
            "dynamics",
            0.02817659774569371
          ],
          [
            "consensus",
            0.022472347268904683
          ],
          [
            "opinion dynamics",
            0.02217858309866648
          ],
          [
            "influence",
            0.022160192436884316
          ],
          [
            "polarization",
            0.021970378113754938
          ],
          [
            "agents",
            0.019053905233037047
          ]
        ],
        "count": 112
      },
      "13": {
        "name": "13_voting_voters_candidates_elections",
        "keywords": [
          [
            "voting",
            0.07609373113213638
          ],
          [
            "voters",
            0.047027122100482266
          ],
          [
            "candidates",
            0.03916120527298518
          ],
          [
            "elections",
            0.0371115923700124
          ],
          [
            "election",
            0.03224000022027808
          ],
          [
            "rules",
            0.02605580069868044
          ],
          [
            "voter",
            0.023837392552081157
          ],
          [
            "projects",
            0.02375205899189364
          ],
          [
            "approval",
            0.02345357629145697
          ],
          [
            "Voting",
            0.021496358735077985
          ]
        ],
        "count": 105
      }
    },
    "correlations": [
      [
        1.0,
        -0.6587963758443481,
        -0.24892967157556012,
        -0.5093213253087268,
        -0.6098765570369743,
        -0.6548216810378198,
        -0.7408222947095878,
        -0.27621752050914417,
        -0.7504801598774353,
        -0.4635846138522428,
        -0.616275343438907,
        -0.744660048112184,
        -0.6929383164774479,
        -0.6927225374291185
      ],
      [
        -0.6587963758443481,
        1.0,
        -0.6051327128362576,
        -0.6589870846405028,
        -0.682649475098916,
        -0.7239853662042721,
        -0.7378007702853717,
        -0.6391366014441555,
        -0.7557249357940858,
        -0.6702530183957569,
        -0.6592591150609476,
        -0.7336008518823371,
        -0.7302530230965942,
        -0.7293586965048315
      ],
      [
        -0.24892967157556012,
        -0.6051327128362576,
        1.0,
        -0.47880547435308163,
        -0.3475629583791814,
        -0.6608165980890282,
        -0.6854775436120777,
        0.0029969870383016357,
        -0.7403698204220637,
        -0.4491261719794954,
        -0.08498188265021037,
        -0.7114392850304105,
        -0.6922973098274935,
        -0.6889278839129651
      ],
      [
        -0.5093213253087268,
        -0.6589870846405028,
        -0.47880547435308163,
        1.0,
        -0.48625604941163003,
        -0.681774690929923,
        -0.7151393526938895,
        -0.36785456721572496,
        -0.7403656708914494,
        -0.1498012132725103,
        -0.611083008284677,
        -0.7172039309617899,
        -0.6979570333560274,
        -0.49883974318961133
      ],
      [
        -0.6098765570369743,
        -0.682649475098916,
        -0.3475629583791814,
        -0.48625604941163003,
        1.0,
        -0.6911348559147588,
        -0.7186085571316813,
        -0.36289137089323015,
        -0.7506588121753835,
        -0.42661278963131855,
        -0.44673788978144774,
        -0.7369678231564987,
        -0.6940235032817207,
        -0.5234083735040231
      ],
      [
        -0.6548216810378198,
        -0.7239853662042721,
        -0.6608165980890282,
        -0.681774690929923,
        -0.6911348559147588,
        1.0,
        -0.7131158396864317,
        -0.6754020372381482,
        -0.7249476675834416,
        -0.6750078710907906,
        -0.7027675258068733,
        -0.7247591839972235,
        -0.4345765932238046,
        -0.7002944493234228
      ],
      [
        -0.7408222947095878,
        -0.7378007702853717,
        -0.6854775436120777,
        -0.7151393526938895,
        -0.7186085571316813,
        -0.7131158396864317,
        1.0,
        -0.709542563920961,
        -0.630347703603545,
        -0.7260489778462602,
        -0.691290066878826,
        -0.7319903120870197,
        -0.7313728808672928,
        -0.741380210402528
      ],
      [
        -0.27621752050914417,
        -0.6391366014441555,
        0.0029969870383016357,
        -0.36785456721572496,
        -0.36289137089323015,
        -0.6754020372381482,
        -0.709542563920961,
        1.0,
        -0.7441842274866008,
        -0.2526280475759918,
        -0.35449713148982087,
        -0.7262399466457513,
        -0.6593517243525066,
        -0.6775369841126955
      ],
      [
        -0.7504801598774353,
        -0.7557249357940858,
        -0.7403698204220637,
        -0.7403656708914494,
        -0.7506588121753835,
        -0.7249476675834416,
        -0.630347703603545,
        -0.7441842274866008,
        1.0,
        -0.73393199767795,
        -0.7410881401052156,
        -0.7280959666635978,
        -0.7510470301877543,
        -0.7489105522259423
      ],
      [
        -0.4635846138522428,
        -0.6702530183957569,
        -0.4491261719794954,
        -0.1498012132725103,
        -0.42661278963131855,
        -0.6750078710907906,
        -0.7260489778462602,
        -0.2526280475759918,
        -0.73393199767795,
        1.0,
        -0.641480922693467,
        -0.7372249385700606,
        -0.6789092949562181,
        -0.280200550539929
      ],
      [
        -0.616275343438907,
        -0.6592591150609476,
        -0.08498188265021037,
        -0.611083008284677,
        -0.44673788978144774,
        -0.7027675258068733,
        -0.691290066878826,
        -0.35449713148982087,
        -0.7410881401052156,
        -0.641480922693467,
        1.0,
        -0.7087408346085375,
        -0.7104775947952653,
        -0.7259960554394298
      ],
      [
        -0.744660048112184,
        -0.7336008518823371,
        -0.7114392850304105,
        -0.7172039309617899,
        -0.7369678231564987,
        -0.7247591839972235,
        -0.7319903120870197,
        -0.7262399466457513,
        -0.7280959666635978,
        -0.7372249385700606,
        -0.7087408346085375,
        1.0,
        -0.7438311039055308,
        -0.7505983370421725
      ],
      [
        -0.6929383164774479,
        -0.7302530230965942,
        -0.6922973098274935,
        -0.6979570333560274,
        -0.6940235032817207,
        -0.4345765932238046,
        -0.7313728808672928,
        -0.6593517243525066,
        -0.7510470301877543,
        -0.6789092949562181,
        -0.7104775947952653,
        -0.7438311039055308,
        1.0,
        -0.6827641844217446
      ],
      [
        -0.6927225374291185,
        -0.7293586965048315,
        -0.6889278839129651,
        -0.49883974318961133,
        -0.5234083735040231,
        -0.7002944493234228,
        -0.741380210402528,
        -0.6775369841126955,
        -0.7489105522259423,
        -0.280200550539929,
        -0.7259960554394298,
        -0.7505983370421725,
        -0.6827641844217446,
        1.0
      ]
    ],
    "series": {
      "2020-01": [
        11,
        2,
        20,
        2,
        2,
        5,
        6,
        4,
        0,
        2,
        1,
        4,
        0,
        2
      ],
      "2020-02": [
        14,
        2,
        21,
        7,
        6,
        4,
        10,
        2,
        0,
        2,
        2,
        3,
        2,
        2
      ],
      "2020-03": [
        18,
        1,
        25,
        12,
        3,
        6,
        7,
        1,
        0,
        2,
        3,
        6,
        3,
        1
      ],
      "2020-04": [
        13,
        4,
        20,
        1,
        2,
        14,
        5,
        4,
        0,
        3,
        1,
        2,
        4,
        1
      ],
      "2020-05": [
        10,
        4,
        13,
        1,
        9,
        6,
        6,
        0,
        0,
        9,
        0,
        2,
        3,
        1
      ],
      "2020-06": [
        16,
        4,
        38,
        3,
        5,
        8,
        3,
        5,
        0,
        8,
        1,
        3,
        3,
        1
      ],
      "2020-07": [
        12,
        3,
        17,
        3,
        4,
        6,
        4,
        5,
        2,
        2,
        2,
        6,
        2,
        3
      ],
      "2020-08": [
        10,
        2,
        14,
        5,
        6,
        11,
        3,
        1,
        0,
        7,
        3,
        2,
        3,
        1
      ],
      "2020-09": [
        12,
        5,
        18,
        5,
        4,
        12,
        8,
        2,
        0,
        6,
        1,
        11,
        2,
        3
      ],
      "2020-10": [
        21,
        2,
        27,
        5,
        2,
        10,
        7,
        7,
        1,
        4,
        0,
        3,
        0,
        1
      ],
      "2020-11": [
        11,
        4,
        22,
        5,
        3,
        13,
        5,
        2,
        1,
        4,
        0,
        1,
        0,
        0
      ],
      "2020-12": [
        10,
        7,
        24,
        5,
        3,
        11,
        5,
        2,
        1,
        7,
        0,
        2,
        1,
        2
      ],
      "2021-01": [
        13,
        3,
        12,
        4,
        4,
        6,
        4,
        7,
        1,
        1,
        3,
        2,
        0,
        3
      ],
      "2021-02": [
        11,
        4,
        32,
        2,
        6,
        13,
        3,
        6,
        0,
        10,
        4,
        1,
        1,
        1
      ],
      "2021-03": [
        13,
        3,
        32,
        5,
        5,
        11,
        6,
        6,
        0,
        3,
        2,
        6,
        6,
        2
      ],
      "2021-04": [
        15,
        6,
        20,
        3,
        2,
        4,
        3,
        3,
        1,
        5,
        2,
        1,
        0,
        3
      ],
      "2021-05": [
        15,
        3,
        30,
        7,
        5,
        7,
        5,
        4,
        2,
        2,
        3,
        1,
        1,
        4
      ],
      "2021-06": [
        9,
        5,
        33,
        3,
        12,
        12,
        2,
        6,
        1,
        10,
        1,
        2,
        2,
        2
      ],
      "2021-07": [
        8,
        1,
        25,
        3,
        3,
        5,
        4,
        2,
        0,
        1,
        1,
        3,
        5,
        3
      ],
      "2021-08": [
        10,
        3,
        17,
        0,
        4,
        6,
        2,
        2,
        0,
        5,
        1,
        5,
        2,
        2
      ],
      "2021-09": [
        7,
        6,
        28,
        3,
        4,
        7,
        10,
        1,
        1,
        8,
        0,
        1,
        2,
        1
      ],
      "2021-10": [
        13,
        3,
        39,
        3,
        7,
        11,
        5,
        3,
        0,
        4,
        0,
        5,
        0,
        0
      ],
      "2021-11": [
        9,
        2,
        25,
        5,
        8,
        3,
        3,
        1,
        0,
        2,
        0,
        3,
        1,
        3
      ],
      "2021-12": [
        8,
        3,
        33,
        2,
        3,
        4,
        10,
        5,
        2,
        5,
        0,
        1,
        2,
        0
      ],
      "2022-01": [
        13,
        2,
        28,
        4,
        7,
        3,
        2,
        5,
        1,
        5,
        3,
        1,
        2,
        4
      ],
      "2022-02": [
        20,
        7,
        23,
        5,
        5,
        8,
        4,
        2,
        0,
        4,
        2,
        3,
        3,
        2
      ],
      "2022-03": [
        17,
        3,
        40,
        4,
        6,
        8,
        2,
        4,
        0,
        5,
        2,
        2,
        3,
        1
      ],
      "2022-04": [
        10,
        1,
        19,
        7,
        1,
        7,
        7,
        2,
        1,
        4,
        1,
        0,
        3,
        2
      ],
      "2022-05": [
        14,
        5,
        24,
        6,
        4,
        13,
        3,
        2,
        2,
        7,
        1,
        4,
        1,
        3
      ],
      "2022-06": [
        18,
        5,
        25,
        3,
        11,
        10,
        6,
        4,
        0,
        3,
        3,
        3,
        6,
        4
      ],
      "2022-07": [
        14,
        4,
        23,
        4,
        6,
        5,
        10,
        4,
        1,
        3,
        1,
        1,
        0,
        5
      ],
      "2022-08": [
        13,
        2,
        25,
        3,
        2,
        6,
        3,
        6,
        1,
        5,
        1,
        5,
        3,
        0
      ],
      "2022-09": [
        10,
        6,
        38,
        4,
        6,
        4,
        1,
        3,
        0,
        3,
        1,
        7,
        0,
        1
      ],
      "2022-10": [
        16,
        7,
        36,
        4,
        5,
        10,
        9,
        6,
        1,
        3,
        1,
        5,
        3,
        3
      ],
      "2022-11": [
        13,
        4,
        34,
        7,
        4,
        3,
        5,
        3,
        0,
        5,
        2,
        5,
        5,
        1
      ],
      "2022-12": [
        9,
        1,
        28,
        6,
        6,
        8,
        3,
        4,
        0,
        4,
        1,
        3,
        4,
        1
      ],
      "2023-01": [
        12,
        4,
        26,
        8,
        9,
        2,
        3,
        3,
        0,
        9,
        3,
        2,
        0,
        1
      ],
      "2023-02": [
        12,
        2,
        47,
        3,
        8,
        10,
        7,
        4,
        0,
        4,
        1,
        3,
        1,
        1
      ],
      "2023-03": [
        31,
        8,
        37,
        3,
        3,
        4,
        7,
        3,
        2,
        10,
        1,
        2,
        1,
        2
      ],
      "2023-04": [
        17,
        3,
        27,
        2,
        3,
        5,
        4,
        5,
        1,
        6,
        1,
        2,
        2,
        0
      ],
      "2023-05": [
        23,
        4,
        45,
        8,
        8,
        6,
        7,
        7,
        0,
        7,
        2,
        6,
        6,
        4
      ],
      "2023-06": [
        8,
        4,
        35,
        6,
        9,
        9,
        7,
        2,
        0,
        3,
        0,
        2,
        4,
        1
      ],
      "2023-07": [
        17,
        7,
        31,
        4,
        6,
        9,
        7,
        4,
        1,
        3,
        1,
        2,
        5,
        5
      ],
      "2023-08": [
        13,
        4,
        25,
        6,
        2,
        9,
        5,
        6,
        0,
        3,
        2,
        9,
        1,
        1
      ],
      "2023-09": [
        17,
        4,
        23,
        7,
        2,
        5,
        4,
        0,
        0,
        2,
        1,
        4,
        4,
        1
      ],
      "2023-10": [
        32,
        8,
        35,
        7,
        5,
        12,
        7,
        7,
        0,
        6,
        2,
        1,
        4,
        3
      ],
      "2023-11": [
        18,
        2,
        33,
        3,
        4,
        7,
        7,
        3,
        0,
        4,
        3,
        4,
        3,
        0
      ],
      "2023-12": [
        20,
        5,
        46,
        7,
        3,
        6,
        6,
        2,
        0,
        4,
        2,
        3,
        3,
        3
      ],
      "2024-01": [
        24,
        3,
        37,
        7,
        3,
        14,
        4,
        4,
        1,
        2,
        1,
        8,
        0,
        4
      ],
      "2024-02": [
        34,
        5,
        36,
        8,
        10,
        8,
        5,
        2,
        0,
        6,
        1,
        1,
        5,
        2
      ],
      "2024-03": [
        40,
        9,
        39,
        9,
        5,
        5,
        10,
        6,
        1,
        2,
        0,
        4,
        4,
        0
      ],
      "2024-04": [
        30,
        2,
        31,
        4,
        2,
        8,
        9,
        5,
        1,
        0,
        5,
        5,
        3,
        1
      ],
      "2024-05": [
        31,
        5,
        34,
        1,
        9,
        10,
        8,
        6,
        0,
        4,
        0,
        4,
        2,
        3
      ],
      "2024-06": [
        42,
        0,
        37,
        1,
        5,
        4,
        7,
        3,
        0,
        7,
        1,
        3,
        3,
        1
      ],
      "2024-07": [
        24,
        3,
        23,
        3,
        6,
        4,
        5,
        6,
        0,
        2,
        1,
        2,
        2,
        3
      ],
      "2024-08": [
        22,
        4,
        25,
        5,
        8,
        8,
        6,
        5,
        1,
        1,
        1,
        4,
        3,
        2
      ],
      "2024-09": [
        36,
        8,
        28,
        3,
        2,
        10,
        14,
        4,
        1,
        4,
        0,
        1,
        3,
        1
      ],
      "2024-10": [
        54,
        9,
        46,
        6,
        8,
        8,
        6,
        1,
        0,
        4,
        1,
        4,
        3,
        4
      ],
      "2024-11": [
        41,
        7,
        32,
        2,
        4,
        4,
        6,
        5,
        1,
        2,
        0,
        9,
        3,
        1
      ],
      "2024-12": [
        38,
        10,
        31,
        1,
        8,
        5,
        7,
        7,
        0,
        1,
        1,
        1,
        2,
        1
      ],
      "2025-01": [
        48,
        4,
        45,
        3,
        7,
        8,
        6,
        3,
        1,
        2,
        1,
        1,
        1,
        2
      ],
      "2025-02": [
        75,
        2,
        66,
        2,
        5,
        8,
        12,
        1,
        0,
        5,
        2,
        3,
        5,
        5
      ],
      "2025-03": [
        81,
        6,
        53,
        1,
        7,
        9,
        11,
        4,
        1,
        2,
        0,
        7,
        0,
        1
      ],
      "2025-04": [
        55,
        4,
        36,
        7,
        5,
        8,
        6,
        4,
        0,
        2,
        0,
        2,
        6,
        1
      ],
      "2025-05": [
        118,
        6,
        67,
        2,
        8,
        7,
        12,
        3,
        0,
        4,
        0,
        8,
        3,
        1
      ],
      "2025-06": [
        76,
        5,
        44,
        0,
        5,
        12,
        10,
        2,
        0,
        2,
        1,
        6,
        5,
        3
      ],
      "2025-07": [
        101,
        2,
        47,
        3,
        4,
        12,
        6,
        6,
        0,
        5,
        4,
        5,
        4,
        1
      ],
      "2025-08": [
        106,
        5,
        50,
        3,
        10,
        15,
        3,
        7,
        0,
        6,
        1,
        10,
        3,
        2
      ],
      "2025-09": [
        39,
        3,
        22,
        1,
        4,
        7,
        3,
        2,
        0,
        8,
        1,
        1,
        3,
        2
      ]
    },
    "papers": {
      "0": [
        {
          "title": "AutoML-Agent: A Multi-Agent LLM Framework for Full-Pipeline AutoML",
          "year": "2024-10",
          "abstract": "Automated machine learning (AutoML) accelerates AI development by automating\ntasks in the development pipeline, such as optimal model search and\nhyperparameter tuning. Existing AutoML systems often require technical\nexpertise to set up complex tools, which is in general time-consuming and\nrequires a large amount of human effort. Therefore, recent works have started\nexploiting large language models (LLM) to lessen such burden and increase the\nusability of AutoML frameworks via a natural language interface, allowing\nnon-expert users to build their data-driven solutions. These methods, however,\nare usually designed only for a particular process in the AI development\npipeline and do not efficiently use the inherent capacity of the LLMs. This\npaper proposes AutoML-Agent, a novel multi-agent framework tailored for\nfull-pipeline AutoML, i.e., from data retrieval to model deployment.\nAutoML-Agent takes user's task descriptions, facilitates collaboration between\nspecialized LLM agents, and delivers deployment-ready models. Unlike existing\nwork, instead of devising a single plan, we introduce a retrieval-augmented\nplanning strategy to enhance exploration to search for more optimal plans. We\nalso decompose each plan into sub-tasks (e.g., data preprocessing and neural\nnetwork design) each of which is solved by a specialized agent we build via\nprompting executing in parallel, making the search process more efficient.\nMoreover, we propose a multi-stage verification to verify executed results and\nguide the code generation LLM in implementing successful solutions. Extensive\nexperiments on seven downstream tasks using fourteen datasets show that\nAutoML-Agent achieves a higher success rate in automating the full AutoML\nprocess, yielding systems with good performance throughout the diverse domains.",
          "arxiv_id": "2410.02958v2"
        },
        {
          "title": "Balancing Autonomy and Alignment: A Multi-Dimensional Taxonomy for Autonomous LLM-powered Multi-Agent Architectures",
          "year": "2023-10",
          "abstract": "Large language models (LLMs) have revolutionized the field of artificial\nintelligence, endowing it with sophisticated language understanding and\ngeneration capabilities. However, when faced with more complex and\ninterconnected tasks that demand a profound and iterative thought process, LLMs\nreveal their inherent limitations. Autonomous LLM-powered multi-agent systems\nrepresent a strategic response to these challenges. Such systems strive for\nautonomously tackling user-prompted goals by decomposing them into manageable\ntasks and orchestrating their execution and result synthesis through a\ncollective of specialized intelligent agents. Equipped with LLM-powered\nreasoning capabilities, these agents harness the cognitive synergy of\ncollaborating with their peers, enhanced by leveraging contextual resources\nsuch as tools and datasets. While these architectures hold promising potential\nin amplifying AI capabilities, striking the right balance between different\nlevels of autonomy and alignment remains the crucial challenge for their\neffective operation. This paper proposes a comprehensive multi-dimensional\ntaxonomy, engineered to analyze how autonomous LLM-powered multi-agent systems\nbalance the dynamic interplay between autonomy and alignment across various\naspects inherent to architectural viewpoints such as goal-driven task\nmanagement, agent composition, multi-agent collaboration, and context\ninteraction. It also includes a domain-ontology model specifying fundamental\narchitectural concepts. Our taxonomy aims to empower researchers, engineers,\nand AI practitioners to systematically analyze the architectural dynamics and\nbalancing strategies employed by these increasingly prevalent AI systems. The\nexploratory taxonomic classification of selected representative LLM-powered\nmulti-agent systems illustrates its practical utility and reveals potential for\nfuture research and development.",
          "arxiv_id": "2310.03659v1"
        },
        {
          "title": "Agentic AI and Multiagentic: Are We Reinventing the Wheel?",
          "year": "2025-06",
          "abstract": "The terms Agentic AI and Multiagentic AI have recently gained popularity in\ndiscussions on generative artificial intelligence, often used to describe\nautonomous software agents and systems composed of such agents. However, the\nuse of these terms confuses these buzzwords with well-established concepts in\nAI literature: intelligent agents and multi-agent systems. This article offers\na critical analysis of this conceptual misuse. We review the theoretical\norigins of \"agentic\" in the social sciences (Bandura, 1986) and philosophical\nnotions of intentionality (Dennett, 1971), and then summarise foundational\nworks on intelligent agents and multi-agent systems by Wooldridge, Jennings and\nothers. We examine classic agent architectures, from simple reactive agents to\nBelief-Desire-Intention (BDI) models, and highlight key properties (autonomy,\nreactivity, proactivity, social capability) that define agency in AI. We then\ndiscuss recent developments in large language models (LLMs) and agent platforms\nbased on LLMs, including the emergence of LLM-powered AI agents and open-source\nmulti-agent orchestration frameworks. We argue that the term AI Agentic is\noften used as a buzzword for what are essentially AI agents, and AI\nMultiagentic for what are multi-agent systems. This confusion overlooks decades\nof research in the field of autonomous agents and multi-agent systems. The\narticle advocates for scientific and technological rigour and the use of\nestablished terminology from the state of the art in AI, incorporating the\nwealth of existing knowledge, including standards for multi-agent system\nplatforms, communication languages and coordination and cooperation algorithms,\nagreement technologies (automated negotiation, argumentation, virtual\norganisations, trust, reputation, etc.), into the new and promising wave of\nLLM-based AI agents, so as not to end up reinventing the wheel.",
          "arxiv_id": "2506.01463v1"
        }
      ],
      "1": [
        {
          "title": "CL-MAPF: Multi-Agent Path Finding for Car-Like Robots with Kinematic and Spatiotemporal Constraints",
          "year": "2020-11",
          "abstract": "Multi-Agent Path Finding has been widely studied in the past few years due to\nits broad application in the field of robotics and AI. However, previous\nsolvers rely on several simplifying assumptions. They limit their applicability\nin numerous real-world domains that adopt nonholonomic car-like agents rather\nthan holonomic ones. In this paper, we give a mathematical formalization of\nMulti-Agent Path Finding for Car-Like robots (CL-MAPF) problem. For the first\ntime, we propose a novel hierarchical search-based solver called Car-like\nConflict-Based Search to address this problem. It applies a body conflict tree\nto address collisions considering shapes of the agents. We introduce a new\nalgorithm called Spatiotemporal Hybrid-State A* as the single-agent path\nplanner to generate path satisfying both kinematic and spatiotemporal\nconstraints. We also present a sequential planning version of our method for\nthe sake of efficiency. We compare our method with two baseline algorithms on a\ndedicated benchmark containing 3000 instances and validate it in real-world\nscenarios. The experiment results give clear evidence that our algorithm scales\nwell to a large number of agents and is able to produce solutions that can be\ndirectly applied to car-like robots in the real world. The benchmark and source\ncode are released in https://github.com/APRIL-ZJU/CL-CBS.",
          "arxiv_id": "2011.00441v1"
        },
        {
          "title": "Dynamic Prioritization for Conflict-Free Path Planning of Multi-Robot Systems",
          "year": "2021-01",
