{
  "topics": {
    "data": {
      "0": {
        "name": "0_model_phase_temperature_cuprates",
        "keywords": [
          [
            "model",
            0.013933056776066996
          ],
          [
            "phase",
            0.012819877487475973
          ],
          [
            "temperature",
            0.011428362947126895
          ],
          [
            "cuprates",
            0.010107094454561882
          ],
          [
            "pairing",
            0.010096882287639396
          ],
          [
            "density",
            0.009909661099629432
          ],
          [
            "state",
            0.009907186768485753
          ],
          [
            "charge",
            0.009899828690041643
          ],
          [
            "order",
            0.00988349258694474
          ],
          [
            "wave",
            0.009749082147012448
          ]
        ],
        "count": 1949
      },
      "1": {
        "name": "1_Majorana_topological_modes_states",
        "keywords": [
          [
            "Majorana",
            0.049867489983806565
          ],
          [
            "topological",
            0.042114087606793985
          ],
          [
            "modes",
            0.026019311860129065
          ],
          [
            "states",
            0.021944029724582197
          ],
          [
            "edge",
            0.01297329361096829
          ],
          [
            "superconductors",
            0.012261733857497419
          ],
          [
            "superconductor",
            0.012043315160094019
          ],
          [
            "symmetry",
            0.011992735458609004
          ],
          [
            "quantum",
            0.011869963229419377
          ],
          [
            "dimensional",
            0.010617068583932271
          ]
        ],
        "count": 698
      },
      "2": {
        "name": "2_Josephson_junction_current_junctions",
        "keywords": [
          [
            "Josephson",
            0.041226724974851324
          ],
          [
            "junction",
            0.0271176539222266
          ],
          [
            "current",
            0.025066996730340237
          ],
          [
            "junctions",
            0.022468402858665658
          ],
          [
            "diode",
            0.02123452638892043
          ],
          [
            "effect",
            0.018750479642023178
          ],
          [
            "Andreev",
            0.01686316582437649
          ],
          [
            "superconducting",
            0.016654536214876982
          ],
          [
            "phase",
            0.01458534698499836
          ],
          [
            "diode effect",
            0.014320788679230085
          ]
        ],
        "count": 645
      },
      "3": {
        "name": "3_Ni_La_nickelates_nickelate",
        "keywords": [
          [
            "Ni",
            0.0407427468963124
          ],
          [
            "La",
            0.028218054070281013
          ],
          [
            "nickelates",
            0.02349030476013192
          ],
          [
            "nickelate",
            0.020204467035143173
          ],
          [
            "superconductivity",
            0.019671127583134322
          ],
          [
            "pressure",
            0.018974464089936114
          ],
          [
            "layer",
            0.018744781684529335
          ],
          [
            "infinite layer",
            0.015760473830113985
          ],
          [
            "infinite",
            0.015304212720870788
          ],
          [
            "high",
            0.014606052083376035
          ]
        ],
        "count": 568
      },
      "4": {
        "name": "4_quantum_qubit_superconducting_microwave",
        "keywords": [
          [
            "quantum",
            0.026879127999009395
          ],
          [
            "qubit",
            0.023722111181591014
          ],
          [
            "superconducting",
            0.021645951342413556
          ],
          [
            "microwave",
            0.019369279459162194
          ],
          [
            "qubits",
            0.018633247604170317
          ],
          [
            "frequency",
            0.015962881235475873
          ],
          [
            "resonators",
            0.015085237897036564
          ],
          [
            "high",
            0.013019206430184439
          ],
          [
            "circuits",
            0.011694860990049044
          ],
          [
            "loss",
            0.011203586359360992
          ]
        ],
        "count": 537
      },
      "5": {
        "name": "5_kagome_CDW_charge_Cs",
        "keywords": [
          [
            "kagome",
            0.04236332327881956
          ],
          [
            "CDW",
            0.030435834691945957
          ],
          [
            "charge",
            0.020675306149658932
          ],
          [
            "Cs",
            0.016950740832801833
          ],
          [
            "order",
            0.016421681614424567
          ],
          [
            "Kagome",
            0.016186883431871146
          ],
          [
            "density",
            0.016170076670091002
          ],
          [
            "density wave",
            0.015690785226291696
          ],
          [
            "charge density",
            0.015327484188626167
          ],
          [
            "wave",
            0.015314287028835225
          ]
        ],
        "count": 352
      },
      "6": {
        "name": "6_superconductivity_topological_superconducting_surface",
        "keywords": [
          [
            "superconductivity",
            0.021376743662314384
          ],
          [
            "topological",
            0.01610274531231763
          ],
          [
            "superconducting",
            0.014959342760104594
          ],
          [
            "surface",
            0.0129298577848876
          ],
          [
            "transition",
            0.011087968000096494
          ],
          [
            "states",
            0.010516296735977513
          ],
          [
            "bulk",
            0.010117032562834959
          ],
          [
            "CDW",
            0.00986760983686391
          ],
          [
            "Fermi",
            0.009562713659224913
          ],
          [
            "monolayer",
            0.009450376834236577
          ]
        ],
        "count": 349
      },
      "7": {
        "name": "7_graphene_twisted_bilayer_bilayer graphene",
        "keywords": [
          [
            "graphene",
            0.042085576157707714
          ],
          [
            "twisted",
            0.030999930438290225
          ],
          [
            "bilayer",
            0.0224319736955995
          ],
          [
            "bilayer graphene",
            0.022328573481645367
          ],
          [
            "twisted bilayer",
            0.01943917295944581
          ],
          [
            "superconductivity",
            0.019320086368010157
          ],
          [
            "twisted bilayer graphene",
            0.017016187527398155
          ],
          [
            "angle",
            0.016486932147782556
          ],
          [
            "valley",
            0.015359799740462981
          ],
          [
            "magic",
            0.014652610069396839
          ]
        ],
        "count": 338
      },
      "8": {
        "name": "8_pressure_hydrides_high_hydrogen",
        "keywords": [
          [
            "pressure",
            0.03256123019849195
          ],
          [
            "hydrides",
            0.030370395279258836
          ],
          [
            "high",
            0.03004178035953984
          ],
          [
            "hydrogen",
            0.029166725531027213
          ],
          [
            "GPa",
            0.028460150754105996
          ],
          [
            "temperature",
            0.027417135697815533
          ],
          [
            "superconductivity",
            0.021066652202026116
          ],
          [
            "hydride",
            0.020871395555465806
          ],
          [
            "pressures",
            0.017792324611964908
          ],
          [
            "phonon",
            0.0169824781559554
          ]
        ],
        "count": 309
      },
      "9": {
        "name": "9_superconducting_superconductivity_field_entropy",
        "keywords": [
          [
            "superconducting",
            0.017768363435648207
          ],
          [
            "superconductivity",
            0.01761824971197008
          ],
          [
            "field",
            0.017239597135605488
          ],
          [
            "entropy",
            0.015988495276297438
          ],
          [
            "heat",
            0.015361299221210139
          ],
          [
            "measurements",
            0.014102401044677056
          ],
          [
            "type",
            0.01405650480587934
          ],
          [
            "temperature",
            0.013141586252195586
          ],
          [
            "structure",
            0.012867898610577634
          ],
          [
            "high entropy",
            0.012766356645941947
          ]
        ],
        "count": 230
      },
      "10": {
        "name": "10_FeSe_nematic_Fe_iron",
        "keywords": [
          [
            "FeSe",
            0.050411494184572386
          ],
          [
            "nematic",
            0.03152921099887744
          ],
          [
            "Fe",
            0.02330975562354238
          ],
          [
            "iron",
            0.0205149553148913
          ],
          [
            "electronic",
            0.014738065442870625
          ],
          [
            "nematicity",
            0.013482761151566436
          ],
          [
            "phase",
            0.012814337154372463
          ],
          [
            "temperature",
            0.01252315669322166
          ],
          [
            "superconducting",
            0.01185048890372121
          ],
          [
            "superconductors",
            0.011682433661241933
          ]
        ],
        "count": 206
      },
      "11": {
        "name": "11_UTe2_field_magnetic_triplet",
        "keywords": [
          [
            "UTe2",
            0.03210151237261318
          ],
          [
            "field",
            0.02765641002202093
          ],
          [
            "magnetic",
            0.025786080665702656
          ],
          [
            "triplet",
            0.022131242424450616
          ],
          [
            "axis",
            0.020395964487983878
          ],
          [
            "spin",
            0.0187566476436859
          ],
          [
            "spin triplet",
            0.01868987574845371
          ],
          [
            "state",
            0.017787281942800996
          ],
          [
            "pressure",
            0.01699254755415157
          ],
          [
            "superconducting",
            0.016436796243642103
          ]
        ],
        "count": 166
      },
      "12": {
        "name": "12_Fe_iron_magnetic_nematic",
        "keywords": [
          [
            "Fe",
            0.031045772767027677
          ],
          [
            "iron",
            0.021556400152004412
          ],
          [
            "magnetic",
            0.018305839911125416
          ],
          [
            "nematic",
            0.01564397836354222
          ],
          [
            "Co",
            0.012700014201953602
          ],
          [
            "temperature",
            0.01195615389936199
          ],
          [
            "superconductivity",
            0.011322697579189665
          ],
          [
            "superconducting",
            0.011290513547871963
          ],
          [
            "electronic",
            0.010412611485708934
          ],
          [
            "phase",
            0.010286003092165368
          ]
        ],
        "count": 151
      },
      "13": {
        "name": "13_pressure_GPa_transition_superconductivity",
        "keywords": [
          [
            "pressure",
            0.06050973383322726
          ],
          [
            "GPa",
            0.033775546093891155
          ],
          [
            "transition",
            0.021467398820201697
          ],
          [
            "superconductivity",
            0.021258461287254924
          ],
          [
            "high",
            0.016752204954419453
          ],
          [
            "phase",
            0.016664370680170543
          ],
          [
            "high pressure",
            0.016443270815343244
          ],
          [
            "structural",
            0.01448606424961258
          ],
          [
            "Tc",
            0.013879937340375958
          ],
          [
            "structure",
            0.013746200897891745
          ]
        ],
        "count": 147
      },
      "14": {
        "name": "14_spin_pairing_superconducting_strain",
        "keywords": [
          [
            "spin",
            0.016904870334708045
          ],
          [
            "pairing",
            0.01592412986465461
          ],
          [
            "superconducting",
            0.01586438684107105
          ],
          [
            "strain",
            0.014534165672542157
          ],
          [
            "state",
            0.014491588101258293
          ],
          [
            "symmetry",
            0.01436806886925922
          ],
          [
            "order",
            0.014286229761343881
          ],
          [
            "Sr2RuO4",
            0.013064118823195456
          ],
          [
            "orbital",
            0.012205689344531298
          ],
          [
            "wave",
            0.011474423876144557
          ]
        ],
        "count": 133
      },
      "15": {
        "name": "15_vortex_vortices_pinning_magnetic",
        "keywords": [
          [
            "vortex",
            0.06198197332705868
          ],
          [
            "vortices",
            0.03253440714235025
          ],
          [
            "pinning",
            0.032267222049983446
          ],
          [
            "magnetic",
            0.019865292694318186
          ],
          [
            "field",
            0.018190453327451055
          ],
          [
            "flux",
            0.017860704316074866
          ],
          [
            "superconducting",
            0.016210133143431577
          ],
          [
            "defects",
            0.01566772040695676
          ],
          [
            "current",
            0.015051137001999969
          ],
          [
            "dynamics",
            0.013372457496934987
          ]
        ],
        "count": 133
      },
      "16": {
        "name": "16_THz_optical_response_terahertz",
        "keywords": [
          [
            "THz",
            0.03182986944946845
          ],
          [
            "optical",
            0.022078115757769717
          ],
          [
            "response",
            0.021292936054463488
          ],
          [
            "terahertz",
            0.01932896099224734
          ],
          [
            "Higgs",
            0.016736966301598086
          ],
          [
            "pump",
            0.016343173661691354
          ],
          [
            "equilibrium",
            0.015728936992763832
          ],
          [
            "mode",
            0.015718725272096352
          ],
          [
            "nonlinear",
            0.015119722518192005
          ],
          [
            "collective",
            0.014401661512003564
          ]
        ],
        "count": 124
      },
      "17": {
        "name": "17_learning_materials_superconductors_machine learning",
        "keywords": [
          [
            "learning",
            0.02654443725795292
          ],
          [
            "materials",
            0.025844387854401456
          ],
          [
            "superconductors",
            0.019038025499517806
          ],
          [
            "machine learning",
            0.017808520243310144
          ],
          [
            "machine",
            0.017749587548055598
          ],
          [
            "data",
            0.01752144786685119
          ],
          [
            "phonon",
            0.016281985175492106
          ],
          [
            "high",
            0.01484679470639746
          ],
          [
            "temperature",
            0.014839179819609194
          ],
          [
            "new",
            0.014615788720235081
          ]
        ],
        "count": 120
      },
      "18": {
        "name": "18_spin_triplet_superconductor_proximity",
        "keywords": [
          [
            "spin",
            0.04301967689593551
          ],
          [
            "triplet",
            0.026824717365631214
          ],
          [
            "superconductor",
            0.026424707474334983
          ],
          [
            "proximity",
            0.02414400241362358
          ],
          [
            "effect",
            0.022578672928789244
          ],
          [
            "ferromagnet",
            0.019149063459317658
          ],
          [
            "proximity effect",
            0.017545873864946923
          ],
          [
            "heterostructures",
            0.016521820605572942
          ],
          [
            "orbit",
            0.01618916214625147
          ],
          [
            "ferromagnetic",
            0.0160311883952877
          ]
        ],
        "count": 111
      }
    },
    "correlations": [
      [
        1.0,
        -0.6549705918471301,
        -0.652535759193235,
        -0.7363211329688597,
        -0.7003098781061359,
        -0.7145516383796319,
        -0.6874741038700245,
        -0.6992456747579168,
        -0.652825359519567,
        -0.7269618336773538,
        -0.7311063637758469,
        -0.7074426406523846,
        -0.7223810670359583,
        -0.6789182186657444,
        -0.7453305277122633,
        -0.7037221416553945,
        -0.7040284676715003,
        -0.7068240493579165,
        -0.6450005334546327
      ],
      [
        -0.6549705918471301,
        1.0,
        -0.6630269050021549,
        -0.7548613229111181,
        -0.7093965474421101,
        -0.7342667283613017,
        -0.5890104442378542,
        -0.703354872071295,
        -0.7053578816993153,
        -0.7368559034650182,
        -0.7249074773515674,
        -0.6829924768396249,
        -0.7163790838265077,
        -0.6976200494729673,
        -0.7507215420307702,
        -0.6718552912600947,
        -0.7436465621784747,
        -0.7303623686962164,
        -0.5976147809813109
      ],
      [
        -0.652535759193235,
        -0.6630269050021549,
        1.0,
        -0.7528474725460623,
        -0.6546112370760359,
        -0.7521150726989235,
        -0.7217191493437017,
        -0.706076474105541,
        -0.7076570031592607,
        -0.7524704357204353,
        -0.7553667866384772,
        -0.6859819930020585,
        -0.7426136025765637,
        -0.7240272286008088,
        -0.7465602135908291,
        -0.6791564022802976,
        -0.7237430563689893,
        -0.7426072037084481,
        -0.5559684825873425
      ],
      [
        -0.7363211329688597,
        -0.7548613229111181,
        -0.7528474725460623,
        1.0,
        -0.7535765241484004,
        -0.7239012615105,
        -0.640305827776247,
        -0.7217024223066837,
        -0.641294035005563,
        -0.7234140064078575,
        -0.757073278055619,
        -0.7091643356453787,
        -0.691838175762717,
        -0.5926987519230577,
        -0.726783941020814,
        -0.7552653825638362,
        -0.7552361636088909,
        -0.7198133929093351,
        -0.737070373111441
      ],
      [
        -0.7003098781061359,
        -0.7093965474421101,
        -0.6546112370760359,
        -0.7535765241484004,
        1.0,
        -0.7504994662077609,
        -0.7222960634511808,
        -0.7370283505071804,
        -0.6930435458690319,
        -0.7295168281466018,
        -0.7529244236956321,
        -0.7142237078099204,
        -0.7422450847982502,
        -0.7043557019821187,
        -0.7514991529268593,
        -0.7242306455124917,
        -0.7278474492378575,
        -0.7213816348251232,
        -0.591616066632157
      ],
      [
        -0.7145516383796319,
        -0.7342667283613017,
        -0.7521150726989235,
        -0.7239012615105,
        -0.7504994662077609,
        1.0,
        -0.4804982568761589,
        -0.7267145868050786,
        -0.6863060587073727,
        -0.725917681603419,
        -0.7419373792581088,
        -0.7297209528830467,
        -0.7264100482689153,
        -0.6676959082374065,
        -0.7517574082899354,
        -0.7410465237824915,
        -0.7383126056315585,
        -0.7064030947896425,
        -0.7270888658927336
      ],
      [
        -0.6874741038700245,
        -0.5890104442378542,
        -0.7217191493437017,
        -0.640305827776247,
        -0.7222960634511808,
        -0.4804982568761589,
        1.0,
        -0.38144328879112077,
        -0.4544641653478603,
        -0.6528026308594123,
        -0.7139327500136974,
        -0.64656560001492,
        -0.6364086630240888,
        -0.4033007754572573,
        -0.7237266832488917,
        -0.7147131790490067,
        -0.7445967675677534,
        -0.6756809893634765,
        -0.6376437836654587
      ],
      [
        -0.6992456747579168,
        -0.703354872071295,
        -0.706076474105541,
        -0.7217024223066837,
        -0.7370283505071804,
        -0.7267145868050786,
        -0.38144328879112077,
        1.0,
        -0.5745151888676154,
        -0.7130322727701657,
        -0.7327557716856169,
        -0.713885227382865,
        -0.7302458258386018,
        -0.5502661967933156,
        -0.7434092677199491,
        -0.7348307131746534,
        -0.7477762149361371,
        -0.7142303035844265,
        -0.6638964222189087
      ],
      [
        -0.652825359519567,
        -0.7053578816993153,
        -0.7076570031592607,
        -0.641294035005563,
        -0.6930435458690319,
        -0.6863060587073727,
        -0.4544641653478603,
        -0.5745151888676154,
        1.0,
        -0.6478435228473266,
        -0.6924224301684048,
        -0.6784308015899427,
        -0.6778928188364941,
        -0.1522092672480621,
        -0.7241242207118673,
        -0.7044002808155806,
        -0.7202634945583797,
        -0.46065674769218085,
        -0.6423346473870116
      ],
      [
        -0.7269618336773538,
        -0.7368559034650182,
        -0.7524704357204353,
        -0.7234140064078575,
        -0.7295168281466018,
        -0.725917681603419,
        -0.6528026308594123,
        -0.7130322727701657,
        -0.6478435228473266,
        1.0,
        -0.715800240354699,
        -0.6732952057215325,
        -0.5745913289746902,
        -0.6360535434133306,
        -0.7386541811199578,
        -0.7128581174590806,
        -0.7566155369929504,
        -0.7108109265917372,
        -0.6971867950177211
      ],
      [
        -0.7311063637758469,
        -0.7249074773515674,
        -0.7553667866384772,
        -0.757073278055619,
        -0.7529244236956321,
        -0.7419373792581088,
        -0.7139327500136974,
        -0.7327557716856169,
        -0.6924224301684048,
        -0.715800240354699,
        1.0,
        -0.7423813629354495,
        -0.41048217656830327,
        -0.6948549393756245,
        -0.75451365823419,
        -0.7182296862104114,
        -0.7564976563803383,
        -0.7281849294229347,
        -0.7233094772731505
      ],
      [
        -0.7074426406523846,
        -0.6829924768396249,
        -0.6859819930020585,
        -0.7091643356453787,
        -0.7142237078099204,
        -0.7297209528830467,
        -0.64656560001492,
        -0.713885227382865,
        -0.6784308015899427,
        -0.6732952057215325,
        -0.7423813629354495,
        1.0,
        -0.6898070029317114,
        -0.6726184215412219,
        -0.7386496127586473,
        -0.4392547646830148,
        -0.7414786995537715,
        -0.7245318044737871,
        -0.5760026976079575
      ],
      [
        -0.7223810670359583,
        -0.7163790838265077,
        -0.7426136025765637,
        -0.691838175762717,
        -0.7422450847982502,
        -0.7264100482689153,
        -0.6364086630240888,
        -0.7302458258386018,
        -0.6778928188364941,
        -0.5745913289746902,
        -0.41048217656830327,
        -0.6898070029317114,
        1.0,
        -0.6791096392449671,
        -0.7318150101858448,
        -0.7206278870919811,
        -0.7524454753281544,
        -0.7220736173802645,
        -0.7045153078978357
      ],
      [
        -0.6789182186657444,
        -0.6976200494729673,
        -0.7240272286008088,
        -0.5926987519230577,
        -0.7043557019821187,
        -0.6676959082374065,
        -0.4033007754572573,
        -0.5502661967933156,
        -0.1522092672480621,
        -0.6360535434133306,
        -0.6948549393756245,
        -0.6726184215412219,
        -0.6791096392449671,
        1.0,
        -0.7235746608519819,
        -0.7079897080500384,
        -0.7370437099746132,
        -0.6448705160537838,
        -0.6539959829950321
      ],
      [
        -0.7453305277122633,
        -0.7507215420307702,
        -0.7465602135908291,
        -0.726783941020814,
        -0.7514991529268593,
        -0.7517574082899354,
        -0.7237266832488917,
        -0.7434092677199491,
        -0.7241242207118673,
        -0.7386541811199578,
        -0.75451365823419,
        -0.7386496127586473,
        -0.7318150101858448,
        -0.7235746608519819,
        1.0,
        -0.7437127494119782,
        -0.7450430376423571,
        -0.7408418675580988,
        -0.7289354342257158
      ],
      [
        -0.7037221416553945,
        -0.6718552912600947,
        -0.6791564022802976,
        -0.7552653825638362,
        -0.7242306455124917,
        -0.7410465237824915,
        -0.7147131790490067,
        -0.7348307131746534,
        -0.7044002808155806,
        -0.7128581174590806,
        -0.7182296862104114,
        -0.4392547646830148,
        -0.7206278870919811,
        -0.7079897080500384,
        -0.7437127494119782,
        1.0,
        -0.7370160224955702,
        -0.7462340928204092,
        -0.6859875335332613
      ],
      [
        -0.7040284676715003,
        -0.7436465621784747,
        -0.7237430563689893,
        -0.7552361636088909,
        -0.7278474492378575,
        -0.7383126056315585,
        -0.7445967675677534,
        -0.7477762149361371,
        -0.7202634945583797,
        -0.7566155369929504,
        -0.7564976563803383,
        -0.7414786995537715,
        -0.7524454753281544,
        -0.7370437099746132,
        -0.7450430376423571,
        -0.7370160224955702,
        1.0,
        -0.7424520116150444,
        -0.7261388929272792
      ],
      [
        -0.7068240493579165,
        -0.7303623686962164,
        -0.7426072037084481,
        -0.7198133929093351,
        -0.7213816348251232,
        -0.7064030947896425,
        -0.6756809893634765,
        -0.7142303035844265,
        -0.46065674769218085,
        -0.7108109265917372,
        -0.7281849294229347,
        -0.7245318044737871,
        -0.7220736173802645,
        -0.6448705160537838,
        -0.7408418675580988,
        -0.7462340928204092,
        -0.7424520116150444,
        1.0,
        -0.7136110972453384
      ],
      [
        -0.6450005334546327,
        -0.5976147809813109,
        -0.5559684825873425,
        -0.737070373111441,
        -0.591616066632157,
        -0.7270888658927336,
        -0.6376437836654587,
        -0.6638964222189087,
        -0.6423346473870116,
        -0.6971867950177211,
        -0.7233094772731505,
        -0.5760026976079575,
        -0.7045153078978357,
        -0.6539959829950321,
        -0.7289354342257158,
        -0.6859875335332613,
        -0.7261388929272792,
        -0.7136110972453384,
        1.0
      ]
    ],
    "series": {
      "2020-01": [
        28,
        14,
        11,
        3,
        0,
        3,
        1,
        2,
        9,
        3,
        1,
        5,
        9,
        7,
        3,
        7,
        7,
        4,
        11
      ],
      "2020-02": [
        14,
        13,
        8,
        4,
        4,
        2,
        3,
        3,
        15,
        2,
        2,
        8,
        5,
        8,
        5,
        9,
        3,
        4,
        5
      ],
      "2020-03": [
        15,
        22,
        13,
        2,
        6,
        4,
        3,
        4,
        12,
        4,
        5,
        6,
        5,
        17,
        3,
        9,
        2,
        0,
        7
      ],
      "2020-04": [
        21,
        19,
        10,
        3,
        6,
        4,
        1,
        4,
        14,
        5,
        5,
        2,
        4,
        14,
        3,
        8,
        4,
        3,
        9
      ],
      "2020-05": [
        15,
        9,
        13,
        5,
        5,
        3,
        5,
        3,
        10,
        1,
        8,
        4,
        6,
        9,
        2,
        8,
        3,
        1,
        14
      ],
      "2020-06": [
        20,
        15,
        8,
        6,
        6,
        5,
        5,
        4,
        12,
        4,
        3,
        2,
        7,
        18,
        4,
        7,
        3,
        2,
        11
      ],
      "2020-07": [
        20,
        15,
        15,
        4,
        4,
        4,
        0,
        5,
        23,
        1,
        8,
        7,
        8,
        13,
        2,
        7,
        1,
        2,
        10
      ],
      "2020-08": [
        16,
        17,
        8,
        7,
        4,
        5,
        5,
        9,
        8,
        2,
        4,
        12,
        2,
        9,
        5,
        8,
        2,
        4,
        6
      ],
      "2020-09": [
        26,
        17,
        8,
        2,
        4,
        6,
        6,
        8,
        11,
        4,
        5,
        4,
        11,
        9,
        4,
        5,
        4,
        6,
        12
      ],
      "2020-10": [
        14,
        17,
        10,
        4,
        6,
        3,
        2,
        6,
        17,
        4,
        9,
        3,
        5,
        11,
        6,
        5,
        3,
        4,
        14
      ],
      "2020-11": [
        20,
        18,
        14,
        3,
        7,
        5,
        0,
        5,
        11,
        4,
        2,
        6,
        8,
        15,
        1,
        10,
        3,
        2,
        13
      ],
      "2020-12": [
        28,
        23,
        15,
        7,
        5,
        5,
        2,
        11,
        21,
        3,
        9,
        4,
        10,
        7,
        3,
        7,
        6,
        5,
        16
      ],
      "2021-01": [
        21,
        15,
        14,
        2,
        3,
        6,
        2,
        4,
        13,
        4,
        8,
        6,
        9,
        9,
        5,
        4,
        2,
        2,
        17
      ],
      "2021-02": [
        29,
        14,
        12,
        5,
        2,
        10,
        3,
        3,
        13,
        6,
        10,
        3,
        4,
        11,
        3,
        9,
        0,
        1,
        12
      ],
      "2021-03": [
        32,
        19,
        20,
        3,
        7,
        11,
        4,
        5,
        13,
        3,
        9,
        7,
        9,
        13,
        10,
        15,
        1,
        4,
        14
      ],
      "2021-04": [
        27,
        11,
        14,
        5,
        4,
        18,
        3,
        4,
        13,
        2,
        3,
        3,
        6,
        11,
        1,
        7,
        2,
        3,
        9
      ],
      "2021-05": [
        16,
        19,
        11,
        4,
        4,
        9,
        5,
        5,
        13,
        2,
        5,
        7,
        5,
        13,
        7,
        10,
        3,
        4,
        15
      ],
      "2021-06": [
        26,
        24,
        14,
        5,
        6,
        8,
        3,
        10,
        21,
        3,
        7,
        4,
        6,
        13,
        2,
        4,
        4,
        4,
        11
      ],
      "2021-07": [
        28,
        13,
        16,
        2,
        7,
        16,
        2,
        1,
        15,
        1,
        10,
        9,
        8,
        11,
        2,
        9,
        4,
        1,
        10
      ],
      "2021-08": [
        23,
        21,
        18,
        3,
        2,
        8,
        3,
        8,
        11,
        4,
        6,
        4,
        6,
        10,
        5,
        4,
        0,
        2,
        11
      ],
      "2021-09": [
        22,
        22,
        19,
        8,
        6,
        9,
        2,
        12,
        16,
        5,
        4,
        10,
        7,
        16,
        5,
        2,
        3,
        0,
        16
      ],
      "2021-10": [
        19,
        9,
        11,
        5,
        4,
        21,
        4,
        9,
        15,
        3,
        4,
        5,
        1,
        16,
        2,
        12,
        3,
        3,
        11
      ],
      "2021-11": [
        20,
        19,
        15,
        6,
        4,
        5,
        2,
        5,
        13,
        5,
        3,
        4,
        7,
        9,
        6,
        11,
        4,
        2,
        17
      ],
      "2021-12": [
        25,
        21,
        28,
        8,
        1,
        5,
        5,
        9,
        9,
        4,
        5,
        8,
        3,
        17,
        2,
        9,
        2,
        3,
        11
      ],
      "2022-01": [
        21,
        10,
        17,
        12,
        7,
        9,
        4,
        3,
        12,
        3,
        5,
        5,
        4,
        13,
        3,
        9,
        1,
        2,
        13
      ],
      "2022-02": [
        19,
        12,
        6,
        3,
        10,
        9,
        6,
        4,
        12,
        2,
        5,
        4,
        5,
        14,
        2,
        13,
        5,
        6,
        15
      ],
      "2022-03": [
        28,
        17,
        7,
        4,
        6,
        17,
        4,
        2,
        18,
        4,
        5,
        6,
        6,
        17,
        0,
        10,
        6,
        0,
        12
      ],
      "2022-04": [
        16,
        13,
        16,
        6,
        4,
        4,
        4,
        4,
        20,
        4,
        4,
        6,
        13,
        11,
        3,
        6,
        2,
        3,
        13
      ],
      "2022-05": [
        25,
        19,
        16,
        1,
        4,
        5,
        4,
        5,
        11,
        1,
        5,
        12,
        3,
        13,
        3,
        4,
        5,
        4,
        13
      ],
      "2022-06": [
        20,
        13,
        12,
        5,
        6,
        8,
        1,
        7,
        10,
        4,
        6,
        8,
        4,
        12,
        0,
        5,
        1,
        3,
        8
      ],
      "2022-07": [
        21,
        16,
        13,
        5,
        2,
        10,
        3,
        6,
        18,
        4,
        4,
        7,
        10,
        11,
        3,
        6,
        5,
        3,
        14
      ],
      "2022-08": [
        22,
        17,
        13,
        6,
        6,
        9,
        7,
        8,
        9,
        2,
        4,
        4,
        5,
        7,
        1,
        2,
        2,
        4,
        11
      ],
      "2022-09": [
        17,
        18,
        11,
        1,
        2,
        14,
        1,
        4,
        18,
        2,
        7,
        8,
        4,
        10,
        2,
        9,
        2,
        2,
        12
      ],
      "2022-10": [
        33,
        14,
        22,
        6,
        7,
        10,
        3,
        7,
        13,
        5,
        4,
        6,
        7,
        7,
        4,
        7,
        5,
        6,
        12
      ],
      "2022-11": [
        22,
        17,
        18,
        2,
        4,
        11,
        1,
        12,
        9,
        2,
        4,
        6,
        5,
        12,
        3,
        5,
        3,
        4,
        12
      ],
      "2022-12": [
        24,
        19,
        18,
        2,
        5,
        6,
        4,
        3,
        13,
        1,
        5,
        7,
        6,
        14,
        1,
        10,
        1,
        3,
        20
      ],
      "2023-01": [
        11,
        17,
        17,
        1,
        3,
        8,
        2,
        8,
        19,
        5,
        4,
        4,
        3,
        16,
        3,
        7,
        2,
        2,
        9
      ],
      "2023-02": [
        21,
        11,
        20,
        2,
        3,
        9,
        4,
        4,
        10,
        6,
        1,
        7,
        3,
        10,
        2,
        8,
        4,
        4,
        8
      ],
      "2023-03": [
        18,
        12,
        24,
        4,
        5,
        13,
        6,
        11,
        23,
        2,
        9,
        3,
        3,
        22,
        4,
        9,
        4,
        3,
        16
      ],
      "2023-04": [
        20,
        13,
        14,
        5,
        4,
        11,
        6,
        4,
        18,
        2,
        3,
        10,
        2,
        7,
        5,
        7,
        3,
        2,
        13
      ],
      "2023-05": [
        23,
        8,
        17,
        6,
        7,
        9,
        4,
        1,
        15,
        6,
        4,
        6,
        6,
        13,
        2,
        9,
        1,
        3,
        14
      ],
      "2023-06": [
        22,
        12,
        23,
        15,
        5,
        10,
        3,
        6,
        23,
        3,
        7,
        5,
        4,
        15,
        4,
        11,
        3,
        3,
        11
      ],
      "2023-07": [
        19,
        12,
        16,
        11,
        5,
        7,
        2,
        2,
        27,
        4,
        5,
        9,
        7,
        17,
        1,
        5,
        3,
        4,
        14
      ],
      "2023-08": [
        26,
        20,
        22,
        9,
        10,
        9,
        4,
        7,
        47,
        6,
        2,
        10,
        3,
        24,
        3,
        6,
        5,
        8,
        15
      ],
      "2023-09": [
        24,
        20,
        11,
        13,
        2,
        11,
        6,
        7,
        14,
        4,
        2,
        4,
        3,
        13,
        6,
        15,
        6,
        7,
        9
      ],
      "2023-10": [
        33,
        19,
        13,
        8,
        5,
        7,
        3,
        3,
        20,
        0,
        6,
        2,
        5,
        19,
        2,
        12,
        4,
        3,
        17
      ],
      "2023-11": [
        20,
        23,
        28,
        11,
        4,
        5,
        0,
        6,
        15,
        6,
        3,
        5,
        6,
        19,
        1,
        8,
        3,
        5,
        11
      ],
      "2023-12": [
        20,
