{
  "topics": {
    "data": {
      "0": {
        "name": "0_data_neural_model_learning",
        "keywords": [
          [
            "data",
            0.01692636950434772
          ],
          [
            "neural",
            0.016807925380818756
          ],
          [
            "model",
            0.01632029558059943
          ],
          [
            "learning",
            0.01249790018885317
          ],
          [
            "models",
            0.012008576435019411
          ],
          [
            "physics",
            0.011202604946091913
          ],
          [
            "network",
            0.010814915108933303
          ],
          [
            "method",
            0.010615032056238694
          ],
          [
            "networks",
            0.010408223592462996
          ],
          [
            "training",
            0.010337465345838464
          ]
        ],
        "count": 857
      },
      "1": {
        "name": "1_protein_data_molecular_models",
        "keywords": [
          [
            "protein",
            0.01772520890788155
          ],
          [
            "data",
            0.01669415320419315
          ],
          [
            "molecular",
            0.016299182102617004
          ],
          [
            "models",
            0.01509802097547643
          ],
          [
            "model",
            0.014159651729236222
          ],
          [
            "learning",
            0.013870759077271548
          ],
          [
            "drug",
            0.0120025939963059
          ],
          [
            "methods",
            0.011676897868282944
          ],
          [
            "prediction",
            0.01139603442638604
          ],
          [
            "performance",
            0.010143056266022667
          ]
        ],
        "count": 518
      },
      "2": {
        "name": "2_method_numerical_order_finite",
        "keywords": [
          [
            "method",
            0.02048654093776685
          ],
          [
            "numerical",
            0.014640528608060525
          ],
          [
            "order",
            0.014224515256656483
          ],
          [
            "finite",
            0.013490781310297939
          ],
          [
            "time",
            0.013316834873753434
          ],
          [
            "fluid",
            0.012859888389445174
          ],
          [
            "element",
            0.01270037512801239
          ],
          [
            "mesh",
            0.012208973614204753
          ],
          [
            "problems",
            0.0112097108873345
          ],
          [
            "high",
            0.010650570698847436
          ]
        ],
        "count": 474
      },
      "3": {
        "name": "3_energy_model_data_power",
        "keywords": [
          [
            "energy",
            0.016752315513854144
          ],
          [
            "model",
            0.01581258960671472
          ],
          [
            "data",
            0.01368398168997035
          ],
          [
            "power",
            0.011695900014517249
          ],
          [
            "time",
            0.01099797569936204
          ],
          [
            "study",
            0.010203864284242354
          ],
          [
            "approach",
            0.01011538203289706
          ],
          [
            "models",
            0.010060682765335087
          ],
          [
            "paper",
            0.009653598592159416
          ],
          [
            "optimization",
            0.009354808267133396
          ]
        ],
        "count": 452
      },
      "4": {
        "name": "4_optimization_design_topology_topology optimization",
        "keywords": [
          [
            "optimization",
            0.033183388831854635
          ],
          [
            "design",
            0.033156683786949304
          ],
          [
            "topology",
            0.024705484155016912
          ],
          [
            "topology optimization",
            0.021752361708546622
          ],
          [
            "method",
            0.0150861465117672
          ],
          [
            "structures",
            0.014085819545973344
          ],
          [
            "material",
            0.013912268035062486
          ],
          [
            "designs",
            0.01297952102962399
          ],
          [
            "approach",
            0.011100474661326593
          ],
          [
            "problems",
            0.010308792051967266
          ]
        ],
        "count": 393
      },
      "5": {
        "name": "5_stock_market_financial_trading",
        "keywords": [
          [
            "stock",
            0.03564468846878599
          ],
          [
            "market",
            0.03264772704221943
          ],
          [
            "financial",
            0.02589569808290579
          ],
          [
            "trading",
            0.02264711249614154
          ],
          [
            "data",
            0.02147619926952609
          ],
          [
            "price",
            0.01814216388762286
          ],
          [
            "model",
            0.016610850396269698
          ],
          [
            "series",
            0.01648007397283154
          ],
          [
            "forecasting",
            0.016259616305241264
          ],
          [
            "learning",
            0.01594333932858748
          ]
        ],
        "count": 313
      },
      "6": {
        "name": "6_fracture_crack_field_phase field",
        "keywords": [
          [
            "fracture",
            0.05019970078462031
          ],
          [
            "crack",
            0.03844709915297587
          ],
          [
            "field",
            0.03425337923381614
          ],
          [
            "phase field",
            0.03352929078410269
          ],
          [
            "phase",
            0.030532176682999557
          ],
          [
            "model",
            0.023389344871491934
          ],
          [
            "damage",
            0.02042965425717185
          ],
          [
            "hydrogen",
            0.01825681609815439
          ],
          [
            "stress",
            0.014638001841926986
          ],
          [
            "material",
            0.014631269446527779
          ]
        ],
        "count": 220
      },
      "7": {
        "name": "7_model_patient_clinical_tumor",
        "keywords": [
          [
            "model",
            0.02702975461253946
          ],
          [
            "patient",
            0.022661032251074107
          ],
          [
            "clinical",
            0.01902339621196455
          ],
          [
            "tumor",
            0.01690922467233529
          ],
          [
            "specific",
            0.01588321526813891
          ],
          [
            "models",
            0.015438646254638073
          ],
          [
            "flow",
            0.015185747210166883
          ],
          [
            "cardiac",
            0.014906045056531248
          ],
          [
            "blood",
            0.014730679820572058
          ],
          [
            "simulations",
            0.012257553696674075
          ]
        ],
        "count": 187
      },
      "8": {
        "name": "8_blockchain_liquidity_market_transaction",
        "keywords": [
          [
            "blockchain",
            0.038464914460175914
          ],
          [
            "liquidity",
            0.024985229661405237
          ],
          [
            "market",
            0.02014397812309523
          ],
          [
            "transaction",
            0.02007513179398934
          ],
          [
            "Ethereum",
            0.017928481253385666
          ],
          [
            "DeFi",
            0.01670585269995149
          ],
          [
            "security",
            0.015935097838466392
          ],
          [
            "decentralized",
            0.01569689273165539
          ],
          [
            "paper",
            0.014761866273432742
          ],
          [
            "transactions",
            0.014737417095121145
          ]
        ],
        "count": 187
      },
      "9": {
        "name": "9_financial_LLMs_models_language",
        "keywords": [
          [
            "financial",
            0.04530333841625439
          ],
          [
            "LLMs",
            0.032011225327198044
          ],
          [
            "models",
            0.02348288643374833
          ],
          [
            "language",
            0.019234845306403278
          ],
          [
            "Financial",
            0.018727937569340564
          ],
          [
            "tasks",
            0.017928176693991008
          ],
          [
            "data",
            0.016662867309882444
          ],
          [
            "Language",
            0.01558313495453923
          ],
          [
            "Large",
            0.01398901593394368
          ],
          [
            "AI",
            0.013761694269075583
          ]
        ],
        "count": 172
      },
      "10": {
        "name": "10_method_proposed_electromagnetic_time",
        "keywords": [
          [
            "method",
            0.02770476948672322
          ],
          [
            "proposed",
            0.018168326658356458
          ],
          [
            "electromagnetic",
            0.018110117036346587
          ],
          [
            "time",
            0.017410026744319903
          ],
          [
            "FDTD",
            0.01678772271902541
          ],
          [
            "numerical",
            0.016151306627133218
          ],
          [
            "frequency",
            0.01496646102125344
          ],
          [
            "formulation",
            0.014896556660352282
          ],
          [
            "domain",
            0.014653197941583202
          ],
          [
            "matrix",
            0.014617972361867432
          ]
        ],
        "count": 149
      },
      "11": {
        "name": "11_quantum_Quantum_algorithms_classical",
        "keywords": [
          [
            "quantum",
            0.11512347405179868
          ],
          [
            "Quantum",
            0.03994786500634095
          ],
          [
            "algorithms",
            0.023699606165652295
          ],
          [
            "classical",
            0.023395889610717754
          ],
          [
            "computing",
            0.020728191180032343
          ],
          [
            "quantum computing",
            0.019283822251200487
          ],
          [
            "optimization",
            0.01878183276388839
          ],
          [
            "algorithm",
            0.017991371549683607
          ],
          [
            "problem",
            0.016471991796210502
          ],
          [
            "computers",
            0.015953949087484976
          ]
        ],
        "count": 89
      },
      "12": {
        "name": "12_AI_LLMs_engineering_language",
        "keywords": [
          [
            "AI",
            0.03301445458909174
          ],
          [
            "LLMs",
            0.023564162115926608
          ],
          [
            "engineering",
            0.021675491462533697
          ],
          [
            "language",
            0.019679316240729317
          ],
          [
            "Language",
            0.019149164411896277
          ],
          [
            "Large",
            0.01622096724854754
          ],
          [
            "design",
            0.01593713362940165
          ],
          [
            "human",
            0.014279128751815806
          ],
          [
            "LLM",
            0.014076747241617284
          ],
          [
            "Models",
            0.013947427820478349
          ]
        ],
        "count": 81
      }
    },
    "correlations": [
      [
        1.0,
        -0.4952104299605108,
        -0.639670897814166,
        -0.40171745804356185,
        -0.6603870881816156,
        -0.5585966828730868,
        -0.5275968798473999,
        -0.45103478936127084,
        -0.7554819589680324,
        -0.6959501309832409,
        -0.6351826029122959,
        -0.7568987161974126,
        -0.7422808750743993
      ],
      [
        -0.4952104299605108,
        1.0,
        -0.7269692348720598,
        -0.7025134018750832,
        -0.7285103363916158,
        -0.48235466970250646,
        -0.7230702685821865,
        -0.7120193464939868,
        -0.7556687472634155,
        -0.6924292977998564,
        -0.7200057749869934,
        -0.7498129931248441,
        -0.7123401087368619
      ],
      [
        -0.639670897814166,
        -0.7269692348720598,
        1.0,
        -0.5965448978173796,
        -0.6553827636435887,
        -0.7301068702715028,
        -0.655752167004386,
        -0.7121273145637143,
        -0.7589352733903829,
        -0.7427350948687075,
        -0.03449254592747824,
        -0.7541084570875407,
        -0.7472150939019435
      ],
      [
        -0.40171745804356185,
        -0.7025134018750832,
        -0.5965448978173796,
        1.0,
        -0.6772384617927452,
        -0.6980887984588922,
        -0.43634084864092615,
        -0.26298210177166786,
        -0.7476510356441565,
        -0.7017566860433254,
        -0.6042622340536242,
        -0.7571178508829282,
        -0.7462306119475852
      ],
      [
        -0.6603870881816156,
        -0.7285103363916158,
        -0.6553827636435887,
        -0.6772384617927452,
        1.0,
        -0.7414085081970972,
        -0.6946702155053316,
        -0.728746098639276,
        -0.7579958995829528,
        -0.7371483865449862,
        -0.6424175790683695,
        -0.7489047390688682,
        -0.7302545096161575
      ],
      [
        -0.5585966828730868,
        -0.48235466970250646,
        -0.7301068702715028,
        -0.6980887984588922,
        -0.7414085081970972,
        1.0,
        -0.723342948306556,
        -0.7098475387865659,
        -0.7177105217629856,
        -0.5893264204843035,
        -0.7217951141894425,
        -0.756018768055613,
        -0.7124348283046257
      ],
      [
        -0.5275968798473999,
        -0.7230702685821865,
        -0.655752167004386,
        -0.43634084864092615,
        -0.6946702155053316,
        -0.723342948306556,
        1.0,
        -0.4856979961366231,
        -0.7613966609858449,
        -0.7136091684428247,
        -0.6528936828512107,
        -0.7563113884088287,
        -0.7421445607181117
      ],
      [
        -0.45103478936127084,
        -0.7120193464939868,
        -0.7121273145637143,
        -0.26298210177166786,
        -0.728746098639276,
        -0.7098475387865659,
        -0.4856979961366231,
        1.0,
        -0.76039624252108,
        -0.6994415191070588,
        -0.7067209437981095,
        -0.7596476403628523,
        -0.7488479435765506
      ],
      [
        -0.7554819589680324,
        -0.7556687472634155,
        -0.7589352733903829,
        -0.7476510356441565,
        -0.7579958995829528,
        -0.7177105217629856,
        -0.7613966609858449,
        -0.76039624252108,
        1.0,
        -0.7452114646036279,
        -0.7542280271728132,
        -0.7553451155005819,
        -0.7547863248964483
      ],
      [
        -0.6959501309832409,
        -0.6924292977998564,
        -0.7427350948687075,
        -0.7017566860433254,
        -0.7371483865449862,
        -0.5893264204843035,
        -0.7136091684428247,
        -0.6994415191070588,
        -0.7452114646036279,
        1.0,
        -0.7366863838701683,
        -0.7587726902661104,
        -0.291992089597686
      ],
      [
        -0.6351826029122959,
        -0.7200057749869934,
        -0.03449254592747824,
        -0.6042622340536242,
        -0.6424175790683695,
        -0.7217951141894425,
        -0.6528936828512107,
        -0.7067209437981095,
        -0.7542280271728132,
        -0.7366863838701683,
        1.0,
        -0.7575643622905909,
        -0.7466777054721836
      ],
      [
        -0.7568987161974126,
        -0.7498129931248441,
        -0.7541084570875407,
        -0.7571178508829282,
        -0.7489047390688682,
        -0.756018768055613,
        -0.7563113884088287,
        -0.7596476403628523,
        -0.7553451155005819,
        -0.7587726902661104,
        -0.7575643622905909,
        1.0,
        -0.7581547395234408
      ],
      [
        -0.7422808750743993,
        -0.7123401087368619,
        -0.7472150939019435,
        -0.7462306119475852,
        -0.7302545096161575,
        -0.7124348283046257,
        -0.7421445607181117,
        -0.7488479435765506,
        -0.7547863248964483,
        -0.291992089597686,
        -0.7466777054721836,
        -0.7581547395234408,
        1.0
      ]
    ],
    "series": {
      "2020-01": [
        20,
        0,
        6,
        0,
        4,
        0,
        3,
        5,
        0,
        0,
        6,
        0,
        0
      ],
      "2020-02": [
        17,
        0,
        3,
        1,
        11,
        2,
        1,
        2,
        0,
        1,
        4,
        1,
        0
      ],
      "2020-03": [
        16,
        0,
        4,
        0,
        11,
        1,
        7,
        2,
        1,
        2,
        6,
        1,
        0
      ],
      "2020-04": [
        18,
        1,
        2,
        0,
        10,
        3,
        4,
        3,
        0,
        2,
        4,
        1,
        1
      ],
      "2020-05": [
        22,
        1,
        5,
        1,
        9,
        5,
        8,
        2,
        0,
        2,
        6,
        0,
        0
      ],
      "2020-06": [
        19,
        0,
        6,
        2,
        13,
        3,
        6,
        6,
        0,
        3,
        8,
        1,
        0
      ],
      "2020-07": [
        26,
        2,
        4,
        0,
        8,
        2,
        12,
        4,
        1,
        0,
        4,
        0,
        0
      ],
      "2020-08": [
        12,
        0,
        3,
        1,
        9,
        4,
        8,
        4,
        0,
        0,
        5,
        0,
        1
      ],
      "2020-09": [
        22,
        0,
        5,
        0,
        7,
        2,
        4,
        8,
        0,
        2,
        7,
        1,
        0
      ],
      "2020-10": [
        22,
        2,
        5,
        4,
        12,
        2,
        7,
        3,
        0,
        2,
        4,
        4,
        0
      ],
      "2020-11": [
        27,
        0,
        3,
        1,
        1,
        3,
        7,
        6,
        0,
        4,
        5,
        3,
        0
      ],
      "2020-12": [
        27,
        0,
        5,
        2,
        9,
        2,
        6,
        7,
        1,
        2,
        7,
        0,
        0
      ],
      "2021-01": [
        25,
        0,
        3,
        0,
        4,
        3,
        6,
        7,
        0,
        2,
        8,
        0,
        0
      ],
      "2021-02": [
        21,
        1,
        2,
        0,
        4,
        1,
        4,
        5,
        0,
        1,
        8,
        0,
        0
      ],
      "2021-03": [
        21,
        1,
        4,
        1,
        11,
        4,
        10,
        2,
        1,
        4,
        9,
        0,
        0
      ],
      "2021-04": [
        26,
        0,
        3,
        0,
        12,
        1,
        7,
        6,
        1,
        1,
        7,
        4,
        0
      ],
      "2021-05": [
        23,
        1,
        5,
        2,
        9,
        3,
        5,
        4,
        0,
        3,
        7,
        0,
        0
      ],
      "2021-06": [
        32,
        3,
        6,
        1,
        6,
        4,
        7,
        5,
        0,
        2,
        6,
        1,
        0
      ],
      "2021-07": [
        29,
        0,
        6,
        1,
        12,
        4,
        7,
        3,
        0,
        4,
        8,
        0,
        1
      ],
      "2021-08": [
        17,
        0,
        5,
        0,
        13,
        2,
        6,
        3,
        0,
        1,
        3,
        0,
        1
      ],
      "2021-09": [
        18,
        0,
        2,
        0,
        4,
        4,
        6,
        3,
        0,
        2,
        6,
        0,
        1
      ],
      "2021-10": [
        22,
        0,
        2,
        0,
        2,
        2,
        7,
        8,
        0,
        0,
        3,
        3,
        0
      ],
      "2021-11": [
        35,
        1,
        2,
        2,
        12,
        2,
        9,
        6,
        0,
        3,
        4,
        0,
        1
      ],
      "2021-12": [
        22,
        2,
        1,
        0,
        10,
        1,
        4,
        1,
        0,
        2,
        7,
        1,
        0
      ],
      "2022-01": [
        24,
        2,
        3,
        1,
        14,
        2,
        9,
        2,
        0,
        1,
        6,
        0,
        0
      ],
      "2022-02": [
        28,
        0,
        0,
        0,
        9,
        3,
        1,
        2,
        0,
        4,
        4,
        2,
        1
      ],
      "2022-03": [
        23,
        0,
        6,
        1,
        14,
        4,
        5,
        5,
        1,
        2,
        4,
        0,
        1
      ],
      "2022-04": [
        23,
        3,
        2,
        1,
        6,
        7,
        3,
        2,
        3,
        2,
        6,
        1,
        0
      ],
      "2022-05": [
        23,
        0,
        4,
        0,
        17,
        4,
        5,
        6,
        1,
        4,
        3,
        1,
        1
      ],
      "2022-06": [
        24,
        0,
        2,
        4,
        8,
        2,
        5,
        10,
        0,
        3,
        11,
        0,
        0
      ],
      "2022-07": [
        18,
        0,
        0,
        1,
        11,
        2,
        5,
        3,
        0,
        1,
        7,
        0,
        1
      ],
      "2022-08": [
        16,
        0,
        0,
        1,
        8,
        3,
        5,
        7,
        2,
        2,
        1,
        2,
        1
      ],
      "2022-09": [
        30,
        1,
        3,
        0,
        9,
        4,
        7,
        11,
        1,
        4,
        3,
        1,
        0
      ],
      "2022-10": [
        19,
        1,
        2,
        1,
        8,
        4,
        1,
        7,
        1,
        2,
        6,
        2,
        0
      ],
      "2022-11": [
        24,
        1,
        3,
        0,
        5,
        1,
        1,
        7,
        0,
        1,
        7,
        0,
        0
      ],
      "2022-12": [
        19,
        1,
        1,
        2,
        6,
        4,
        5,
        6,
        1,
        2,
        3,
        1,
        0
      ],
      "2023-01": [
        14,
        3,
        3,
        0,
        6,
        2,
        2,
        7,
        1,
        2,
        3,
        2,
        1
      ],
      "2023-02": [
        20,
        1,
        2,
        1,
        10,
        2,
        10,
        3,
        2,
        2,
        1,
        1,
        1
      ],
      "2023-03": [
        36,
        0,
        2,
        2,
        12,
        3,
        1,
        6,
        0,
        1,
        7,
        1,
        0
      ],
      "2023-04": [
        20,
        3,
        2,
        1,
        7,
        3,
        5,
        3,
        0,
        1,
        3,
        0,
        1
      ],
      "2023-05": [
        40,
        0,
        4,
        1,
        13,
        5,
        6,
        5,
        2,
        1,
        5,
        0,
        0
      ],
      "2023-06": [
        32,
        3,
        1,
        2,
        12,
        7,
        7,
        4,
        4,
        10,
        6,
        4,
        0
      ],
      "2023-07": [
        49,
        0,
        1,
        2,
        11,
        3,
        12,
        6,
        3,
        6,
        10,
        3,
        1
      ],
      "2023-08": [
        37,
        1,
        1,
        2,
        11,
        7,
        1,
        6,
        5,
        6,
        6,
        1,
        1
      ],
      "2023-09": [
        34,
        1,
        1,
        3,
        10,
        5,
        4,
        6,
        4,
        7,
        8,
        4,
        3
      ],
      "2023-10": [
        47,
        2,
        5,
        0,
        12,
        9,
        6,
        5,
        4,
        7,
        7,
        3,
        5
      ],
      "2023-11": [
        44,
        2,
        7,
        4,
        14,
        9,
        6,
        9,
        5,
        7,
        13,
        3,
        2
      ],
      "2023-12": [
        35,
        2,
        2,
        0,
        13,
        11,
        8,
        6,
        5,
        7,
        5,
        1,
        1
      ],
      "2024-01": [
        48,
        2,
        5,
        0,
        9,
        4,
        7,
        3,
        2,
        12,
        7,
        1,
        4
      ],
      "2024-02": [
        51,
        4,
        4,
        2,
        5,
        5,
        11,
        5,
        6,
        10,
        5,
        3,
        2
      ],
      "2024-03": [
        59,
        4,
        5,
        0,
        12,
        8,
        14,
        9,
        3,
        14,
        12,
        1,
        1
      ],
      "2024-04": [
        31,
        0,
        3,
        2,
        13,
        9,
        4,
        7,
        5,
        10,
        4,
        6,
        2
      ],
      "2024-05": [
        56,
        1,
        3,
        2,
        8,
        9,
        4,
        12,
        1,
        19,
        11,
        5,
        1
      ],
      "2024-06": [
        58,
        1,
        1,
        2,
        11,
        9,
        11,
        3,
        3,
        12,
        3,
        1,
        3
      ],
      "2024-07": [
        50,
        1,
        2,
        1,
        7,
        11,
        5,
        7,
        4,
        12,
        7,
        2,
        1
      ],
      "2024-08": [
        56,
        1,
        3,
        0,
        13,
        9,
        7,
        7,
        3,
        11,
        7,
        1,
        4
      ],
      "2024-09": [
        51,
        2,
        3,
        1,
        13,
        8,
        5,
        9,
        0,
        11,
        11,
        1,
        4
      ],
      "2024-10": [
        68,
        3,
        2,
        2,
        12,
        16,
        4,
        10,
        10,
        23,
        8,
        1,
        6
      ],
      "2024-11": [
        52,
        3,
        2,
        0,
        15,
        13,
        4,
        8,
        2,
        25,
        4,
        3,
        3
      ],
      "2024-12": [
        57,
        4,
        3,
        1,
        22,
        10,
        6,
        6,
        3,
        16,
        9,
        4,
        5
      ],
      "2025-01": [
        54,
        3,
        2,
        2,
        17,
        7,
        5,
        3,
        7,
        13,
        8,
        2,
        3
      ],
      "2025-02": [
        56,
        2,
        1,
        1,
        11,
        9,
        4,
        5,
        2,
        16,
        10,
        7,
        4
      ],
      "2025-03": [
        50,
        4,
        8,
        0,
        18,
        5,
        8,
        7,
        2,
        12,
        10,
        6,
        11
      ],
      "2025-04": [
        51,
        0,
        0,
        1,
        8,
        11,
        7,
        5,
        6,
        19,
        8,
        5,
        5
      ],
      "2025-05": [
        56,
        4,
        5,
        2,
        16,
        9,
        8,
        11,
        3,
        26,
        7,
        3,
        7
      ],
      "2025-06": [
        48,
        4,
        8,
        0,
        18,
        12,
        7,
        6,
        6,
        15,
        6,
        5,
        11
      ],
      "2025-07": [
        59,
        3,
        3,
        0,
        16,
        5,
        4,
        4,
        3,
        22,
        12,
        5,
        13
      ],
      "2025-08": [
        66,
        1,
        4,
        1,
        9,
        3,
        5,
        10,
        1,
        17,
        6,
        2,
        9
      ],
      "2025-09": [
        38,
        1,
        4,
        0,
        10,
        4,
        3,
        5,
        0,
        8,
        3,
        2,
        5
      ]
    },
    "papers": {
      "0": [
        {
          "title": "Enhanced physics-informed neural networks for hyperelasticity",
          "year": "2022-05",
          "abstract": "Physics-informed neural networks have gained growing interest. Specifically,\nthey are used to solve partial differential equations governing several\nphysical phenomena. However, physics-informed neural network models suffer from\nseveral issues and can fail to provide accurate solutions in many scenarios. We\ndiscuss a few of these challenges and the techniques, such as the use of\nFourier transform, that can be used to resolve these issues. This paper\nproposes and develops a physics-informed neural network model that combines the\nresiduals of the strong form and the potential energy, yielding many loss terms\ncontributing to the definition of the loss function to be minimized. Hence, we\npropose using the coefficient of variation weighting scheme to dynamically and\nadaptively assign the weight for each loss term in the loss function. The\ndeveloped PINN model is standalone and meshfree. In other words, it can\naccurately capture the mechanical response without requiring any labeled data.\nAlthough the framework can be used for many solid mechanics problems, we focus\non three-dimensional (3D) hyperelasticity, where we consider two hyperelastic\nmodels. Once the model is trained, the response can be obtained almost\ninstantly at any point in the physical domain, given its spatial coordinates.\nWe demonstrate the framework's performance by solving different problems with\nvarious boundary conditions.",
          "arxiv_id": "2205.14148v1"
        },
        {
          "title": "Mixed formulation of physics-informed neural networks for thermo-mechanically coupled systems and heterogeneous domains",
          "year": "2023-02",
          "abstract": "Physics-informed neural networks (PINNs) are a new tool for solving boundary\nvalue problems by defining loss functions of neural networks based on governing\nequations, boundary conditions, and initial conditions. Recent investigations\nhave shown that when designing loss functions for many engineering problems,\nusing first-order derivatives and combining equations from both strong and weak\nforms can lead to much better accuracy, especially when there are heterogeneity\nand variable jumps in the domain. This new approach is called the mixed\nformulation for PINNs, which takes ideas from the mixed finite element method.\nIn this method, the PDE is reformulated as a system of equations where the\nprimary unknowns are the fluxes or gradients of the solution, and the secondary\nunknowns are the solution itself. In this work, we propose applying the mixed\nformulation to solve multi-physical problems, specifically a stationary\nthermo-mechanically coupled system of equations. Additionally, we discuss both\nsequential and fully coupled unsupervised training and compare their accuracy\nand computational cost. To improve the accuracy of the network, we incorporate\nhard boundary constraints to ensure valid predictions. We then investigate how\ndifferent optimizers and architectures affect accuracy and efficiency. Finally,\nwe introduce a simple approach for parametric learning that is similar to\ntransfer learning. This approach combines data and physics to address the\nlimitations of PINNs regarding computational cost and improves the network's\nability to predict the response of the system for unseen cases. The outcomes of\nthis work will be useful for many other engineering applications where deep\nlearning is employed on multiple coupled systems of equations for fast and\nreliable computations.",
          "arxiv_id": "2302.04954v2"
        },
        {
          "title": "A mixed formulation for physics-informed neural networks as a potential solver for engineering problems in heterogeneous domains: comparison with finite element method",
          "year": "2022-06",
          "abstract": "Physics-informed neural networks (PINNs) are capable of finding the solution\nfor a given boundary value problem. We employ several ideas from the finite\nelement method (FEM) to enhance the performance of existing PINNs in\nengineering problems. The main contribution of the current work is to promote\nusing the spatial gradient of the primary variable as an output from separated\nneural networks. Later on, the strong form which has a higher order of\nderivatives is applied to the spatial gradients of the primary variable as the\nphysical constraint. In addition, the so-called energy form of the problem is\napplied to the primary variable as an additional constraint for training. The\nproposed approach only required up to first-order derivatives to construct the\nphysical loss functions. We discuss why this point is beneficial through\nvarious comparisons between different models. The mixed formulation-based PINNs\nand FE methods share some similarities. While the former minimizes the PDE and\nits energy form at given collocation points utilizing a complex nonlinear\ninterpolation through a neural network, the latter does the same at element\nnodes with the help of shape functions. We focus on heterogeneous solids to\nshow the capability of deep learning for predicting the solution in a complex\nenvironment under different boundary conditions. The performance of the\nproposed PINN model is checked against the solution from FEM on two prototype\nproblems: elasticity and the Poisson equation (steady-state diffusion problem).\nWe concluded that by properly designing the network architecture in PINN, the\ndeep learning model has the potential to solve the unknowns in a heterogeneous\ndomain without any available initial data from other sources. Finally,\ndiscussions are provided on the combination of PINN and FEM for a fast and\naccurate design of composite materials in future developments.",
          "arxiv_id": "2206.13103v1"
        }
      ],
      "1": [
        {
          "title": "Geometric Deep Learning for Structure-Based Drug Design: A Survey",
          "year": "2023-06",
          "abstract": "Structure-based drug design (SBDD) leverages the three-dimensional geometry\nof proteins to identify potential drug candidates. Traditional approaches,\nrooted in physicochemical modeling and domain expertise, are often\nresource-intensive. Recent advancements in geometric deep learning, which\neffectively integrate and process 3D geometric data, alongside breakthroughs in\naccurate protein structure predictions from tools like AlphaFold, have\nsignificantly propelled the field forward. This paper systematically reviews\nthe state-of-the-art in geometric deep learning for SBDD. We begin by outlining\nfoundational tasks in SBDD, discussing prevalent 3D protein representations,\nand highlighting representative predictive and generative models. Next, we\nprovide an in-depth review of key tasks, including binding site prediction,\nbinding pose generation, de novo molecule generation, linker design, protein\npocket generation, and binding affinity prediction. For each task, we present\nformal problem definitions, key methods, datasets, evaluation metrics, and\nperformance benchmarks. Lastly, we explore current challenges and future\nopportunities in SBDD. Challenges include oversimplified problem formulations,\nlimited out-of-distribution generalization, biosecurity concerns related to the\nmisuse of structural data, insufficient evaluation metrics and large-scale\nbenchmarks, and the need for experimental validation and enhanced model\ninterpretability. Opportunities lie in leveraging multimodal datasets,\nintegrating domain knowledge, developing comprehensive benchmarks, establishing\ncriteria aligned with clinical outcomes, and designing foundation models to\nexpand the scope of design tasks. We also curate\n\\url{https://github.com/zaixizhang/Awesome-SBDD}, reflecting ongoing\ncontributions and new datasets in SBDD.",
          "arxiv_id": "2306.11768v6"
        },
        {
          "title": "Computational Protein Science in the Era of Large Language Models (LLMs)",
          "year": "2025-01",
          "abstract": "Considering the significance of proteins, computational protein science has\nalways been a critical scientific field, dedicated to revealing knowledge and\ndeveloping applications within the protein sequence-structure-function\nparadigm. In the last few decades, Artificial Intelligence (AI) has made\nsignificant impacts in computational protein science, leading to notable\nsuccesses in specific protein modeling tasks. However, those previous AI models\nstill meet limitations, such as the difficulty in comprehending the semantics\nof protein sequences, and the inability to generalize across a wide range of\nprotein modeling tasks. Recently, LLMs have emerged as a milestone in AI due to\ntheir unprecedented language processing & generalization capability. They can\npromote comprehensive progress in fields rather than solving individual tasks.\nAs a result, researchers have actively introduced LLM techniques in\ncomputational protein science, developing protein Language Models (pLMs) that\nskillfully grasp the foundational knowledge of proteins and can be effectively\ngeneralized to solve a diversity of sequence-structure-function reasoning\nproblems. While witnessing prosperous developments, it's necessary to present a\nsystematic overview of computational protein science empowered by LLM\ntechniques. First, we summarize existing pLMs into categories based on their\nmastered protein knowledge, i.e., underlying sequence patterns, explicit\nstructural and functional information, and external scientific languages.\nSecond, we introduce the utilization and adaptation of pLMs, highlighting their\nremarkable achievements in promoting protein structure prediction, protein\nfunction prediction, and protein design studies. Then, we describe the\npractical application of pLMs in antibody design, enzyme design, and drug\ndiscovery. Finally, we specifically discuss the promising future directions in\nthis fast-growing field.",
          "arxiv_id": "2501.10282v2"
        },
        {
          "title": "Chem3DLLM: 3D Multimodal Large Language Models for Chemistry",
          "year": "2025-08",
