{
  "topics": {
    "data": {
      "0": {
        "name": "0_rendering_scene_view_NeRF",
        "keywords": [
          [
            "rendering",
            0.025427078995560022
          ],
          [
            "scene",
            0.018133069752847616
          ],
          [
            "view",
            0.017506640039440448
          ],
          [
            "NeRF",
            0.016625488203164816
          ],
          [
            "3D",
            0.015504120785158422
          ],
          [
            "novel",
            0.013961656429380239
          ],
          [
            "scenes",
            0.013702079695593233
          ],
          [
            "neural",
            0.013214870985478962
          ],
          [
            "method",
            0.01268799079641933
          ],
          [
            "quality",
            0.01212454342471987
          ]
        ],
        "count": 837
      },
      "1": {
        "name": "1_3D_human_facial_face",
        "keywords": [
          [
            "3D",
            0.022139340638791687
          ],
          [
            "human",
            0.02064005017511833
          ],
          [
            "facial",
            0.01942714935248919
          ],
          [
            "face",
            0.01769337694117379
          ],
          [
            "body",
            0.01720649893594764
          ],
          [
            "model",
            0.014619167831571618
          ],
          [
            "pose",
            0.01399966921597646
          ],
          [
            "method",
            0.012380063519583128
          ],
          [
            "head",
            0.01205065165921173
          ],
          [
            "high",
            0.011538855913762823
          ]
        ],
        "count": 659
      },
      "2": {
        "name": "2_3D_generation_models_model",
        "keywords": [
          [
            "3D",
            0.04135571367479511
          ],
          [
            "generation",
            0.022305740015995598
          ],
          [
            "models",
            0.016034287986304324
          ],
          [
            "model",
            0.014900470949194796
          ],
          [
            "diffusion",
            0.01377232727906396
          ],
          [
            "generative",
            0.013608620669426285
          ],
          [
            "image",
            0.012869698451022177
          ],
          [
            "text",
            0.011898612175974965
          ],
          [
            "scene",
            0.011116054196486333
          ],
          [
            "texture",
            0.011102656296415247
          ]
        ],
        "count": 507
      },
      "3": {
        "name": "3_image_text_models_images",
        "keywords": [
          [
            "image",
            0.0359645534960073
          ],
          [
            "text",
            0.02170832453999357
          ],
          [
            "models",
            0.021300052528244524
          ],
          [
            "images",
            0.020818002978243533
          ],
          [
            "model",
            0.016898993158691776
          ],
          [
            "generation",
            0.015226451560299444
          ],
          [
            "video",
            0.014191232003115789
          ],
          [
            "editing",
            0.013817368764292662
          ],
          [
            "Image",
            0.012480308204443333
          ],
          [
            "style",
            0.012319967974061576
          ]
        ],
        "count": 413
      },
      "4": {
        "name": "4_data_visualization_visual_analysis",
        "keywords": [
          [
            "data",
            0.04721096730300183
          ],
          [
            "visualization",
            0.0451127658018908
          ],
          [
            "visual",
            0.023875198958469283
          ],
          [
            "analysis",
            0.02024348641992817
          ],
          [
            "visualizations",
            0.01917120425658442
          ],
          [
            "design",
            0.014692387717281449
          ],
          [
            "study",
            0.013879675738340235
          ],
          [
            "user",
            0.012492537026720653
          ],
          [
            "Visualization",
            0.012268310875260306
          ],
          [
            "dimensional",
            0.011418168480777102
          ]
        ],
        "count": 279
      },
      "5": {
        "name": "5_point_surface_shape_3D",
        "keywords": [
          [
            "point",
            0.028517562554758173
          ],
          [
            "surface",
            0.025362835575699082
          ],
          [
            "shape",
            0.025123295764517963
          ],
          [
            "3D",
            0.020833134713235186
          ],
          [
            "neural",
            0.020155514049303668
          ],
          [
            "mesh",
            0.01736207274965064
          ],
          [
            "implicit",
            0.017344608851254318
          ],
          [
            "learning",
            0.01641461235617976
          ],
          [
            "reconstruction",
            0.015658469352953137
          ],
          [
            "cloud",
            0.014152099841438328
          ]
        ],
        "count": 229
      },
      "6": {
        "name": "6_mesh_surface_meshes_algorithm",
        "keywords": [
          [
            "mesh",
            0.027809453037985342
          ],
          [
            "surface",
            0.021368397314059862
          ],
          [
            "meshes",
            0.018859355538955673
          ],
          [
            "algorithm",
            0.017150310037581277
          ],
          [
            "shape",
            0.015202888425490864
          ],
          [
            "method",
            0.015116720336374208
          ],
          [
            "surfaces",
            0.014422271541259218
          ],
          [
            "medial",
            0.013480139929182159
          ],
          [
            "methods",
            0.01038684959153922
          ],
          [
            "approach",
            0.010330734891101144
          ]
        ],
        "count": 222
      },
      "7": {
        "name": "7_simulation_fluid_method_simulations",
        "keywords": [
          [
            "simulation",
            0.028385101020545277
          ],
          [
            "fluid",
            0.02326525802314967
          ],
          [
            "method",
            0.020213797965771132
          ],
          [
            "simulations",
            0.014189787977414443
          ],
          [
            "time",
            0.013360051650186597
          ],
          [
            "contact",
            0.012998208316394132
          ],
          [
            "approach",
            0.0127322593822516
          ],
          [
            "soft",
            0.0124645832076944
          ],
          [
            "physical",
            0.012388760658199752
          ],
          [
            "dynamics",
            0.012167358064956984
          ]
        ],
        "count": 213
      },
      "8": {
        "name": "8_VR_virtual_user_Reality",
        "keywords": [
          [
            "VR",
            0.035844714492711455
          ],
          [
            "virtual",
            0.029898410330273937
          ],
          [
            "user",
            0.026892301843011706
          ],
          [
            "Reality",
            0.023936712214327773
          ],
          [
            "AR",
            0.020678315955223354
          ],
          [
            "reality",
            0.019597967484116356
          ],
          [
            "Virtual",
            0.01887013993505231
          ],
          [
            "users",
            0.01708654593148656
          ],
          [
            "study",
            0.014504624915808494
          ],
          [
            "physical",
            0.014289622987530464
          ]
        ],
        "count": 159
      },
      "9": {
        "name": "9_data_ray_GPU_rendering",
        "keywords": [
          [
            "data",
            0.02534243153421298
          ],
          [
            "ray",
            0.023483703808442273
          ],
          [
            "GPU",
            0.02294211450315288
          ],
          [
            "rendering",
            0.01965848905645172
          ],
          [
            "tracing",
            0.019259216046742838
          ],
          [
            "visualization",
            0.01631417325187555
          ],
          [
            "time",
            0.01602954891291131
          ],
          [
            "ray tracing",
            0.015427684743387312
          ],
          [
            "approach",
            0.01304699739794698
          ],
          [
            "performance",
            0.012953425074374558
          ]
        ],
        "count": 149
      },
      "10": {
        "name": "10_motion_motions_Motion_human",
        "keywords": [
          [
            "motion",
            0.09214233116214395
          ],
          [
            "motions",
            0.03122050645913454
          ],
          [
            "Motion",
            0.030682841389701853
          ],
          [
            "human",
            0.024064641790416414
          ],
          [
            "human motion",
            0.01971205591565556
          ],
          [
            "action",
            0.019112403742372358
          ],
          [
            "motion generation",
            0.01827296358844612
          ],
          [
            "generation",
            0.017909259021709843
          ],
          [
            "model",
            0.016071781105903408
          ],
          [
            "style",
            0.015114521770689865
          ]
        ],
        "count": 138
      },
      "11": {
        "name": "11_design_structures_printing_fabrication",
        "keywords": [
          [
            "design",
            0.03927947354320849
          ],
          [
            "structures",
            0.025134926289616614
          ],
          [
            "printing",
            0.02369264226613994
          ],
          [
            "fabrication",
            0.01943141171096507
          ],
          [
            "manufacturing",
            0.018569145192966423
          ],
          [
            "3D",
            0.018526510988364976
          ],
          [
            "method",
            0.017969154411561532
          ],
          [
            "material",
            0.015230958979933717
          ],
          [
            "optimization",
            0.014585346726472635
          ],
          [
            "surfaces",
            0.013655418707270453
          ]
        ],
        "count": 115
      },
      "12": {
        "name": "12_motion_learning_character_policy",
        "keywords": [
          [
            "motion",
            0.04545722689484121
          ],
          [
            "learning",
            0.027048548992375788
          ],
          [
            "character",
            0.026374381107663665
          ],
          [
            "policy",
            0.026104486983689834
          ],
          [
            "control",
            0.02315573542416579
          ],
          [
            "motions",
            0.023050412074336724
          ],
          [
            "skills",
            0.01967222998512307
          ],
          [
            "human",
            0.017952240284228066
          ],
          [
            "physics",
            0.017951001260221262
          ],
          [
            "policies",
            0.016291586330935363
          ]
        ],
        "count": 100
      }
    },
    "correlations": [
      [
        1.0,
        -0.6909169241643283,
        -0.6229193046366903,
        -0.6688481407239715,
        -0.7087313568172896,
        -0.6556121974275108,
        -0.6717419353677518,
        -0.6455077976486969,
        -0.685763409109909,
        -0.5045634311370613,
        -0.7089108915091442,
        -0.7319163650695693,
        -0.7157908703848418
      ],
      [
        -0.6909169241643283,
        1.0,
        -0.5886577212488672,
        -0.6755873205735757,
        -0.7307921070535186,
        -0.6802990616111508,
        -0.6876442234993956,
        -0.6746808547451164,
        -0.7093226035653667,
        -0.7032823135741229,
        -0.6521104170847796,
        -0.7384983596123488,
        -0.6886888773943625
      ],
      [
        -0.6229193046366903,
        -0.5886577212488672,
        1.0,
        -0.5033114029954155,
        -0.7093487823467614,
        -0.5633473625126331,
        -0.6636420659497312,
        -0.6505998451149801,
        -0.6979023196974625,
        -0.6729333390901553,
        -0.7137762811363957,
        -0.698531301966826,
        -0.705156633774235
      ],
      [
        -0.6688481407239715,
        -0.6755873205735757,
        -0.5033114029954155,
        1.0,
        -0.7033793216896927,
        -0.7094190806124722,
        -0.6710280734978912,
        -0.6243699716805873,
        -0.7192220594155685,
        -0.6703785250315006,
        -0.7087775287144916,
        -0.7202863734852251,
        -0.7088308457609804
      ],
      [
        -0.7087313568172896,
        -0.7307921070535186,
        -0.7093487823467614,
        -0.7033793216896927,
        1.0,
        -0.7105424882532707,
        -0.6825229821883403,
        -0.6754336566345984,
        -0.6825614147934901,
        -0.4947138488961117,
        -0.7304569443947133,
        -0.6753938947818394,
        -0.7278842900886804
      ],
      [
        -0.6556121974275108,
        -0.6802990616111508,
        -0.5633473625126331,
        -0.7094190806124722,
        -0.7105424882532707,
        1.0,
        -0.5657212805539575,
        -0.6407001221638289,
        -0.7316109489049669,
        -0.6744348579241906,
        -0.7294241935659216,
        -0.7028655627578051,
        -0.7303962802958648
      ],
      [
        -0.6717419353677518,
        -0.6876442234993956,
        -0.6636420659497312,
        -0.6710280734978912,
        -0.6825229821883403,
        -0.5657212805539575,
        1.0,
        -0.3974011688463449,
        -0.7072864111626226,
        -0.352382436578735,
        -0.7133267820589289,
        -0.7001789808430596,
        -0.7190119466801581
      ],
      [
        -0.6455077976486969,
        -0.6746808547451164,
        -0.6505998451149801,
        -0.6243699716805873,
        -0.6754336566345984,
        -0.6407001221638289,
        -0.3974011688463449,
        1.0,
        -0.7003185818890046,
        -0.4223880720101677,
        -0.6914378391505734,
        -0.6853400559131768,
        -0.6801921146968879
      ],
      [
        -0.685763409109909,
        -0.7093226035653667,
        -0.6979023196974625,
        -0.7192220594155685,
        -0.6825614147934901,
        -0.7316109489049669,
        -0.7072864111626226,
        -0.7003185818890046,
        1.0,
        -0.6849648692422818,
        -0.7083029543687587,
        -0.696345889746137,
        -0.7256360263834798
      ],
      [
        -0.5045634311370613,
        -0.7032823135741229,
        -0.6729333390901553,
        -0.6703785250315006,
        -0.4947138488961117,
        -0.6744348579241906,
        -0.352382436578735,
        -0.4223880720101677,
        -0.6849648692422818,
        1.0,
        -0.7090635199357955,
        -0.7129029323890869,
        -0.7083166485149541
      ],
      [
        -0.7089108915091442,
        -0.6521104170847796,
        -0.7137762811363957,
        -0.7087775287144916,
        -0.7304569443947133,
        -0.7294241935659216,
        -0.7133267820589289,
        -0.6914378391505734,
        -0.7083029543687587,
        -0.7090635199357955,
        1.0,
        -0.7334309191693598,
        -0.35135433310482067
      ],
      [
        -0.7319163650695693,
        -0.7384983596123488,
        -0.698531301966826,
        -0.7202863734852251,
        -0.6753938947818394,
        -0.7028655627578051,
        -0.7001789808430596,
        -0.6853400559131768,
        -0.696345889746137,
        -0.7129029323890869,
        -0.7334309191693598,
        1.0,
        -0.7190087883202829
      ],
      [
        -0.7157908703848418,
        -0.6886888773943625,
        -0.705156633774235,
        -0.7088308457609804,
        -0.7278842900886804,
        -0.7303962802958648,
        -0.7190119466801581,
        -0.6801921146968879,
        -0.7256360263834798,
        -0.7083166485149541,
        -0.35135433310482067,
        -0.7190087883202829,
        1.0
      ]
    ],
    "series": {
      "2020-01": [
        3,
        1,
        2,
        2,
        1,
        1,
        0,
        2,
        2,
        2,
        0,
        0,
        0
      ],
      "2020-02": [
        11,
        1,
        5,
        1,
        9,
        7,
        0,
        2,
        3,
        0,
        3,
        1,
        0
      ],
      "2020-03": [
        7,
        3,
        3,
        6,
        1,
        10,
        2,
        4,
        1,
        1,
        2,
        4,
        4
      ],
      "2020-04": [
        9,
        2,
        4,
        6,
        6,
        8,
        5,
        7,
        1,
        1,
        3,
        3,
        2
      ],
      "2020-05": [
        10,
        1,
        3,
        4,
        11,
        6,
        0,
        5,
        3,
        2,
        6,
        4,
        2
      ],
      "2020-06": [
        13,
        0,
        5,
        6,
        3,
        7,
        4,
        4,
        3,
        2,
        6,
        7,
        1
      ],
      "2020-07": [
        15,
        1,
        2,
        5,
        10,
        7,
        2,
        13,
        3,
        1,
        4,
        1,
        1
      ],
      "2020-08": [
        14,
        6,
        3,
        7,
        12,
        12,
        1,
        10,
        2,
        3,
        8,
        2,
        1
      ],
      "2020-09": [
        15,
        3,
        5,
        4,
        18,
        5,
        3,
        14,
        4,
        3,
        3,
        3,
        1
      ],
      "2020-10": [
        5,
        5,
        2,
        5,
        6,
        7,
        3,
        4,
        5,
        1,
        3,
        4,
        0
      ],
      "2020-11": [
        10,
        1,
        4,
        4,
        10,
        5,
        2,
        9,
        8,
        2,
        6,
        3,
        3
      ],
      "2020-12": [
        12,
        2,
        2,
        9,
        4,
        6,
        3,
        5,
        3,
        2,
        6,
        4,
        1
      ],
      "2021-01": [
        9,
        1,
        2,
        3,
        3,
        0,
        1,
        3,
        3,
        2,
        4,
        3,
        0
      ],
      "2021-02": [
        9,
        0,
        2,
        1,
        4,
        3,
        3,
        4,
        3,
        1,
        5,
        3,
        1
      ],
      "2021-03": [
        11,
        2,
        7,
        6,
        12,
        11,
        4,
        7,
        3,
        2,
        7,
        8,
        3
      ],
      "2021-04": [
        8,
        4,
        6,
        9,
        6,
        14,
        3,
        7,
        2,
        1,
        4,
        2,
        3
      ],
      "2021-05": [
        10,
        2,
        5,
        9,
        2,
        6,
        1,
        3,
        2,
        1,
        7,
        4,
        1
      ],
      "2021-06": [
        18,
        4,
        1,
        6,
        7,
        12,
        2,
        6,
        4,
        2,
        5,
        7,
        0
      ],
      "2021-07": [
        14,
        5,
        0,
        8,
        9,
        8,
        3,
        6,
        1,
        1,
        3,
        5,
        0
      ],
      "2021-08": [
        12,
        3,
        2,
        3,
        13,
        7,
        1,
        11,
        3,
        0,
        3,
        6,
        0
      ],
      "2021-09": [
        13,
        0,
        6,
        10,
        5,
        4,
        2,
        4,
        5,
        2,
        2,
        6,
        2
      ],
      "2021-10": [
        15,
        4,
        3,
        10,
        5,
        8,
        0,
        8,
        3,
        1,
        5,
        3,
        0
      ],
      "2021-11": [
        20,
        8,
        6,
        7,
        3,
        13,
        2,
        11,
        3,
        1,
        5,
        1,
        0
      ],
      "2021-12": [
        20,
        8,
        6,
        19,
        2,
        8,
        1,
        8,
        3,
        1,
        5,
        4,
        0
      ],
      "2022-01": [
        14,
        4,
        4,
        3,
        4,
        11,
        3,
        5,
        6,
        3,
        4,
        3,
        1
      ],
      "2022-02": [
        17,
        2,
        1,
        7,
        2,
        5,
        0,
        12,
        5,
        3,
        9,
        3,
        0
      ],
      "2022-03": [
        15,
        4,
        8,
        11,
        7,
        1,
        1,
        10,
        3,
        4,
        10,
        2,
        5
      ],
      "2022-04": [
        7,
        3,
        2,
        9,
        8,
        4,
        2,
        7,
        3,
        3,
        5,
        5,
        3
      ],
      "2022-05": [
        21,
        2,
        2,
        9,
        4,
        18,
        2,
        12,
        6,
        2,
        10,
        3,
        5
      ],
      "2022-06": [
        13,
        1,
        2,
        6,
        7,
        6,
        3,
        13,
        4,
        2,
        10,
        2,
        3
      ],
      "2022-07": [
        21,
        3,
        5,
        7,
        12,
        7,
        1,
        10,
        3,
        1,
        5,
        1,
        1
      ],
      "2022-08": [
        26,
        2,
        3,
        8,
        12,
        4,
        3,
        7,
        3,
        4,
        3,
        3,
        2
      ],
      "2022-09": [
        10,
        2,
        6,
        5,
        15,
        8,
        0,
        9,
        7,
        0,
        10,
        1,
        1
      ],
      "2022-10": [
        12,
        4,
        4,
        13,
        6,
        8,
        1,
        13,
        6,
        10,
        6,
        1,
        2
      ],
      "2022-11": [
        16,
        2,
        8,
        13,
        8,
        10,
        1,
        8,
        5,
        2,
        6,
        2,
        1
      ],
      "2022-12": [
        17,
        4,
        3,
        10,
        3,
        10,
        2,
        11,
        5,
        1,
        11,
        1,
        0
      ],
      "2023-01": [
        20,
        2,
        0,
        3,
        6,
        7,
        0,
        7,
        6,
        0,
        8,
        1,
        2
      ],
      "2023-02": [
        14,
        4,
        5,
        12,
        5,
        6,
        0,
        7,
        4,
        2,
        9,
        3,
        0
      ],
      "2023-03": [
        29,
        6,
        10,
        19,
        9,
        8,
        3,
        9,
        8,
        1,
        25,
        4,
        2
      ],
      "2023-04": [
        23,
        6,
        7,
        14,
        7,
        8,
        0,
        7,
        1,
        2,
        8,
        3,
        3
      ],
      "2023-05": [
        23,
        5,
        7,
        8,
        8,
        7,
        3,
        15,
        4,
        8,
        12,
        5,
        2
      ],
      "2023-06": [
        17,
        6,
        6,
        15,
        11,
        8,
        1,
        10,
        3,
        2,
        8,
        7,
        1
      ],
      "2023-07": [
        12,
        2,
        5,
        10,
        12,
        5,
        2,
        9,
        5,
        0,
        7,
        3,
        0
      ],
      "2023-08": [
        25,
        5,
        9,
        6,
        23,
        8,
        2,
        6,
        6,
        3,
        17,
        1,
        3
      ],
      "2023-09": [
        22,
        4,
        6,
        14,
        14,
        7,
        2,
        13,
        4,
        1,
        13,
        6,
        2
      ],
      "2023-10": [
        31,
        6,
        10,
        11,
        10,
        7,
        2,
        10,
        2,
        3,
        22,
        3,
        3
      ],
      "2023-11": [
        35,
        3,
        12,
        21,
        4,
        10,
        4,
        11,
        8,
        3,
        12,
        0,
        1
      ],
      "2023-12": [
        33,
        6,
        10,
        17,
        9,
        9,
        1,
        13,
        5,
        5,
        19,
        4,
        2
      ],
      "2024-01": [
        24,
        4,
        15,
        12,
        7,
        5,
        2,
        7,
        7,
        1,
        7,
        5,
        3
      ],
      "2024-02": [
        23,
        5,
        6,
        16,
        6,
        5,
        2,
        8,
        7,
        1,
        5,
        5,
        0
      ],
      "2024-03": [
        32,
        4,
        12,
        17,
        12,
        7,
        7,
        9,
        5,
        2,
        13,
        3,
        1
      ],
      "2024-04": [
        23,
        5,
        5,
        16,
        15,
        9,
        1,
        11,
        5,
        2,
        9,
        0,
        1
      ],
      "2024-05": [
        26,
        7,
        20,
        17,
        3,
        10,
        3,
        23,
        6,
        6,
        10,
        4,
        2
      ],
      "2024-06": [
        46,
        2,
        12,
        17,
        12,
        7,
        2,
        13,
        5,
        2,
        13,
        6,
        4
      ],
      "2024-07": [
        29,
        5,
        6,
        13,
        18,
        10,
        1,
        6,
        5,
        2,
        10,
        3,
        1
      ],
      "2024-08": [
        20,
        3,
        11,
        11,
        15,
        6,
        2,
        7,
        2,
        3,
        8,
        2,
        5
      ],
      "2024-09": [
        36,
        5,
        14,
        13,
        9,
        15,
        3,
        16,
        5,
        3,
        19,
        1,
        2
      ],
      "2024-10": [
        42,
        4,
        8,
        12,
        11,
        7,
        4,
        12,
        6,
        3,
        13,
        5,
        2
      ],
      "2024-11": [
        27,
        3,
        19,
        12,
        5,
        7,
        3,
        4,
        2,
        1,
        17,
        3,
        2
      ],
      "2024-12": [
        39,
        4,
        13,
        22,
        6,
        8,
        3,
        16,
        5,
        2,
        21,
        2,
        2
      ],
      "2025-01": [
        17,
        2,
        5,
        14,
        12,
        5,
        2,
        10,
        5,
        2,
        5,
        3,
        1
      ],
      "2025-02": [
        29,
        9,
        10,
        26,
        13,
        10,
        1,
        10,
        5,
        5,
        16,
        4,
        1
      ],
      "2025-03": [
        37,
        6,
        11,
        31,
        11,
        8,
        4,
        15,
        3,
        0,
        24,
        3,
        2
      ],
      "2025-04": [
        39,
        4,
        12,
        15,
        11,
        9,
        1,
        11,
        10,
        4,
        16,
        6,
        2
      ],
      "2025-05": [
        37,
        6,
        13,
        15,
        5,
        12,
        4,
        20,
        5,
        2,
        16,
        2,
        5
      ],
      "2025-06": [
        49,
        3,
        10,
        22,
        8,
        10,
        5,
        16,
        7,
        7,
        17,
        5,
        0
      ],
      "2025-07": [
        40,
        1,
        12,
        13,
        25,
        6,
        3,
        9,
        5,
        1,
        9,
        1,
        0
      ],
      "2025-08": [
        41,
        4,
        12,
        22,
        9,
        9,
        1,
        15,
        7,
        2,
        12,
        7,
        0
      ],
      "2025-09": [
        11,
        2,
        4,
        8,
        4,
        2,
        2,
        1,
        1,
        0,
        6,
        4,
        0
      ]
    },
    "papers": {
      "0": [
        {
          "title": "Real-Time Scene Reconstruction using Light Field Probes",
          "year": "2025-07",
          "abstract": "Reconstructing photo-realistic large-scale scenes from images, for example at\ncity scale, is a long-standing problem in computer graphics. Neural rendering\nis an emerging technique that enables photo-realistic image synthesis from\npreviously unobserved viewpoints; however, state-of-the-art neural rendering\nmethods have difficulty efficiently rendering a high complex large-scale scene\nbecause these methods typically trade scene size, fidelity, and rendering speed\nfor quality. The other stream of techniques utilizes scene geometries for\nreconstruction. But the cost of building and maintaining a large set of\ngeometry data increases as scene size grows. Our work explores novel view\nsynthesis methods that efficiently reconstruct complex scenes without explicit\nuse of scene geometries. Specifically, given sparse images of the scene\n(captured from the real world), we reconstruct intermediate, multi-scale,\nimplicit representations of scene geometries. In this way, our method avoids\nexplicitly relying on scene geometry, significantly reducing the computational\ncost of maintaining large 3D data. Unlike current methods, we reconstruct the\nscene using a probe data structure. Probe data hold highly accurate depth\ninformation of dense data points, enabling the reconstruction of highly complex\nscenes. By reconstructing the scene using probe data, the rendering cost is\nindependent of the complexity of the scene. As such, our approach combines\ngeometry reconstruction and novel view synthesis. Moreover, when rendering\nlarge-scale scenes, compressing and streaming probe data is more efficient than\nusing explicit scene geometry. Therefore, our neural representation approach\ncan potentially be applied to virtual reality (VR) and augmented reality (AR)\napplications.",
          "arxiv_id": "2507.14624v1"
        },
        {
          "title": "Real-time High-resolution View Synthesis of Complex Scenes with Explicit 3D Visibility Reasoning",
          "year": "2024-02",
          "abstract": "Rendering photo-realistic novel-view images of complex scenes has been a\nlong-standing challenge in computer graphics. In recent years, great research\nprogress has been made on enhancing rendering quality and accelerating\nrendering speed in the realm of view synthesis. However, when rendering complex\ndynamic scenes with sparse views, the rendering quality remains limited due to\nocclusion problems. Besides, for rendering high-resolution images on dynamic\nscenes, the rendering speed is still far from real-time. In this work, we\npropose a generalizable view synthesis method that can render high-resolution\nnovel-view images of complex static and dynamic scenes in real-time from sparse\nviews. To address the occlusion problems arising from the sparsity of input\nviews and the complexity of captured scenes, we introduce an explicit 3D\nvisibility reasoning approach that can efficiently estimate the visibility of\nsampled 3D points to the input views. The proposed visibility reasoning\napproach is fully differentiable and can gracefully fit inside the volume\nrendering pipeline, allowing us to train our networks with only multi-view\nimages as supervision while refining geometry and texture simultaneously.\nBesides, each module in our pipeline is carefully designed to bypass the\ntime-consuming MLP querying process and enhance the rendering quality of\nhigh-resolution images, enabling us to render high-resolution novel-view images\nin real-time.Experimental results show that our method outperforms previous\nview synthesis methods in both rendering quality and speed, particularly when\ndealing with complex dynamic scenes with sparse views.",
          "arxiv_id": "2402.12886v1"
        },
        {
          "title": "Hyb-NeRF: A Multiresolution Hybrid Encoding for Neural Radiance Fields",
          "year": "2023-11",
          "abstract": "Recent advances in Neural radiance fields (NeRF) have enabled high-fidelity\nscene reconstruction for novel view synthesis. However, NeRF requires hundreds\nof network evaluations per pixel to approximate a volume rendering integral,\nmaking it slow to train. Caching NeRFs into explicit data structures can\neffectively enhance rendering speed but at the cost of higher memory usage. To\naddress these issues, we present Hyb-NeRF, a novel neural radiance field with a\nmulti-resolution hybrid encoding that achieves efficient neural modeling and\nfast rendering, which also allows for high-quality novel view synthesis. The\nkey idea of Hyb-NeRF is to represent the scene using different encoding\nstrategies from coarse-to-fine resolution levels. Hyb-NeRF exploits\nmemory-efficiency learnable positional features at coarse resolutions and the\nfast optimization speed and local details of hash-based feature grids at fine\nresolutions. In addition, to further boost performance, we embed cone\ntracing-based features in our learnable positional encoding that eliminates\nencoding ambiguity and reduces aliasing artifacts. Extensive experiments on\nboth synthetic and real-world datasets show that Hyb-NeRF achieves faster\nrendering speed with better rending quality and even a lower memory footprint\nin comparison to previous state-of-the-art methods.",
          "arxiv_id": "2311.12490v1"
        }
      ],
      "1": [
        {
          "title": "VOODOO XP: Expressive One-Shot Head Reenactment for VR Telepresence",
          "year": "2024-05",
          "abstract": "We introduce VOODOO XP: a 3D-aware one-shot head reenactment method that can\ngenerate highly expressive facial expressions from any input driver video and a\nsingle 2D portrait. Our solution is real-time, view-consistent, and can be\ninstantly used without calibration or fine-tuning. We demonstrate our solution\non a monocular video setting and an end-to-end VR telepresence system for\ntwo-way communication. Compared to 2D head reenactment methods, 3D-aware\napproaches aim to preserve the identity of the subject and ensure\nview-consistent facial geometry for novel camera poses, which makes them\nsuitable for immersive applications. While various facial disentanglement\ntechniques have been introduced, cutting-edge 3D-aware neural reenactment\ntechniques still lack expressiveness and fail to reproduce complex and\nfine-scale facial expressions. We present a novel cross-reenactment\narchitecture that directly transfers the driver's facial expressions to\ntransformer blocks of the input source's 3D lifting module. We show that highly\neffective disentanglement is possible using an innovative multi-stage\nself-supervision approach, which is based on a coarse-to-fine strategy,\ncombined with an explicit face neutralization and 3D lifted frontalization\nduring its initial training stage. We further integrate our novel head\nreenactment solution into an accessible high-fidelity VR telepresence system,\nwhere any person can instantly build a personalized neural head avatar from any\nphoto and bring it to life using the headset. We demonstrate state-of-the-art\nperformance in terms of expressiveness and likeness preservation on a large set\nof diverse subjects and capture conditions.",
          "arxiv_id": "2405.16204v2"
        },
        {
          "title": "EVA: Expressive Virtual Avatars from Multi-view Videos",
          "year": "2025-05",
          "abstract": "With recent advancements in neural rendering and motion capture algorithms,\nremarkable progress has been made in photorealistic human avatar modeling,\nunlocking immense potential for applications in virtual reality, augmented\nreality, remote communication, and industries such as gaming, film, and\nmedicine. However, existing methods fail to provide complete, faithful, and\nexpressive control over human avatars due to their entangled representation of\nfacial expressions and body movements. In this work, we introduce Expressive\nVirtual Avatars (EVA), an actor-specific, fully controllable, and expressive\nhuman avatar framework that achieves high-fidelity, lifelike renderings in real\ntime while enabling independent control of facial expressions, body movements,\nand hand gestures. Specifically, our approach designs the human avatar as a\ntwo-layer model: an expressive template geometry layer and a 3D Gaussian\nappearance layer. First, we present an expressive template tracking algorithm\nthat leverages coarse-to-fine optimization to accurately recover body motions,\nfacial expressions, and non-rigid deformation parameters from multi-view\nvideos. Next, we propose a novel decoupled 3D Gaussian appearance model\ndesigned to effectively disentangle body and facial appearance. Unlike unified\nGaussian estimation approaches, our method employs two specialized and\nindependent modules to model the body and face separately. Experimental results\ndemonstrate that EVA surpasses state-of-the-art methods in terms of rendering\nquality and expressiveness, validating its effectiveness in creating full-body\navatars. This work represents a significant advancement towards fully drivable\ndigital human models, enabling the creation of lifelike digital avatars that\nfaithfully replicate human geometry and appearance.",
          "arxiv_id": "2505.15385v1"
        },
        {
          "title": "GaussianHeads: End-to-End Learning of Drivable Gaussian Head Avatars from Coarse-to-fine Representations",
          "year": "2024-09",
