{
  "topics": {
    "data": {
      "0": {
        "name": "0_type_theory_categories_category",
        "keywords": [
          [
            "type",
            0.032590196278740595
          ],
          [
            "theory",
            0.02833286629258582
          ],
          [
            "categories",
            0.023844143299859517
          ],
          [
            "category",
            0.020459244016696212
          ],
          [
            "types",
            0.017663502185460807
          ],
          [
            "type theory",
            0.017358021152398467
          ],
          [
            "lambda",
            0.013593326883798232
          ],
          [
            "calculus",
            0.013134706792763377
          ],
          [
            "categorical",
            0.01031595657331626
          ],
          [
            "semantics",
            0.010310959631056492
          ]
        ],
        "count": 980
      },
      "1": {
        "name": "1_model_systems_temporal_LTL",
        "keywords": [
          [
            "model",
            0.016807806217835924
          ],
          [
            "systems",
            0.01623809363280346
          ],
          [
            "temporal",
            0.014304101369979788
          ],
          [
            "LTL",
            0.013892463689057432
          ],
          [
            "checking",
            0.01314245792800095
          ],
          [
            "synthesis",
            0.013080185027821385
          ],
          [
            "safety",
            0.012698123138078119
          ],
          [
            "verification",
            0.011769668551450278
          ],
          [
            "problem",
            0.011599394871305567
          ],
          [
            "specification",
            0.011489173756100077
          ]
        ],
        "count": 850
      },
      "2": {
        "name": "2_logic_modal_proof_intuitionistic",
        "keywords": [
          [
            "logic",
            0.041965481910776634
          ],
          [
            "modal",
            0.03505922785696191
          ],
          [
            "proof",
            0.03275307126296278
          ],
          [
            "intuitionistic",
            0.028992486748904183
          ],
          [
            "logics",
            0.028563791676656344
          ],
          [
            "semantics",
            0.022005895369048754
          ],
          [
            "sequent",
            0.019080696775628892
          ],
          [
            "classical",
            0.0180987306517008
          ],
          [
            "cut",
            0.01792067455698954
          ],
          [
            "modal logic",
            0.016635577406215
          ]
        ],
        "count": 353
      },
      "3": {
        "name": "3_ASP_SAT_solvers_SMT",
        "keywords": [
          [
            "ASP",
            0.02646499833353212
          ],
          [
            "SAT",
            0.024980161692700308
          ],
          [
            "solvers",
            0.021049780524030746
          ],
          [
            "SMT",
            0.018275520249943052
          ],
          [
            "problems",
            0.015277782107575424
          ],
          [
            "solving",
            0.01519348352391
          ],
          [
            "solver",
            0.014999138918037504
          ],
          [
            "problem",
            0.014641338221053034
          ],
          [
            "Answer",
            0.013260620517662414
          ],
          [
            "Programming",
            0.0130040495303771
          ]
        ],
        "count": 332
      },
      "4": {
        "name": "4_programs_program_verification_memory",
        "keywords": [
          [
            "programs",
            0.027881848170820227
          ],
          [
            "program",
            0.025655532566171303
          ],
          [
            "verification",
            0.022237078270797593
          ],
          [
            "memory",
            0.015149487273213368
          ],
          [
            "analysis",
            0.013500225811282676
          ],
          [
            "data",
            0.013405388237884426
          ],
          [
            "code",
            0.013385298476345876
          ],
          [
            "correctness",
            0.012468061703251133
          ],
          [
            "logic",
            0.010593414218458292
          ],
          [
            "concurrent",
            0.010462926618938672
          ]
        ],
        "count": 314
      },
      "5": {
        "name": "5_reasoning_learning_models_explanations",
        "keywords": [
          [
            "reasoning",
            0.02560252246153945
          ],
          [
            "learning",
            0.02086377197415127
          ],
          [
            "models",
            0.02042157774888352
          ],
          [
            "explanations",
            0.01883863126778011
          ],
          [
            "neural",
            0.017324989458350357
          ],
          [
            "logical",
            0.015255413385706176
          ],
          [
            "knowledge",
            0.014238405961550401
          ],
          [
            "AI",
            0.014190798287305864
          ],
          [
            "data",
            0.013552786483058542
          ],
          [
            "language",
            0.012265118791787794
          ]
        ],
        "count": 296
      },
      "6": {
        "name": "6_theory_computable_complexity_numbers",
        "keywords": [
          [
            "theory",
            0.01981452683296923
          ],
          [
            "computable",
            0.018406317593436167
          ],
          [
            "complexity",
            0.018307629630759166
          ],
          [
            "numbers",
            0.014334937125875026
          ],
          [
            "functions",
            0.014051981873928606
          ],
          [
            "theorem",
            0.013969272030582245
          ],
          [
            "order",
            0.012448155300632422
          ],
          [
            "machines",
            0.012328759897490263
          ],
          [
            "proof",
            0.012004574244347527
          ],
          [
            "real",
            0.011462442309080471
          ]
        ],
        "count": 278
      },
      "7": {
        "name": "7_graphs_graph_classes_bounded",
        "keywords": [
          [
            "graphs",
            0.044902084080700316
          ],
          [
            "graph",
            0.038474921558664575
          ],
          [
            "classes",
            0.033398185151328454
          ],
          [
            "bounded",
            0.03141626563125594
          ],
          [
            "width",
            0.028511140035191982
          ],
          [
            "class",
            0.022802075495631974
          ],
          [
            "CSP",
            0.01931359568705458
          ],
          [
            "CSPs",
            0.018405369559969693
          ],
          [
            "order",
            0.018175708206836196
          ],
          [
            "problem",
            0.016305196348345517
          ]
        ],
        "count": 258
      },
      "8": {
        "name": "8_query_queries_ontology_ontologies",
        "keywords": [
          [
            "query",
            0.032119971418782416
          ],
          [
            "queries",
            0.029966475253683643
          ],
          [
            "ontology",
            0.02541215477244708
          ],
          [
            "ontologies",
            0.01952069897779478
          ],
          [
            "data",
            0.01823694165948093
          ],
          [
            "knowledge",
            0.018057470003068326
          ],
          [
            "DL",
            0.01365030926825884
          ],
          [
            "answering",
            0.01299822759065783
          ],
          [
            "database",
            0.012689399176953576
          ],
          [
            "conjunctive",
            0.011988459850828541
          ]
        ],
        "count": 251
      },
      "9": {
        "name": "9_epistemic_knowledge_logic_agents",
        "keywords": [
          [
            "epistemic",
            0.0412698658623488
          ],
          [
            "knowledge",
            0.033358765613061905
          ],
          [
            "logic",
            0.029072440547869404
          ],
          [
            "agents",
            0.025919796127227182
          ],
          [
            "agent",
            0.02082515644064773
          ],
          [
            "belief",
            0.019415772440633385
          ],
          [
            "model",
            0.016435509017167796
          ],
          [
            "epistemic logic",
            0.015690125136679663
          ],
          [
            "Epistemic",
            0.014240720524674249
          ],
          [
            "paper",
            0.013627053904194993
          ]
        ],
        "count": 222
      },
      "10": {
        "name": "10_quantum_Quantum_circuits_classical",
        "keywords": [
          [
            "quantum",
            0.11990744020871222
          ],
          [
            "Quantum",
            0.03904704460577053
          ],
          [
            "circuits",
            0.0256973508913592
          ],
          [
            "classical",
            0.020017857229777843
          ],
          [
            "quantum circuits",
            0.01683584235591289
          ],
          [
            "language",
            0.016207796808421614
          ],
          [
            "quantum programs",
            0.016145943082656326
          ],
          [
            "logic",
            0.01584310816477367
          ],
          [
            "reversible",
            0.015480066192466016
          ],
          [
            "circuit",
            0.014583225370932538
          ]
        ],
        "count": 198
      },
      "11": {
        "name": "11_proof_theorem_proofs_Isabelle",
        "keywords": [
          [
            "proof",
            0.036691565236535856
          ],
          [
            "theorem",
            0.026146249829672306
          ],
          [
            "proofs",
            0.02591093339794334
          ],
          [
            "Isabelle",
            0.023261054260477105
          ],
          [
            "proving",
            0.020969076362484254
          ],
          [
            "theorem proving",
            0.019632900431314264
          ],
          [
            "formal",
            0.018160215010919266
          ],
          [
            "learning",
            0.01766629782346573
          ],
          [
            "problems",
            0.01550807281487313
          ],
          [
            "language",
            0.013273227602485652
          ]
        ],
        "count": 182
      },
      "12": {
        "name": "12_automata_automaton_deterministic_words",
        "keywords": [
          [
            "automata",
            0.06392717807056393
          ],
          [
            "automaton",
            0.024854324814675647
          ],
          [
            "deterministic",
            0.022920280281851547
          ],
          [
            "words",
            0.02161867721807251
          ],
          [
            "regular",
            0.02062761151724171
          ],
          [
            "languages",
            0.019595703595443797
          ],
          [
            "finite",
            0.01910282609575975
          ],
          [
            "problem",
            0.01623248178127021
          ],
          [
            "weighted",
            0.016063217267205793
          ],
          [
            "infinite",
            0.015739771760420233
          ]
        ],
        "count": 171
      },
      "13": {
        "name": "13_neural_verification_networks_network",
        "keywords": [
          [
            "neural",
            0.049557944798129354
          ],
          [
            "verification",
            0.04274493114153191
          ],
          [
            "networks",
            0.03954298285627587
          ],
          [
            "network",
            0.033704053897647475
          ],
          [
            "neural networks",
            0.032191214738311706
          ],
          [
            "Neural",
            0.03199248146675929
          ],
          [
            "DNN",
            0.027208217433896717
          ],
          [
            "neural network",
            0.023633976334152762
          ],
          [
            "robustness",
            0.020447672490237812
          ],
          [
            "Networks",
            0.01956645010819747
          ]
        ],
        "count": 111
      },
      "14": {
        "name": "14_bisimilarity_process_Petri_nets",
        "keywords": [
          [
            "bisimilarity",
            0.06872299544540862
          ],
          [
            "process",
            0.03968663950683935
          ],
          [
            "Petri",
            0.03314804811073544
          ],
          [
            "nets",
            0.028562590444407034
          ],
          [
            "process algebra",
            0.0278944407538021
          ],
          [
            "concurrent",
            0.026959843730668384
          ],
          [
            "Petri nets",
            0.022904321548453514
          ],
          [
            "algebra",
            0.022679234673660207
          ],
          [
            "processes",
            0.020702705178188955
          ],
          [
            "reversibility",
            0.018949983884536097
          ]
        ],
        "count": 108
      },
      "15": {
        "name": "15_smart_contracts_blockchain_contract",
        "keywords": [
          [
            "smart",
            0.04414743971060983
          ],
          [
            "contracts",
            0.042920178119634264
          ],
          [
            "blockchain",
            0.037307931690245794
          ],
          [
            "contract",
            0.03209147004710827
          ],
          [
            "smart contracts",
            0.030167235412987752
          ],
          [
            "protocol",
            0.021402777886473354
          ],
          [
            "smart contract",
            0.020195637956440235
          ],
          [
            "verification",
            0.01847278830618135
          ],
          [
            "consensus",
            0.018171842063629363
          ],
          [
            "Ethereum",
            0.017951704302239305
          ]
        ],
        "count": 88
      }
    },
    "correlations": [
      [
        1.0,
        -0.4393436080226498,
        -0.6121649622102028,
        -0.7402650658848103,
        -0.703874510108139,
        -0.7045989358643789,
        -0.22243655053543598,
        -0.6854446616065492,
        -0.7412840392226474,
        -0.7153736831619115,
        -0.7339428073746199,
        -0.663966991189632,
        -0.6883779625461489,
        -0.7296670387326583,
        -0.7173230072106178,
        -0.7519628999092043
      ],
      [
        -0.4393436080226498,
        1.0,
        -0.6136545774347899,
        -0.7221255873078085,
        -0.6874940204193507,
        -0.6779942663863263,
        -0.2986484584962388,
        -0.6847645758690959,
        -0.7209892423878772,
        -0.6552657359894296,
        -0.741096017983977,
        -0.7018377223439438,
        -0.6425558448491183,
        -0.6699421206003526,
        -0.7070892301402594,
        -0.743131496621922
      ],
      [
        -0.6121649622102028,
        -0.6136545774347899,
        1.0,
        -0.7378842496652352,
        -0.6967525839738008,
        -0.6985100982499661,
        -0.6187820858973812,
        -0.6894736694844148,
        -0.7240561121150102,
        -0.47141487992450215,
        -0.7405743530497133,
        -0.5736751489273357,
        -0.7008133903172172,
        -0.7311503306273719,
        -0.7306559108385905,
        -0.7572849746152126
      ],
      [
        -0.7402650658848103,
        -0.7221255873078085,
        -0.7378842496652352,
        1.0,
        -0.7186095213098257,
        -0.7124313301029037,
        -0.7247829781763624,
        -0.7433193376657519,
        -0.7437861733670641,
        -0.717018026511484,
        -0.7590457942242961,
        -0.7433765547088722,
        -0.7481920651032177,
        -0.726064944293946,
        -0.7537671331324749,
        -0.7624748770134978
      ],
      [
        -0.703874510108139,
        -0.6874940204193507,
        -0.6967525839738008,
        -0.7186095213098257,
        1.0,
        -0.7051254387358241,
        -0.699270517682685,
        -0.734569026264253,
        -0.7403592745400354,
        -0.7202979630673761,
        -0.7500458826445628,
        -0.7037739762866961,
        -0.7358096523653156,
        -0.5748714984305892,
        -0.7405071735649135,
        -0.7328364759854396
      ],
      [
        -0.7045989358643789,
        -0.6779942663863263,
        -0.6985100982499661,
        -0.7124313301029037,
        -0.7051254387358241,
        1.0,
        -0.6980497964769049,
        -0.7383250393522593,
        -0.7094294494594356,
        -0.6798699737427583,
        -0.7586091293798385,
        -0.703508821713045,
        -0.7398694643336527,
        -0.6484183752319304,
        -0.7410792703159979,
        -0.7586372652995248
      ],
      [
        -0.22243655053543598,
        -0.2986484584962388,
        -0.6187820858973812,
        -0.7247829781763624,
        -0.699270517682685,
        -0.6980497964769049,
        1.0,
        -0.674854885985823,
        -0.7278981276165464,
        -0.6953684126585844,
        -0.7356031687651182,
        -0.6747764435947388,
        -0.6502084661129433,
        -0.7097241135996264,
        -0.708895629318482,
        -0.7428019792653222
      ],
      [
        -0.6854446616065492,
        -0.6847645758690959,
        -0.6894736694844148,
        -0.7433193376657519,
        -0.734569026264253,
        -0.7383250393522593,
        -0.674854885985823,
        1.0,
        -0.723445513926583,
        -0.7354875639674128,
        -0.7487590259726999,
        -0.7384064802635262,
        -0.7209522323084925,
        -0.7325806233559125,
        -0.7365242450591172,
        -0.7584915767548024
      ],
      [
        -0.7412840392226474,
        -0.7209892423878772,
        -0.7240561121150102,
        -0.7437861733670641,
        -0.7403592745400354,
        -0.7094294494594356,
        -0.7278981276165464,
        -0.723445513926583,
        1.0,
        -0.7170559972538837,
        -0.7655764556207767,
        -0.7557526471340802,
        -0.7442080800017559,
        -0.7442458524059734,
        -0.7548925304951885,
        -0.7577257224265156
      ],
      [
        -0.7153736831619115,
        -0.6552657359894296,
        -0.47141487992450215,
        -0.717018026511484,
        -0.7202979630673761,
        -0.6798699737427583,
        -0.6953684126585844,
        -0.7354875639674128,
        -0.7170559972538837,
        1.0,
        -0.7533136128948326,
        -0.7194087166904441,
        -0.7381334149442539,
        -0.7261201131116553,
        -0.7473731933581471,
        -0.7558585829583586
      ],
      [
        -0.7339428073746199,
        -0.741096017983977,
        -0.7405743530497133,
        -0.7590457942242961,
        -0.7500458826445628,
        -0.7586091293798385,
        -0.7356031687651182,
        -0.7487590259726999,
        -0.7655764556207767,
        -0.7533136128948326,
        1.0,
        -0.7507212299123013,
        -0.7599333884482964,
        -0.7543189255939747,
        -0.7521939799936106,
        -0.7655764556207767
      ],
      [
        -0.663966991189632,
        -0.7018377223439438,
        -0.5736751489273357,
        -0.7433765547088722,
        -0.7037739762866961,
        -0.703508821713045,
        -0.6747764435947388,
        -0.7384064802635262,
        -0.7557526471340802,
        -0.7194087166904441,
        -0.7507212299123013,
        1.0,
        -0.7415128911604505,
        -0.7089704608668527,
        -0.7387872866809967,
        -0.7443398998874047
      ],
      [
        -0.6883779625461489,
        -0.6425558448491183,
        -0.7008133903172172,
        -0.7481920651032177,
        -0.7358096523653156,
        -0.7398694643336527,
        -0.6502084661129433,
        -0.7209522323084925,
        -0.7442080800017559,
        -0.7381334149442539,
        -0.7599333884482964,
        -0.7415128911604505,
        1.0,
        -0.7339676865642475,
        -0.7381408515795809,
        -0.7588550031318062
      ],
      [
        -0.7296670387326583,
        -0.6699421206003526,
        -0.7311503306273719,
        -0.726064944293946,
        -0.5748714984305892,
        -0.6484183752319304,
        -0.7097241135996264,
        -0.7325806233559125,
        -0.7442458524059734,
        -0.7261201131116553,
        -0.7543189255939747,
        -0.7089704608668527,
        -0.7339676865642475,
        1.0,
        -0.7372481958536905,
        -0.7413630504128308
      ],
      [
        -0.7173230072106178,
        -0.7070892301402594,
        -0.7306559108385905,
        -0.7537671331324749,
        -0.7405071735649135,
        -0.7410792703159979,
        -0.708895629318482,
        -0.7365242450591172,
        -0.7548925304951885,
        -0.7473731933581471,
        -0.7521939799936106,
        -0.7387872866809967,
        -0.7381408515795809,
        -0.7372481958536905,
        1.0,
        -0.7590460354771723
      ],
      [
        -0.7519628999092043,
        -0.743131496621922,
        -0.7572849746152126,
        -0.7624748770134978,
        -0.7328364759854396,
        -0.7586372652995248,
        -0.7428019792653222,
        -0.7584915767548024,
        -0.7577257224265156,
        -0.7558585829583586,
        -0.7655764556207767,
        -0.7443398998874047,
        -0.7588550031318062,
        -0.7413630504128308,
        -0.7590460354771723,
        1.0
      ]
    ],
    "series": {
      "2020-01": [
        32,
        4,
        12,
        2,
        7,
        0,
        2,
        6,
        5,
        5,
        3,
        10,
        3,
        4,
        6,
        1
      ],
      "2020-02": [
        36,
        2,
        14,
        3,
        5,
        1,
        3,
        1,
        3,
        1,
        2,
        13,
        8,
        5,
        5,
        3
      ],
      "2020-03": [
        32,
        5,
        10,
        3,
        0,
        2,
        5,
        7,
        7,
        2,
        3,
        3,
        1,
        5,
        7,
        2
      ],
      "2020-04": [
        36,
        9,
        8,
        5,
        2,
        2,
        1,
        4,
        2,
        7,
        3,
        5,
        5,
        8,
        7,
        1
      ],
      "2020-05": [
        42,
        6,
        10,
        7,
        5,
        2,
        3,
        6,
        4,
        2,
        6,
        11,
        6,
        3,
        10,
        3
      ],
      "2020-06": [
        29,
        4,
        11,
        2,
        5,
        5,
        3,
        9,
        2,
        5,
        3,
        4,
        2,
        7,
        2,
        0
      ],
      "2020-07": [
        52,
        6,
        20,
        8,
        5,
        4,
        5,
        5,
        2,
        4,
        3,
        2,
        14,
        7,
        6,
        2
      ],
      "2020-08": [
        44,
        5,
        15,
        11,
        7,
        0,
        5,
        4,
        3,
        2,
        3,
        3,
        4,
        1,
        7,
        1
      ],
      "2020-09": [
        40,
        6,
        11,
        11,
        5,
        3,
        3,
        3,
        1,
        3,
        1,
        5,
        4,
        6,
        2,
        0
      ],
      "2020-10": [
        38,
        6,
        5,
        1,
        6,
        5,
        3,
        7,
        5,
        6,
        2,
        7,
        12,
        6,
        7,
        3
      ],
      "2020-11": [
        15,
        4,
        5,
        2,
        4,
        2,
        2,
        6,
        2,
        1,
        3,
        2,
        4,
        4,
        2,
        1
      ],
      "2020-12": [
        19,
        11,
        7,
        4,
        6,
        4,
        1,
        4,
        2,
        2,
        6,
        6,
        6,
        4,
        5,
        3
      ],
      "2021-01": [
        30,
        12,
        12,
        1,
        3,
        4,
        5,
        5,
        1,
        1,
        4,
        9,
        7,
        4,
        7,
        1
      ],
      "2021-02": [
        38,
        4,
        14,
        3,
        2,
        2,
        2,
        8,
        3,
        3,
        2,
        10,
        6,
        6,
        4,
        1
      ],
      "2021-03": [
        22,
        4,
        15,
        3,
        2,
        2,
        3,
        3,
        0,
        4,
        6,
        5,
        2,
        2,
        8,
        0
      ],
      "2021-04": [
        41,
        8,
        20,
        1,
        6,
        2,
        5,
        8,
        1,
        4,
        3,
        15,
        2,
        7,
        8,
        0
      ],
      "2021-05": [
        40,
        6,
        17,
        4,
        7,
        7,
        4,
        11,
        1,
        9,
        6,
        10,
        6,
        4,
        6,
        0
      ],
      "2021-06": [
        32,
        4,
        16,
        5,
        3,
        2,
        2,
        10,
        2,
        10,
        3,
        7,
        4,
        7,
        4,
        3
      ],
      "2021-07": [
        36,
        9,
        17,
        5,
        2,
        3,
        1,
        6,
        5,
        2,
        7,
        9,
        6,
        4,
        5,
        3
      ],
      "2021-08": [
        34,
        6,
        14,
        6,
        7,
        2,
        2,
        3,
        3,
        8,
        0,
        8,
        2,
        6,
        6,
        2
      ],
      "2021-09": [
        33,
        7,
        14,
        16,
        6,
        5,
        4,
        5,
        1,
        8,
        8,
        2,
        4,
        4,
        4,
        3
      ],
      "2021-10": [
        27,
        9,
        15,
        2,
        3,
        4,
        1,
        6,
        2,
        3,
        6,
        8,
        4,
        8,
        4,
        1
      ],
      "2021-11": [
        23,
        6,
        8,
        3,
        1,
        2,
        3,
        5,
        1,
        2,
        3,
        3,
        3,
        7,
        3,
        2
      ],
      "2021-12": [
        36,
        2,
        17,
        5,
        3,
        9,
        2,
        3,
        4,
        0,
        4,
        9,
        4,
        6,
        6,
        0
      ],
      "2022-01": [
        28,
        6,
        9,
        3,
        2,
        5,
        3,
        2,
        1,
        2,
        3,
        7,
        5,
        5,
        1,
        1
      ],
      "2022-02": [
        33,
        5,
        14,
        1,
        4,
        1,
        3,
        10,
        3,
        2,
        2,
        7,
        3,
        8,
        3,
        1
      ],
      "2022-03": [
        30,
        3,
        8,
        2,
        1,
        3,
        2,
        9,
        3,
        7,
        2,
        6,
        12,
        4,
        4,
        2
      ],
      "2022-04": [
        42,
        10,
        25,
        0,
        0,
        3,
        1,
        2,
        2,
        0,
        8,
        7,
        3,
        5,
        1,
        0
      ],
      "2022-05": [
        47,
        9,
        19,
        5,
        10,
        4,
        1,
        5,
        6,
        11,
        6,
        15,
        9,
        7,
        2,
        6
      ],
      "2022-06": [
        22,
        6,
        13,
        1,
        3,
        5,
        8,
        8,
        3,
        3,
        7,
        3,
        6,
        8,
        3,
        0
      ],
      "2022-07": [
        38,
        8,
        15,
        2,
        1,
        3,
        2,
        4,
        4,
        3,
        2,
        11,
        10,
        8,
        4,
        3
      ],
      "2022-08": [
        29,
        6,
        9,
        6,
        2,
        10,
        4,
        2,
        6,
        2,
        1,
        9,
        5,
        3,
        1,
        5
      ],
      "2022-09": [
        32,
        8,
        16,
        4,
        4,
        4,
        4,
        7,
        6,
        2,
        1,
        6,
        5,
        2,
        3,
        3
      ],
      "2022-10": [
        29,
        1,
        18,
        1,
        1,
        1,
        1,
        6,
        7,
        1,
        2,
        8,
        2,
        8,
        3,
        2
      ],
      "2022-11": [
        25,
        4,
        4,
        6,
        3,
        3,
        4,
        7,
        3,
        7,
        0,
        4,
        2,
        0,
        4,
        1
      ],
      "2022-12": [
        22,
        6,
        8,
        1,
        1,
        0,
        4,
        2,
        5,
        2,
        4,
        5,
        6,
        6,
        4,
        1
      ],
      "2023-01": [
        32,
        6,
        14,
        2,
        4,
        6,
        4,
        5,
        5,
        2,
        5,
        4,
        6,
        3,
        6,
        0
      ],
      "2023-02": [
        38,
        1,
        12,
        1,
        9,
        1,
        4,
        10,
        1,
        3,
        4,
        12,
        4,
        3,
        4,
        0
      ],
      "2023-03": [
        45,
        8,
        18,
        8,
        5,
        0,
        5,
        8,
        5,
        4,
        6,
        14,
        2,
        6,
        6,
        2
      ],
      "2023-04": [
        37,
        6,
        19,
        2,
        1,
        4,
        9,
        3,
        4,
        4,
        2,
        8,
        4,
        6,
        3,
        0
      ],
      "2023-05": [
        66,
        9,
        19,
        5,
        11,
        5,
        5,
        7,
        5,
        8,
        0,
        10,
        5,
        13,
        3,
        0
      ],
      "2023-06": [
        31,
        4,
        18,
        6,
        2,
        1,
        2,
        5,
        10,
        8,
        2,
        6,
        4,
        8,
        5,
        0
      ],
      "2023-07": [
        57,
        12,
        24,
        6,
        4,
        4,
        6,
        7,
        8,
        15,
        6,
        6,
        11,
        7,
        4,
        1
      ],
      "2023-08": [
        37,
        7,
        19,
        8,
        4,
        4,
        3,
        6,
        6,
        7,
        3,
        2,
        1,
        7,
        4,
        1
      ],
      "2023-09": [
        37,
        1,
        15,
        3,
        5,
        0,
        2,
        4,
        3,
        4,
        2,
        5,
        3,
        6,
        4,
        2
      ],
      "2023-10": [
        45,
        7,
        20,
        2,
        3,
        8,
        2,
        4,
        6,
        3,
        2,
        8,
        6,
        6,
        8,
        2
      ],
      "2023-11": [
        33,
        7,
        8,
        4,
        1,
        5,
        3,
        5,
        2,
        3,
        9,
        10,
        4,
        8,
        3,
        1
      ],
      "2023-12": [
        32,
        5,
        11,
        4,
        3,
        6,
        5,
        4,
        1,
        3,
        2,
        5,
        2,
        3,
        2,
        1
      ],
      "2024-01": [
        41,
        8,
        10,
        4,
        2,
        7,
        4,
        6,
        2,
        4,
        3,
        12,
        11,
        10,
        6,
        3
      ],
      "2024-02": [
        43,
        5,
        19,
        4,
        6,
        5,
        3,
        7,
        4,
        6,
        4,
        8,
        4,
        9,
        2,
        5
      ],
      "2024-03": [
        28,
        3,
        17,
        6,
        8,
        9,
        1,
        6,
        5,
        4,
        4,
        7,
        4,
        12,
        2,
        2
      ],
      "2024-04": [
        52,
        2,
        23,
        6,
        5,
        1,
        2,
        6,
        5,
        7,
        1,
        12,
        7,
        7,
        3,
        2
      ],
      "2024-05": [
        53,
        9,
        21,
        4,
        6,
        8,
        5,
        8,
        8,
        6,
        3,
        6,
        9,
        10,
        4,
        1
      ],
      "2024-06": [
        26,
        7,
        19,
        6,
        1,
        5,
        1,
        6,
        1,
        5,
        6,
        9,
        4,
        8,
        3,
        2
      ],
      "2024-07": [
        40,
        9,
        11,
        6,
        6,
        2,
        3,
        4,
        4,
        1,
        0,
        8,
        2,
        8,
        3,
        0
      ],
      "2024-08": [
        26,
        7,
        8,
        9,
        4,
        7,
        2,
        4,
        3,
        3,
        5,
        3,
        6,
        6,
        2,
        2
      ],
      "2024-09": [
        27,
        3,
        6,
        3,
        2,
        1,
        1,
        0,
        2,
        3,
        1,
        5,
        5,
        2,
        3,
        0
      ],
      "2024-10": [
        43,
        9,
        13,
        5,
        2,
        6,
        3,
        2,
        3,
        5,
        4,
        14,
        7,
        5,
        7,
        3
      ],
      "2024-11": [
        34,
        2,
        13,
        1,
        7,
        4,
        3,
        9,
        0,
        3,
        3,
        7,
        7,
        5,
        6,
        0
      ],
      "2024-12": [
        33,
        7,
        23,
        5,
        1,
        1,
        5,
        4,
        7,
        8,
        4,
        14,
        3,
        1,
        3,
        1
      ],
      "2025-01": [
        30,
        9,
        15,
        7,
        3,
        5,
        2,
        9,
        2,
        6,
        4,
        16,
        6,
        8,
        3,
        4
      ],
      "2025-02": [
        35,
        6,
        17,
        12,
        3,
        6,
        1,
        8,
        5,
        5,
        2,
        12,
        7,
        7,
        5,
        2
      ],
      "2025-03": [
        28,
        3,
        12,
        6,
        3,
        3,
        1,
        6,
        3,
        3,
        3,
        11,
        9,
        8,
        2,
        2
      ],
      "2025-04": [
        42,
        3,
        13,
        2,
        3,
        3,
        9,
        7,
        3,
        6,
        7,
        7,
        8,
        13,
        3,
        1
      ],
      "2025-05": [
        45,
        7,
        18,
        12,
        5,
        7,
        7,
        14,
        1,
        9,
        1,
        21,
        9,
        12,
        3,
        1
      ],
      "2025-06": [
        29,
        5,
        20,
        10,
        3,
        3,
        2,
        7,
        2,
        5,
        7,
        13,
        5,
        12,
        5,
        1
      ],
      "2025-07": [
        61,
        7,
        23,
        14,
        3,
        7,
        4,
        5,
        6,
        9,
        6,
        15,
        4,
        6,
        1,
        3
      ],
      "2025-08": [
        26,
        7,
        19,
        6,
        4,
        8,
        1,
        4,
        5,
        5,
        6,
        13,
        9,
        13,
        3,
        0
      ],
      "2025-09": [
        22,
        4,
        6,
        1,
        3,
        1,
        2,
        3,
        3,
        3,
        3,
        2,
        2,
        4,
        0,
        2
      ]
    },
    "papers": {
      "0": [
        {
          "title": "Synthetic 1-Categories in Directed Type Theory",
          "year": "2024-10",
          "abstract": "The field of directed type theory seeks to design type theories capable of\nreasoning synthetically about (higher) categories, by generalizing the\nsymmetric identity types of Martin-L\\\"of Type Theory to asymmetric hom-types.\nWe articulate the directed type theory of the category model, with appropriate\nmodalities for keeping track of variances and a powerful directed-J rule\ncapable of proving results about arbitrary terms of hom-types; we put this rule\nto use in making several constructions in synthetic 1-category theory. Because\nthis theory is expressed entirely in terms of generalized algebraic theories,\nwe know automatically that this directed type theory admits a syntax model and\nis the first step towards directed higher observational type theory.",
          "arxiv_id": "2410.19520v1"
        },
        {
          "title": "An interpretation of dependent type theory in a model category of locally cartesian closed categories",
          "year": "2020-07",
          "abstract": "Locally cartesian closed (lcc) categories are natural categorical models of\nextensional dependent type theory. This paper introduces the \"gros\" semantics\nin the category of lcc categories: Instead of constructing an interpretation in\na given individual lcc category, we show that also the category of all lcc\ncategories can be endowed with the structure of a model of dependent type\ntheory. The original interpretation in an individual lcc category can then be\nrecovered by slicing. As in the original interpretation, we face the issue of\ncoherence: Categorical structure is usually preserved by functors only up to\nisomorphism, whereas syntactic substitution commutes strictly with all type\ntheoretic structure. Our solution involves a suitable presentation of the\nhigher category of lcc categories as model category. To that end, we construct\na model category of lcc sketches, from which we obtain by the formalism of\nalgebraically (co)fibrant objects model categories of strict lcc categories and\nthen algebraically cofibrant strict lcc categories. The latter is our model of\ndependent type theory.",
          "arxiv_id": "2007.02900v2"
        },
        {
          "title": "Internal $\\infty$-Categorical Models of Dependent Type Theory: Towards 2LTT Eating HoTT",
          "year": "2020-09",
