{
  "topics": {
    "data": {
      "0": {
        "name": "0_magnetic_solar_reconnection_field",
        "keywords": [
          [
            "magnetic",
            0.026963539034358105
          ],
          [
            "solar",
            0.021668631805907064
          ],
          [
            "reconnection",
            0.0191021317279279
          ],
          [
            "field",
            0.01729780096544991
          ],
          [
            "wind",
            0.01614369460058652
          ],
          [
            "energy",
            0.01597038232233792
          ],
          [
            "turbulence",
            0.015664992964574184
          ],
          [
            "solar wind",
            0.013986823843150642
          ],
          [
            "magnetic field",
            0.013419704316453703
          ],
          [
            "scale",
            0.01306910821920906
          ]
        ],
        "count": 1735
      },
      "1": {
        "name": "1_laser_plasma_beam_electron",
        "keywords": [
          [
            "laser",
            0.05301160357018593
          ],
          [
            "plasma",
            0.024079091127813482
          ],
          [
            "beam",
            0.022922288514194224
          ],
          [
            "electron",
            0.021587148100266032
          ],
          [
            "pulse",
            0.02080508574862473
          ],
          [
            "high",
            0.020303304279052067
          ],
          [
            "energy",
            0.01851147049952263
          ],
          [
            "acceleration",
            0.016463369703958508
          ],
          [
            "beams",
            0.015137875166232908
          ],
          [
            "pulses",
            0.013371387111923155
          ]
        ],
        "count": 1071
      },
      "2": {
        "name": "2_mode_transport_tokamak_edge",
        "keywords": [
          [
            "mode",
            0.02430063107863209
          ],
          [
            "transport",
            0.01988422709319972
          ],
          [
            "tokamak",
            0.016199714092504956
          ],
          [
            "edge",
            0.015284308091055498
          ],
          [
            "plasma",
            0.0152211858438118
          ],
          [
            "divertor",
            0.014925994225016314
          ],
          [
            "simulations",
            0.014429184822598178
          ],
          [
            "turbulence",
            0.01366847389610169
          ],
          [
            "modes",
            0.012334179716818418
          ],
          [
            "ion",
            0.01161716516771423
          ]
        ],
        "count": 566
      },
      "3": {
        "name": "3_plasma_discharge_gas_pressure",
        "keywords": [
          [
            "plasma",
            0.03148066042076855
          ],
          [
            "discharge",
            0.027242484576261085
          ],
          [
            "gas",
            0.01650214786726907
          ],
          [
            "pressure",
            0.0161773659691675
          ],
          [
            "electron",
            0.01611219057119328
          ],
          [
            "streamer",
            0.014782372972775204
          ],
          [
            "voltage",
            0.014260106680490839
          ],
          [
            "surface",
            0.013239009628371023
          ],
          [
            "discharges",
            0.013094885808778507
          ],
          [
            "model",
            0.012596750689015317
          ]
        ],
        "count": 459
      },
      "4": {
        "name": "4_dense_electron_warm_density",
        "keywords": [
          [
            "dense",
            0.02550792802576228
          ],
          [
            "electron",
            0.021408430509142182
          ],
          [
            "warm",
            0.020786259142325698
          ],
          [
            "density",
            0.02073819009372551
          ],
          [
            "matter",
            0.01654451754791854
          ],
          [
            "dense matter",
            0.014196898335159525
          ],
          [
            "electronic",
            0.013826387993838238
          ],
          [
            "cross",
            0.013792938257259739
          ],
          [
            "warm dense matter",
            0.012947575572321181
          ],
          [
            "results",
            0.012802225722511293
          ]
        ],
        "count": 315
      },
      "5": {
        "name": "5_stellarator_stellarators_optimization_coils",
        "keywords": [
          [
            "stellarator",
            0.04658070488600491
          ],
          [
            "stellarators",
            0.03139601953911037
          ],
          [
            "optimization",
            0.028327243161569187
          ],
          [
            "coils",
            0.0271666887560742
          ],
          [
            "magnetic",
            0.024278726643473265
          ],
          [
            "coil",
            0.02303448734989759
          ],
          [
            "field",
            0.019296073644723046
          ],
          [
            "design",
            0.017447832194871924
          ],
          [
            "configurations",
            0.016858187364794396
          ],
          [
            "confinement",
            0.015160097714223187
          ]
        ],
        "count": 263
      },
      "6": {
        "name": "6_data_learning_model_neural",
        "keywords": [
          [
            "data",
            0.03382272158168471
          ],
          [
            "learning",
            0.027271883789410277
          ],
          [
            "model",
            0.025139527238194993
          ],
          [
            "neural",
            0.024354810264802042
          ],
          [
            "plasma",
            0.020585087938935688
          ],
          [
            "models",
            0.019808957372912207
          ],
          [
            "network",
            0.017634349738225665
          ],
          [
            "training",
            0.0154166527966207
          ],
          [
            "machine",
            0.014889989671335698
          ],
          [
            "fusion",
            0.01408838865451118
          ]
        ],
        "count": 259
      },
      "7": {
        "name": "7_particle_PIC_method_algorithm",
        "keywords": [
          [
            "particle",
            0.025250063560302398
          ],
          [
            "PIC",
            0.0230073909644828
          ],
          [
            "method",
            0.02125862498580561
          ],
          [
            "algorithm",
            0.01836682293404317
          ],
          [
            "time",
            0.016956323112312512
          ],
          [
            "cell",
            0.014969964645149504
          ],
          [
            "methods",
            0.01460469552788659
          ],
          [
            "numerical",
            0.014225185933275505
          ],
          [
            "plasma",
            0.014221877794504227
          ],
          [
            "Vlasov",
            0.014220249001690952
          ]
        ],
        "count": 224
      },
      "8": {
        "name": "8_fusion_energy_fuel_Fusion",
        "keywords": [
          [
            "fusion",
            0.06294200832144976
          ],
          [
            "energy",
            0.025622466054877693
          ],
          [
            "fuel",
            0.0249940668237701
          ],
          [
            "Fusion",
            0.015622362013211152
          ],
          [
            "laser",
            0.015566943577718609
          ],
          [
            "fusion energy",
            0.01528075083418252
          ],
          [
            "power",
            0.015156224551162415
          ],
          [
            "neutron",
            0.015149882765883863
          ],
          [
            "target",
            0.015088350983415181
          ],
          [
            "plasma",
            0.013459210427152651
          ]
        ],
        "count": 163
      },
      "9": {
        "name": "9_equations_equation_Hamiltonian_gyrokinetic",
        "keywords": [
          [
            "equations",
            0.021131744198896834
          ],
          [
            "equation",
            0.017725570937405604
          ],
          [
            "Hamiltonian",
            0.016742350469953763
          ],
          [
            "gyrokinetic",
            0.01615375213871131
          ],
          [
            "MHD",
            0.015724197186824152
          ],
          [
            "space",
            0.015034110081211862
          ],
          [
            "solutions",
            0.01383043488134956
          ],
          [
            "theory",
            0.013766158724187356
          ],
          [
            "phase space",
            0.013718843220340171
          ],
          [
            "field",
            0.013592387707111037
          ]
        ],
        "count": 119
      },
      "10": {
        "name": "10_waves_acoustic_dust_ion",
        "keywords": [
          [
            "waves",
            0.04302481229311516
          ],
          [
            "acoustic",
            0.04214086680921888
          ],
          [
            "dust",
            0.03678573491509168
          ],
          [
            "ion",
            0.03337408084808472
          ],
          [
            "solitary",
            0.03207242021764055
          ],
          [
            "plasma",
            0.024977101899822364
          ],
          [
            "nonlinear",
            0.023890125872340504
          ],
          [
            "degenerate",
            0.02251979236599104
          ],
          [
            "wave",
            0.022516123305800148
          ],
          [
            "solitary waves",
            0.019765456639083186
          ]
        ],
        "count": 110
      },
      "11": {
        "name": "11_runaway_runaway electron_RE_current",
        "keywords": [
          [
            "runaway",
            0.09370193519213332
          ],
          [
            "runaway electron",
            0.042897228659913446
          ],
          [
            "RE",
            0.04258637939969414
          ],
          [
            "current",
            0.030355881116358962
          ],
          [
            "runaway electrons",
            0.029295019053453174
          ],
          [
            "electron",
            0.027123934853924263
          ],
          [
            "disruption",
            0.026660116014246928
          ],
          [
            "quench",
            0.02469107655421196
          ],
          [
            "ITER",
            0.021604142793897888
          ],
          [
            "electrons",
            0.02094956717178297
          ]
        ],
        "count": 102
      },
      "12": {
        "name": "12_dust_dusty_dusty plasma_plasma",
        "keywords": [
          [
            "dust",
            0.07492727053414958
          ],
          [
            "dusty",
            0.05225990355777307
          ],
          [
            "dusty plasma",
            0.042951256131164524
          ],
          [
            "plasma",
            0.033624678384774224
          ],
          [
            "particles",
            0.033357478877111
          ],
          [
            "dust particles",
            0.01858196792939761
          ],
          [
            "dimensional",
            0.016971216046143434
          ],
          [
            "complex",
            0.01648620976457029
          ],
          [
            "dynamics",
            0.01578751108009907
          ],
          [
            "potential",
            0.015187297033069043
          ]
        ],
        "count": 99
      },
      "13": {
        "name": "13_plasma_thruster_helicon_field",
        "keywords": [
          [
            "plasma",
            0.03151825439808782
          ],
          [
            "thruster",
            0.027576348585348413
          ],
          [
            "helicon",
            0.026092331760715157
          ],
          [
            "field",
            0.02351249508387178
          ],
          [
            "magnetic",
            0.02062316565361604
          ],
          [
            "thrusters",
            0.017970613352069873
          ],
          [
            "antenna",
            0.01780220129178047
          ],
          [
            "azimuthal",
            0.01745656295159003
          ],
          [
            "electron",
            0.016816653714810958
          ],
          [
            "power",
            0.01628324989575565
          ]
        ],
        "count": 95
      }
    },
    "correlations": [
      [
        1.0,
        -0.6785729338487079,
        -0.692631231219303,
        -0.6839976445555195,
        -0.7148697841194807,
        -0.42120337368139404,
        -0.6537975017583544,
        -0.6475615124838741,
        -0.6939705424927295,
        -0.7033341351388207,
        -0.673126778770258,
        -0.7325927415585938,
        -0.6886494882821259,
        -0.24889273107620435
      ],
      [
        -0.6785729338487079,
        1.0,
        -0.730854878140565,
        -0.5912949784328376,
        -0.6440234322872961,
        -0.7258443132138537,
        -0.6293868476051812,
        -0.5871989514383092,
        -0.6777500964980483,
        -0.7438589522634892,
        -0.7179363968336587,
        -0.7456028649337081,
        -0.6218520348596774,
        -0.5825301271383159
      ],
      [
        -0.692631231219303,
        -0.730854878140565,
        1.0,
        -0.56555670586333,
        -0.7337530352240209,
        -0.7161797063883875,
        -0.709082862785368,
        -0.726965820000046,
        -0.7139385976435542,
        -0.7286068201124347,
        -0.7317003576931354,
        -0.7393149519872916,
        -0.7324244947833425,
        -0.7039849366006758
      ],
      [
        -0.6839976445555195,
        -0.5912949784328376,
        -0.56555670586333,
        1.0,
        -0.7138630301506477,
        -0.7138390534804484,
        -0.5219672418108382,
        -0.7038282917279022,
        -0.7175562603914891,
        -0.7470262320371597,
        -0.7262100863175731,
        -0.7291482795933161,
        -0.47746818331072105,
        -0.4134164401664539
      ],
      [
        -0.7148697841194807,
        -0.6440234322872961,
        -0.7337530352240209,
        -0.7138630301506477,
        1.0,
        -0.7443680376507904,
        -0.6915284866610872,
        -0.717861562548862,
        -0.6876588262207988,
        -0.7423327793722757,
        -0.7177000624335474,
        -0.7499066750236529,
        -0.7351851966484726,
        -0.7216543314758226
      ],
      [
        -0.42120337368139404,
        -0.7258443132138537,
        -0.7161797063883875,
        -0.7138390534804484,
        -0.7443680376507904,
        1.0,
        -0.7079443171115224,
        -0.7227945767544792,
        -0.6856885257707845,
        -0.7281212558527367,
        -0.736026645612817,
        -0.7475282280399146,
        -0.7203217099526775,
        -0.2547737850268579
      ],
      [
        -0.6537975017583544,
        -0.6293868476051812,
        -0.709082862785368,
        -0.5219672418108382,
        -0.6915284866610872,
        -0.7079443171115224,
        1.0,
        -0.6993142503920051,
        -0.6479726433701896,
        -0.7419656890344524,
        -0.7240283016757602,
        -0.7385172157474753,
        -0.5853049671033033,
        -0.5444761399819785
      ],
      [
        -0.6475615124838741,
        -0.5871989514383092,
        -0.726965820000046,
        -0.7038282917279022,
        -0.717861562548862,
        -0.7227945767544792,
        -0.6993142503920051,
        1.0,
        -0.7109191153945023,
        -0.7197923933095621,
        -0.7209287112791021,
        -0.7508101763444237,
        -0.6971271267367382,
        -0.6783310598016842
      ],
      [
        -0.6939705424927295,
        -0.6777500964980483,
        -0.7139385976435542,
        -0.7175562603914891,
        -0.6876588262207988,
        -0.6856885257707845,
        -0.6479726433701896,
        -0.7109191153945023,
        1.0,
        -0.7277889271904345,
        -0.7311433916836976,
        -0.7456784043504923,
        -0.7304635215944312,
        -0.7006038609121952
      ],
      [
        -0.7033341351388207,
        -0.7438589522634892,
        -0.7286068201124347,
        -0.7470262320371597,
        -0.7423327793722757,
        -0.7281212558527367,
        -0.7419656890344524,
        -0.7197923933095621,
        -0.7277889271904345,
        1.0,
        -0.716412169494381,
        -0.7501917425114205,
        -0.7432292738336213,
        -0.7180234447708936
      ],
      [
        -0.673126778770258,
        -0.7179363968336587,
        -0.7317003576931354,
        -0.7262100863175731,
        -0.7177000624335474,
        -0.736026645612817,
        -0.7240283016757602,
        -0.7209287112791021,
        -0.7311433916836976,
        -0.716412169494381,
        1.0,
        -0.7558563551497952,
        -0.6327277116646229,
        -0.6901312765049984
      ],
      [
        -0.7325927415585938,
        -0.7456028649337081,
        -0.7393149519872916,
        -0.7291482795933161,
        -0.7499066750236529,
        -0.7475282280399146,
        -0.7385172157474753,
        -0.7508101763444237,
        -0.7456784043504923,
        -0.7501917425114205,
        -0.7558563551497952,
        1.0,
        -0.7418657386913221,
        -0.7297629541306278
      ],
      [
        -0.6886494882821259,
        -0.6218520348596774,
        -0.7324244947833425,
        -0.47746818331072105,
        -0.7351851966484726,
        -0.7203217099526775,
        -0.5853049671033033,
        -0.6971271267367382,
        -0.7304635215944312,
        -0.7432292738336213,
        -0.6327277116646229,
        -0.7418657386913221,
        1.0,
        -0.4793156582338777
      ],
      [
        -0.24889273107620435,
        -0.5825301271383159,
        -0.7039849366006758,
        -0.4134164401664539,
        -0.7216543314758226,
        -0.2547737850268579,
        -0.5444761399819785,
        -0.6783310598016842,
        -0.7006038609121952,
        -0.7180234447708936,
        -0.6901312765049984,
        -0.7297629541306278,
        -0.4793156582338777,
        1.0
      ]
    ],
    "series": {
      "2020-01": [
        39,
        15,
        2,
        6,
        5,
        0,
        4,
        1,
        4,
        1,
        4,
        1,
        5,
        2
      ],
      "2020-02": [
        33,
        19,
        4,
        4,
        5,
        3,
        4,
        8,
        6,
        1,
        3,
        1,
        2,
        2
      ],
      "2020-03": [
        39,
        26,
        3,
        5,
        2,
        2,
        3,
        3,
        3,
        0,
        4,
        3,
        3,
        2
      ],
      "2020-04": [
        33,
        10,
        4,
        11,
        4,
        2,
        4,
        9,
        9,
        0,
        4,
        4,
        5,
        4
      ],
      "2020-05": [
        41,
        20,
        5,
        6,
        1,
        5,
        8,
        2,
        4,
        2,
        3,
        2,
        2,
        2
      ],
      "2020-06": [
        43,
        18,
        4,
        5,
        3,
        2,
        5,
        7,
        3,
        0,
        5,
        3,
        5,
        5
      ],
      "2020-07": [
        53,
        22,
        2,
        10,
        4,
        0,
        10,
        7,
        6,
        4,
        4,
        2,
        5,
        4
      ],
      "2020-08": [
        36,
        13,
        4,
        6,
        6,
        2,
        1,
        8,
        3,
        0,
        7,
        3,
        5,
        1
      ],
      "2020-09": [
        38,
        26,
        1,
        4,
        4,
        3,
        7,
        2,
        9,
        3,
        7,
        3,
        1,
        0
      ],
      "2020-10": [
        34,
        17,
        2,
        10,
        3,
        3,
        5,
        6,
        12,
        0,
        7,
        3,
        5,
        3
      ],
      "2020-11": [
        38,
        13,
        5,
        7,
        3,
        4,
        6,
        6,
        12,
        2,
        5,
        6,
        10,
        1
      ],
      "2020-12": [
        37,
        21,
        1,
        6,
        3,
        6,
        5,
        13,
        3,
        3,
        10,
        1,
        6,
        2
      ],
      "2021-01": [
        33,
        9,
        2,
        4,
        9,
        1,
        7,
        6,
        4,
        0,
        9,
        4,
        5,
        2
      ],
      "2021-02": [
        40,
        18,
        0,
        14,
        1,
        4,
        4,
        8,
        3,
        0,
        4,
        1,
        3,
        1
      ],
      "2021-03": [
        46,
        33,
        7,
        9,
        8,
        2,
        3,
        7,
        7,
        1,
        7,
        5,
        6,
        2
      ],
      "2021-04": [
        59,
        27,
        2,
        8,
        4,
        2,
        1,
        1,
        8,
        1,
        11,
        4,
        3,
        2
      ],
      "2021-05": [
        33,
        15,
        1,
        10,
        5,
        6,
        6,
        4,
        5,
        2,
        3,
        5,
        2,
        2
      ],
      "2021-06": [
        49,
        17,
        1,
        10,
        6,
        8,
        6,
        9,
        7,
        1,
        7,
        3,
        2,
        4
      ],
      "2021-07": [
        44,
        14,
        3,
        6,
        3,
        3,
        7,
        7,
        5,
        0,
        6,
        3,
        5,
        4
      ],
      "2021-08": [
        53,
        12,
        3,
        3,
        4,
        4,
        1,
        6,
        7,
        2,
        6,
        0,
        4,
        1
      ],
      "2021-09": [
        46,
        13,
        5,
        9,
        5,
        3,
        11,
        7,
        6,
        1,
        3,
        0,
        4,
        3
      ],
      "2021-10": [
        50,
        19,
        2,
        1,
        6,
        2,
        7,
        8,
        4,
        0,
        4,
        2,
        3,
        2
      ],
      "2021-11": [
        36,
        14,
        2,
        11,
        1,
        6,
        4,
        8,
        9,
        1,
        9,
        0,
        2,
        3
      ],
      "2021-12": [
        38,
        14,
        4,
        4,
        3,
        2,
        6,
        4,
        4,
        3,
        11,
        2,
        5,
        4
      ],
      "2022-01": [
        47,
        16,
        2,
        3,
        4,
        4,
        3,
        6,
        8,
        2,
        5,
        3,
        1,
        3
      ],
      "2022-02": [
        34,
        17,
        1,
        6,
        4,
        3,
        3,
        5,
        8,
        1,
        7,
        2,
        2,
        4
      ],
      "2022-03": [
        40,
        14,
        3,
        9,
        5,
        5,
        6,
        9,
        4,
        4,
        10,
        3,
        6,
        3
      ],
      "2022-04": [
        43,
        12,
        3,
        10,
        2,
        2,
        6,
        5,
        7,
        0,
        3,
        3,
        3,
        1
      ],
      "2022-05": [
        37,
        20,
        3,
        2,
        6,
        2,
        6,
        2,
        7,
        2,
        6,
        1,
        4,
        2
      ],
      "2022-06": [
        34,
        9,
        7,
        3,
        3,
        3,
        8,
        6,
        7,
        1,
        3,
        4,
        6,
        1
      ],
      "2022-07": [
        34,
        21,
        1,
        2,
        1,
        2,
        9,
        3,
        2,
        2,
        4,
        2,
        2,
        1
      ],
      "2022-08": [
        41,
        13,
        4,
        7,
        0,
        4,
        5,
        5,
        7,
        2,
        2,
        4,
        4,
        2
      ],
      "2022-09": [
        48,
        18,
        0,
        3,
        3,
        3,
        7,
        6,
        11,
        0,
        4,
        0,
        5,
        1
      ],
      "2022-10": [
        34,
        15,
        1,
        8,
        0,
        6,
        5,
        8,
        7,
        1,
        6,
        1,
        4,
        2
      ],
      "2022-11": [
        42,
        22,
        3,
        9,
        5,
        4,
        10,
        7,
        12,
        3,
        6,
        2,
        4,
        5
      ],
      "2022-12": [
        27,
        17,
        0,
        17,
        3,
        2,
        5,
        3,
        11,
        0,
        5,
        1,
        3,
        4
      ],
      "2023-01": [
        45,
        10,
        3,
        9,
        3,
        6,
        2,
        6,
        4,
        2,
        10,
        4,
        2,
        1
      ],
      "2023-02": [
        35,
        16,
        3,
        10,
        7,
        6,
        6,
        7,
        10,
        0,
        4,
        1,
        5,
        2
      ],
      "2023-03": [
        37,
        22,
        2,
        14,
        5,
        2,
        5,
        7,
        12,
        2,
        4,
        5,
        5,
        1
      ],
      "2023-04": [
        37,
        16,
        8,
        8,
        5,
        4,
        7,
        6,
        7,
        1,
        3,
        1,
        5,
        2
      ],
      "2023-05": [
        42,
        25,
        2,
        8,
        5,
        4,
        9,
        7,
        8,
        2,
        2,
        1,
        7,
        1
      ],
      "2023-06": [
        48,
        17,
        6,
        18,
        5,
        4,
        6,
        6,
        9,
        5,
        6,
        2,
        1,
        3
      ],
      "2023-07": [
        46,
        11,
        1,
        6,
        0,
        0,
        9,
        6,
        7,
        2,
        5,
        4,
        4,
        2
      ],
      "2023-08": [
        39,
        14,
        1,
        6,
        7,
        2,
        4,
        11,
        9,
        3,
        3,
        3,
        3,
        2
      ],
      "2023-09": [
        42,
        15,
        1,
        6,
        5,
        3,
        8,
        7,
        12,
        1,
        4,
        3,
        3,
        2
      ],
      "2023-10": [
        44,
        19,
        5,
        10,
        4,
        8,
        10,
        3,
        9,
        3,
        5,
        4,
        7,
        2
      ],
      "2023-11": [
        38,
        19,
        5,
        5,
        4,
        4,
        9,
        3,
        11,
        3,
        7,
        0,
        4,
        2
      ],
      "2023-12": [
        35,
        20,
        3,
        12,
        1,
        3,
        6,
        9,
        8,
        1,
        2,
        1,
        0,
        5
      ],
      "2024-01": [
        43,
        16,
        2,
        11,
        8,
        5,
        4,
        4,
        14,
        1,
        6,
        5,
        4,
        3
      ],
      "2024-02": [
        44,
        14,
        3,
        8,
        4,
        5,
        13,
        5,
        9,
        2,
        7,
        3,
        3,
        2
      ],
      "2024-03": [
        30,
        17,
        2,
        3,
        7,
        4,
        12,
        4,
        11,
        4,
        4,
        1,
        2,
        5
      ],
      "2024-04": [
        45,
        17,
        2,
        8,
        5,
        5,
        4,
        2,
        14,
        0,
        6,
        3,
        5,
        3
      ],
      "2024-05": [
        52,
        16,
        3,
        6,
        7,
        3,
        12,
        6,
        15,
        5,
        4,
        1,
        3,
        3
      ],
      "2024-06": [
        47,
        15,
        3,
        10,
        4,
        5,
        10,
        7,
        10,
        1,
        5,
        2,
        3,
        1
      ],
      "2024-07": [
        49,
        11,
        2,
        9,
        8,
        7,
        6,
        7,
        15,
        1,
        5,
        3,
        4,
        4
      ],
      "2024-08": [
        48,
        19,
        1,
        7,
        5,
        4,
        8,
        6,
        12,
        5,
        3,
        1,
        3,
        0
      ],
      "2024-09": [
        50,
        18,
        5,
        8,
        6,
        6,
        8,
        9,
        15,
        1,
        3,
        2,
        6,
        2
      ],
      "2024-10": [
        55,
        21,
        4,
        9,
        7,
        7,
        7,
        10,
        15,
        5,
        5,
        4,
        2,
        3
      ],
      "2024-11": [
        44,
        23,
        4,
        5,
        3,
        5,
        6,
        10,
        13,
        1,
        5,
        0,
        6,
        4
      ],
      "2024-12": [
        46,
        22,
        2,
        9,
        3,
        6,
        9,
        6,
        16,
        4,
        4,
        6,
        2,
        8
      ],
      "2025-01": [
        51,
        15,
        2,
        9,
        3,
        7,
        9,
        12,
        5,
        3,
        3,
        2,
        3,
        1
      ],
      "2025-02": [
        39,
        19,
        2,
        17,
        3,
        5,
        11,
        9,
        15,
        1,
        4,
        1,
        0,
        2
      ],
      "2025-03": [
        47,
        19,
        3,
        6,
        3,
        4,
        11,
        10,
        5,
        0,
        4,
        3,
        0,
        3
      ],
      "2025-04": [
        41,
        18,
        1,
        13,
        6,
        1,
        8,
        7,
        13,
        0,
        11,
        2,
        5,
        5
      ],
      "2025-05": [
        47,
        24,
        3,
        9,
        7,
        9,
        7,
        7,
        11,
        1,
        5,
        4,
        1,
        2
      ],
      "2025-06": [
        49,
        30,
        4,
        7,
        3,
        7,
        14,
        11,
        13,
        2,
        5,
        5,
        2,
        6
      ],
      "2025-07": [
        53,
        17,
        3,
        10,
        3,
        8,
        15,
        6,
        20,
        1,
        11,
        0,
        5,
        1
      ],
      "2025-08": [
        38,
        27,
        3,
        7,
        6,
        4,
        8,
        6,
        11,
        2,
        2,
        2,
        2,
        2
      ],
      "2025-09": [
        34,
        9,
        1,
        7,
        6,
        0,
        12,
        3,
        5,
        0,
        3,
        2,
        3,
        3
      ]
    },
    "papers": {
      "0": [
        {
          "title": "Modeling the formation and evolution of solar wind microstreams: from coronal plumes to propagating Alfvénic velocity spikes",
          "year": "2023-07",
          "abstract": "We investigate the origin of mesoscale structures in the solar wind called\nmicrostreams defined as enhancements in solar wind speed and temperature that\nlast several hours. They were first clearly detected in Helios and Ulysses\nsolar wind data and are now omnipresent in the \"young\" solar wind measured by\nParker Solar Probe and Solar Orbiter. These recent data reveal that\nmicrostreams transport a profusion of Alfv\\'enic perturbations in the form of\nvelocity spikes and magnetic switchbacks. In this study we use a very\nhigh-resolution 2.5 MHD model of the corona and the solar wind to simulate the\nemergence of magnetic bipoles interacting with the pre-existing ambient corona\nand the creation of jets that become microstreams propagating in the solar\nwind. Our high-resolution simulations reach sufficiently high Lundquist numbers\nto capture the tearing mode instability that develops in the reconnection\nregion and produces plasmo\\\"ids released with the jet into the solar wind. Our\ndomain runs from the lower corona to 20 Rs, this allows us to track the\nformation process of plasmo\\\"ids and their evolution into Alfv\\'enic velocity\nspikes. We obtain perturbed solar wind flows lasting several hours with\nvelocity spikes occurring at characteristic periodicities of about 19 minutes.\nWe retrieve several properties of microstreams measured in the pristine solar\nwind by Parker Solar Probe, namely an increase in wind velocity of about 100\nkm/s during the streams passage together with superposed velocity spikes of\nalso about 100 km/s released into the solar wind.",
          "arxiv_id": "2307.02210v3"
        },
        {
          "title": "A parametric study of solar wind properties and composition using fluid and kinetic solar wind models",
          "year": "2025-04",
          "abstract": "The physical processes in the solar corona that shape the solar wind remain\nan active research topic. Modeling efforts have shown that energy and plasma\nexchanges near the transition region plays a crucial role in modulating solar\nwind properties. Although these regions cannot be measured in situ, plasma\nparameters can be inferred from coronal spectroscopy and ionization states of\nheavy ions, which remain unchanged as they escape the corona. We introduce a\nnew solar wind model extending from the chromosphere to the inner heliosphere,\ncapturing thermodynamic coupling across atmospheric layers. By including\nneutral and charged particle interactions, we model the transport and\nionisation processes of the gas through the transition region, the corona and\ninto the solar wind. Instead of explicitly modeling coronal heating, we link\nits spatial distribution to large-scale magnetic field properties. Our results\nconfirm that energy deposition strongly affects wind properties through key\nmechanisms involving chromospheric evaporation, thermal expansion, and magnetic\nflux expansion. For sources near active regions, the model predicts significant\nsolar wind acceleration, with plasma outflows comparable to those inferred from\ncoronal spectroscopy. For winds from large coronal holes, the model reproduces\nthe observed anticorrelation between charge state and wind speed. However, the\npredicted charge state ratios are overall lower than observed. Inclusion of a\npopulation of energetic electrons enhances both heavy ion charge states and\nsolar wind acceleration, improving agreement with observations.",
          "arxiv_id": "2504.05177v1"
        },
        {
          "title": "Magnetic Energy Release, Plasma Dynamics, and Particle Acceleration during Relativistic Turbulent Magnetic Reconnection",
          "year": "2020-08",
          "abstract": "In strongly magnetized astrophysical plasma systems, magnetic reconnection is\nbelieved to be a primary process during which explosive energy release and\nparticle acceleration occur, leading to significant high-energy emission. Past\nyears have witnessed active development of kinetic modeling of relativistic\nmagnetic reconnection, supporting this magnetically dominated scenario. A much\nless explored issue is the consequence of 3D dynamics, where turbulent\nstructures are naturally generated as various types of instabilities develop.\nThis paper presents a series of 3D, fully-kinetic simulations of relativistic\nturbulent magnetic reconnection (RTMR) in positron-electron plasmas with system\ndomains much larger than kinetic scales. Our simulations start from a\nforce-free current sheet with several different modes of long wavelength\nmagnetic field perturbations, which drive additional turbulence in the\nreconnection region. Because of this, the current layer breaks up and the\nreconnection region quickly evolves into a turbulent layer filled with coherent\nstructures such as flux ropes and current sheets. We find that plasma dynamics\nin RTMR is vastly different from their 2D counterparts in many aspects. The\nflux ropes evolve rapidly after their generation, and can be completely\ndisrupted due to the secondary kink instability. This turbulent evolution leads\nto superdiffusion behavior of magnetic field lines as seen in MHD studies of\nturbulent reconnection. Meanwhile, nonthermal particle acceleration and\nenergy-release time scale can be very fast and do not strongly depend on the\nturbulence amplitude. The main acceleration mechanism is a Fermi-like\nacceleration process supported by the motional electric field, whereas the\nnon-ideal electric field acceleration plays a subdominant role. We discuss\npossible observational implications of 3D RTMR in high-energy astrophysics.",
          "arxiv_id": "2008.02743v2"
        }
      ],
      "1": [
        {
          "title": "Radiation pressure acceleration of high-quality ion beams using ultrashort laser pulses",
          "year": "2022-06",
          "abstract": "The generation of compact, high-energy ion beams is one of the most promising\napplications of intense laser-matter interactions, but the control of the beam\nspectral quality remains an outstanding challenge. We show that in radiation\npressure acceleration of a thin solid target the onset of electron heating is\ndetermined by the growth of the Rayleigh-Taylor-like instability at the front\nsurface and must be controlled to produce ion beams with high spectral quality\nin the light sail regime. The growth rate of the instability imposes an upper\nlimit on the laser pulse duration and intensity to achieve high spectral beam\nquality and we demonstrate that under this optimal regime, the maximum peak ion\nbeam energy per nucleon is independent of target density, composition, and\nlaser energy (transverse spot size). Our predictions are validated by two- and\nthree-dimensional particle-in-cell simulations, which indicate that for recent\nand upcoming experimental facilities using ultrashort ($\\lesssim 25$ fs) laser\npulses it is possible to produce $100 - 300$ MeV proton beams with $\\sim 30\\%$\nenergy spread and high laser-to-proton energy conversion efficiency.",
          "arxiv_id": "2206.09007v1"
        },
        {
          "title": "High-charge 10 GeV electron acceleration in a 10 cm nanoparticle-assisted hybrid wakefield accelerator",
          "year": "2022-07",
