{
  "topics": {
    "data": {
      "0": {
        "name": "0_production_parton_QCD_corrections",
        "keywords": [
          [
            "production",
            0.020970848101324838
          ],
          [
            "parton",
            0.018344741071608772
          ],
          [
            "QCD",
            0.01648868573009839
          ],
          [
            "corrections",
            0.01519124852080702
          ],
          [
            "gluon",
            0.015187394290926642
          ],
          [
            "order",
            0.01484497079520975
          ],
          [
            "functions",
            0.014322815463838658
          ],
          [
            "cross",
            0.01398472374023241
          ],
          [
            "quark",
            0.013645378438173091
          ],
          [
            "transverse",
            0.012997120321006733
          ]
        ],
        "count": 3785
      },
      "1": {
        "name": "1_collisions_heavy_ion_heavy ion",
        "keywords": [
          [
            "collisions",
            0.03243790018474427
          ],
          [
            "heavy",
            0.019289023526605543
          ],
          [
            "ion",
            0.018964033795755498
          ],
          [
            "heavy ion",
            0.018838020522548474
          ],
          [
            "ion collisions",
            0.016618966921835558
          ],
          [
            "heavy ion collisions",
            0.016378355248225448
          ],
          [
            "quark",
            0.015950913601064976
          ],
          [
            "medium",
            0.015755147577324807
          ],
          [
            "jet",
            0.014099594244301005
          ],
          [
            "energy",
            0.013851465794376605
          ]
        ],
        "count": 3458
      },
      "2": {
        "name": "2_states_state_decay_decays",
        "keywords": [
          [
            "states",
            0.03136998787542274
          ],
          [
            "state",
            0.020692051114906237
          ],
          [
            "decay",
            0.019734625689478993
          ],
          [
            "decays",
            0.01971916869634271
          ],
          [
            "meson",
            0.017087435784717435
          ],
          [
            "quark",
            0.015048201512264672
          ],
          [
            "molecular",
            0.013306934687694123
          ],
          [
            "tetraquark",
            0.012848607396593758
          ],
          [
            "mass",
            0.01249099008928522
          ],
          [
            "heavy",
            0.012474490055841347
          ]
        ],
        "count": 2977
      },
      "3": {
        "name": "3_dark_matter_dark matter_neutrino",
        "keywords": [
          [
            "dark",
            0.030100820692328115
          ],
          [
            "matter",
            0.026586860769032373
          ],
          [
            "dark matter",
            0.025956468937980582
          ],
          [
            "neutrino",
            0.018729330328345353
          ],
          [
            "DM",
            0.016803875337136676
          ],
          [
            "energy",
            0.015214373661426804
          ],
          [
            "data",
            0.015105387774948204
          ],
          [
            "cosmic",
            0.013490259105769474
          ],
          [
            "ray",
            0.012511882210848884
          ],
          [
            "CMB",
            0.01161927452151718
          ]
        ],
        "count": 2827
      },
      "4": {
        "name": "4_dark_dark matter_matter_neutrino",
        "keywords": [
          [
            "dark",
            0.0311218850157825
          ],
          [
            "dark matter",
            0.02654850417818736
          ],
          [
            "matter",
            0.025549178581695635
          ],
          [
            "neutrino",
            0.024367357638397504
          ],
          [
            "mass",
            0.020852819349451733
          ],
          [
            "model",
            0.020741894365852963
          ],
          [
            "DM",
            0.018792353495712528
          ],
          [
            "symmetry",
            0.01589230034132733
          ],
          [
            "seesaw",
            0.015195718249821466
          ],
          [
            "masses",
            0.014566174758280292
          ]
        ],
        "count": 2125
      },
      "5": {
        "name": "5_Higgs_LHC_TeV_boson",
        "keywords": [
          [
            "Higgs",
            0.028487986154966498
          ],
          [
            "LHC",
            0.0223744691422718
          ],
          [
            "TeV",
            0.01615627153879831
          ],
          [
            "boson",
            0.01598242034222555
          ],
          [
            "Model",
            0.015459329835234509
          ],
          [
            "couplings",
            0.014935410394472845
          ],
          [
            "Standard",
            0.01408591820219599
          ],
          [
            "SMEFT",
            0.013835724818676244
          ],
          [
            "new",
            0.013750645772579858
          ],
          [
            "production",
            0.013539344912778714
          ]
        ],
        "count": 1624
      },
      "6": {
        "name": "6_inflation_gravitational_gravitational wave_GW",
        "keywords": [
          [
            "inflation",
            0.03292925970622054
          ],
          [
            "gravitational",
            0.031595029332855816
          ],
          [
            "gravitational wave",
            0.022382775191113057
          ],
          [
            "GW",
            0.02048434912656366
          ],
          [
            "wave",
            0.020058060186618713
          ],
          [
            "black",
            0.01810653840324458
          ],
          [
            "inflationary",
            0.016250065823700782
          ],
          [
            "primordial",
            0.01615771850457508
          ],
          [
            "spectrum",
            0.015045232621187265
          ],
          [
            "waves",
            0.014706205012898894
          ]
        ],
        "count": 1399
      },
      "7": {
        "name": "7_lattice_QCD_lattice QCD_pion",
        "keywords": [
          [
            "lattice",
            0.05287030067411828
          ],
          [
            "QCD",
            0.027057049399499412
          ],
          [
            "lattice QCD",
            0.02553185141579146
          ],
          [
            "pion",
            0.014837031967881666
          ],
          [
            "quark",
            0.014291003616479092
          ],
          [
            "results",
            0.013814629896676894
          ],
          [
            "gauge",
            0.013394874075494808
          ],
          [
            "theory",
            0.012495584764476519
          ],
          [
            "form",
            0.011631097064899421
          ],
          [
            "quantum",
            0.011120705553281174
          ]
        ],
        "count": 1255
      },
      "8": {
        "name": "8_black_gravity_hole_black hole",
        "keywords": [
          [
            "black",
            0.032657749358653836
          ],
          [
            "gravity",
            0.023656881559274295
          ],
          [
            "hole",
            0.023628592373741118
          ],
          [
            "black hole",
            0.02276782532234968
          ],
          [
            "theory",
            0.020047400681235148
          ],
          [
            "field",
            0.019187250149454008
          ],
          [
            "scalar",
            0.01676387019751348
          ],
          [
            "holes",
            0.01498207886183093
          ],
          [
            "black holes",
            0.014400320652380756
          ],
          [
            "quantum",
            0.014002202933703373
          ]
        ],
        "count": 1181
      },
      "9": {
        "name": "9_neutrino_experiments_oscillation_DUNE",
        "keywords": [
          [
            "neutrino",
            0.06455886642878923
          ],
          [
            "experiments",
            0.0213276951706124
          ],
          [
            "oscillation",
            0.02101162363739949
          ],
          [
            "DUNE",
            0.01748545298597675
          ],
          [
            "neutrinos",
            0.017397710469209515
          ],
          [
            "Neutrino",
            0.014578981075139297
          ],
          [
            "scattering",
            0.013438487874755716
          ],
          [
            "data",
            0.012938156597097485
          ],
          [
            "oscillations",
            0.012872994288985699
          ],
          [
            "neutrino oscillation",
            0.01221277118048251
          ]
        ],
        "count": 1121
      },
      "10": {
        "name": "10_learning_physics_neural_data",
        "keywords": [
          [
            "learning",
            0.03283967772383378
          ],
          [
            "physics",
            0.02541450524114859
          ],
          [
            "neural",
            0.022660774501409044
          ],
          [
            "data",
            0.02053567839545056
          ],
          [
            "performance",
            0.02019438430458531
          ],
          [
            "machine",
            0.019532148766582085
          ],
          [
            "networks",
            0.01875409372635352
          ],
          [
            "machine learning",
            0.018684369724499425
          ],
          [
            "jet",
            0.018224766460178798
          ],
          [
            "network",
            0.01730823937243604
          ]
        ],
        "count": 882
      },
      "11": {
        "name": "11_axion_dark_dark matter_matter",
        "keywords": [
          [
            "axion",
            0.05682761558061808
          ],
          [
            "dark",
            0.03024702138241014
          ],
          [
            "dark matter",
            0.02642392226057716
          ],
          [
            "matter",
            0.025958492575948927
          ],
          [
            "photon",
            0.022454120660816475
          ],
          [
            "axions",
            0.02233161048863349
          ],
          [
            "eV",
            0.01870810689182767
          ],
          [
            "photons",
            0.01705673511344236
          ],
          [
            "Axion",
            0.015885142482087777
          ],
          [
            "magnetic",
            0.015173887222042146
          ]
        ],
        "count": 762
      },
      "12": {
        "name": "12_decays_new_physics_new physics",
        "keywords": [
          [
            "decays",
            0.03363684073968874
          ],
          [
            "new",
            0.020513067850283388
          ],
          [
            "physics",
            0.020065357809784135
          ],
          [
            "new physics",
            0.018827048852903514
          ],
          [
            "observables",
            0.017093575105107346
          ],
          [
            "decay",
            0.01702539437649
          ],
          [
            "CP",
            0.01568504952754417
          ],
          [
            "NP",
            0.015177596835534197
          ],
          [
            "Belle",
            0.014075487598331238
          ],
          [
            "Standard",
            0.01331617035377345
          ]
        ],
        "count": 705
      },
      "13": {
        "name": "13_holographic_QCD_AdS_model",
        "keywords": [
          [
            "holographic",
            0.05454793474878324
          ],
          [
            "QCD",
            0.03395209990482444
          ],
          [
            "AdS",
            0.023417325401962074
          ],
          [
            "model",
            0.022002690308697708
          ],
          [
            "temperature",
            0.021437673937382908
          ],
          [
            "potential",
            0.016718348777289074
          ],
          [
            "phase",
            0.014905340849037548
          ],
          [
            "field",
            0.014502365283501751
          ],
          [
            "magnetic",
            0.014398939141225659
          ],
          [
            "chemical",
            0.013457129139386792
          ]
        ],
        "count": 468
      },
      "14": {
        "name": "14_stars_neutron_matter_star",
        "keywords": [
          [
            "stars",
            0.057047141926312994
          ],
          [
            "neutron",
            0.04891355214107445
          ],
          [
            "matter",
            0.039390857677548456
          ],
          [
            "star",
            0.03925816078883076
          ],
          [
            "quark",
            0.0301811351382203
          ],
          [
            "neutron stars",
            0.0297298713404447
          ],
          [
            "neutron star",
            0.026890717137043534
          ],
          [
            "quark matter",
            0.025401686538562732
          ],
          [
            "density",
            0.022187339024416892
          ],
          [
            "nuclear",
            0.021697870245525743
          ]
        ],
        "count": 447
      },
      "15": {
        "name": "15_integrals_Feynman_loop_method",
        "keywords": [
          [
            "integrals",
            0.08324542346967291
          ],
          [
            "Feynman",
            0.06860380930414373
          ],
          [
            "loop",
            0.04785429417902907
          ],
          [
            "method",
            0.02596179553034975
          ],
          [
            "integral",
            0.021846520968073425
          ],
          [
            "reduction",
            0.02181803503583062
          ],
          [
            "differential",
            0.018396472009752154
          ],
          [
            "functions",
            0.01743331527752734
          ],
          [
            "differential equations",
            0.015915631054717723
          ],
          [
            "integration",
            0.015611372631081765
          ]
        ],
        "count": 424
      },
      "16": {
        "name": "16_nucleon_hadronic_muon_form",
        "keywords": [
          [
            "nucleon",
            0.019195703109436465
          ],
          [
            "hadronic",
            0.017436238982618677
          ],
          [
            "muon",
            0.017170710283327218
          ],
          [
            "form",
            0.015674037663082604
          ],
          [
            "scattering",
            0.013769081475673286
          ],
          [
            "contributions",
            0.013542833212119819
          ],
          [
            "light",
            0.013506449268728009
          ],
          [
            "order",
            0.013313545671990518
          ],
          [
            "theory",
            0.013187840241079017
          ],
          [
            "contribution",
            0.012704747955970699
          ]
        ],
        "count": 356
      },
      "17": {
        "name": "17_laser_field_electron_photon",
        "keywords": [
          [
            "laser",
            0.05687209510506867
          ],
          [
            "field",
            0.03779326519234876
          ],
          [
            "electron",
            0.035323273890436296
          ],
          [
            "photon",
            0.0284615367449842
          ],
          [
            "pair",
            0.027095362163383516
          ],
          [
            "quantum",
            0.021141067315841127
          ],
          [
            "QED",
            0.021020526246740195
          ],
          [
            "pulse",
            0.020187572572902466
          ],
          [
            "photons",
            0.01975252508416349
          ],
          [
            "polarization",
            0.019476354358012288
          ]
        ],
        "count": 350
      }
    },
    "correlations": [
      [
        1.0,
        -0.6415558642856392,
        -0.6895416630769331,
        -0.704137394962292,
        -0.6590169109573205,
        -0.5905791421844978,
        -0.7018539475439889,
        -0.6045789782693017,
        -0.3676584702572401,
        -0.7034568663345367,
        -0.700213276172489,
        -0.6928941478010779,
        -0.6655876699213639,
        -0.6540438355975408,
        -0.6785409530290842,
        -0.617431754854125,
        -0.6573702931430871,
        -0.6768846542478962
      ],
      [
        -0.6415558642856392,
        1.0,
        -0.7213284714584131,
        -0.7539711845967384,
        -0.7220831852446077,
        -0.7203568242361902,
        -0.757377404578725,
        -0.714489488650422,
        -0.7170778437198355,
        -0.7547447415925972,
        -0.731404089907804,
        -0.7399219757229232,
        -0.7420377269381061,
        -0.6565369053929986,
        -0.7037647720093069,
        -0.7460311206007353,
        -0.7461702444670437,
        -0.7288099321706383
      ],
      [
        -0.6895416630769331,
        -0.7213284714584131,
        1.0,
        -0.7551527468046092,
        -0.7146867310831788,
        -0.7063982701542466,
        -0.7485996675243038,
        -0.7026606005691363,
        -0.7174734324920835,
        -0.7465520381238278,
        -0.7436763620005844,
        -0.7419604302231155,
        -0.5988209629635606,
        -0.7134424646986183,
        -0.7260201662332866,
        -0.7384056884073928,
        -0.7076341364144303,
        -0.730099462463887
      ],
      [
        -0.704137394962292,
        -0.7539711845967384,
        -0.7551527468046092,
        1.0,
        0.11425352366332091,
        -0.6771151924341092,
        -0.6432754551532734,
        -0.7494900230812467,
        -0.6403964107523845,
        -0.636861176720934,
        -0.7273890169860451,
        -0.10138978742607968,
        -0.7025369160068333,
        -0.7056640150470119,
        -0.5445012640765703,
        -0.746825691544437,
        -0.735180849930811,
        -0.7188282412683203
      ],
      [
        -0.6590169109573205,
        -0.7220831852446077,
        -0.7146867310831788,
        0.11425352366332091,
        1.0,
        -0.5960714170633985,
        -0.6369410361885985,
        -0.7238007404181466,
        -0.6098657822450517,
        -0.480980482113868,
        -0.712278014757916,
        -0.24792559941561096,
        -0.6365134976215149,
        -0.45996026099796183,
        -0.558336879928222,
        -0.7236982876526599,
        -0.7059117312335356,
        -0.7066017207712516
      ],
      [
        -0.5905791421844978,
        -0.7203568242361902,
        -0.7063982701542466,
        -0.6771151924341092,
        -0.5960714170633985,
        1.0,
        -0.7103382834144929,
        -0.7051711172282937,
        -0.6406958953687301,
        -0.6798075622601223,
        -0.5979491711232294,
        -0.6728661176261936,
        -0.2875339347048135,
        -0.7007935802709659,
        -0.7028565807271481,
        -0.6663545422011571,
        -0.6800674034200224,
        -0.6906815876409629
      ],
      [
        -0.7018539475439889,
        -0.757377404578725,
        -0.7485996675243038,
        -0.6432754551532734,
        -0.6369410361885985,
        -0.7103382834144929,
        1.0,
        -0.7386027580835042,
        -0.47274723363519533,
        -0.737498087583669,
        -0.7378407642417695,
        -0.6418813493100819,
        -0.7286560345246627,
        -0.7030224131196045,
        -0.686182965316314,
        -0.7424822636847228,
        -0.747651084000713,
        -0.7319609998304787
      ],
      [
        -0.6045789782693017,
        -0.714489488650422,
        -0.7026606005691363,
        -0.7494900230812467,
        -0.7238007404181466,
        -0.7051711172282937,
        -0.7386027580835042,
        1.0,
        -0.6767706771006968,
        -0.7536966120655682,
        -0.7333716752524547,
        -0.7357015440856636,
        -0.7109321656239269,
        -0.5117258948757868,
        -0.7135821484605609,
        -0.6450474286630588,
        -0.6218959989512577,
        -0.742299315733629
      ],
      [
        -0.3676584702572401,
        -0.7170778437198355,
        -0.7174734324920835,
        -0.6403964107523845,
        -0.6098657822450517,
        -0.6406958953687301,
        -0.47274723363519533,
        -0.6767706771006968,
        1.0,
        -0.693572931360595,
        -0.6997612545002513,
        -0.6426851335451829,
        -0.6772956360131921,
        -0.6453335034824392,
        -0.6670390413721625,
        -0.667602412505287,
        -0.6820202453806548,
        -0.6330156093415172
      ],
      [
        -0.7034568663345367,
        -0.7547447415925972,
        -0.7465520381238278,
        -0.636861176720934,
        -0.480980482113868,
        -0.6798075622601223,
        -0.737498087583669,
        -0.7536966120655682,
        -0.693572931360595,
        1.0,
        -0.7180938760597969,
        -0.6881016538359513,
        -0.6438509970119523,
        -0.7225597150295151,
        -0.7051000830652254,
        -0.7445154924163052,
        -0.722707974714814,
        -0.7288109592502643
      ],
      [
        -0.700213276172489,
        -0.731404089907804,
        -0.7436763620005844,
        -0.7273890169860451,
        -0.712278014757916,
        -0.5979491711232294,
        -0.7378407642417695,
        -0.7333716752524547,
        -0.6997612545002513,
        -0.7180938760597969,
        1.0,
        -0.7308014196621653,
        -0.6121349935619378,
        -0.73013869402784,
        -0.7295419695479561,
        -0.7415308859952129,
        -0.7406695014361641,
        -0.728735737569426
      ],
      [
        -0.6928941478010779,
        -0.7399219757229232,
        -0.7419604302231155,
        -0.10138978742607968,
        -0.24792559941561096,
        -0.6728661176261936,
        -0.6418813493100819,
        -0.7357015440856636,
        -0.6426851335451829,
        -0.6881016538359513,
        -0.7308014196621653,
        1.0,
        -0.6904016601271242,
        -0.6490743536700192,
        -0.5738451755537053,
        -0.7399688685665451,
        -0.727007213329526,
        -0.646396532780467
      ],
      [
        -0.6655876699213639,
        -0.7420377269381061,
        -0.5988209629635606,
        -0.7025369160068333,
        -0.6365134976215149,
        -0.2875339347048135,
        -0.7286560345246627,
        -0.7109321656239269,
        -0.6772956360131921,
        -0.6438509970119523,
        -0.6121349935619378,
        -0.6904016601271242,
        1.0,
        -0.710777382584427,
        -0.7171373003997059,
        -0.7136518757990311,
        -0.6569301816759008,
        -0.7016830526077549
      ],
      [
        -0.6540438355975408,
        -0.6565369053929986,
        -0.7134424646986183,
        -0.7056640150470119,
        -0.45996026099796183,
        -0.7007935802709659,
        -0.7030224131196045,
        -0.5117258948757868,
        -0.6453335034824392,
        -0.7225597150295151,
        -0.73013869402784,
        -0.6490743536700192,
        -0.710777382584427,
        1.0,
        -0.6618559541982401,
        -0.7169630944029617,
        -0.6990118908187846,
        -0.711543499029953
      ],
      [
        -0.6785409530290842,
        -0.7037647720093069,
        -0.7260201662332866,
        -0.5445012640765703,
        -0.558336879928222,
        -0.7028565807271481,
        -0.686182965316314,
        -0.7135821484605609,
        -0.6670390413721625,
        -0.7051000830652254,
        -0.7295419695479561,
        -0.5738451755537053,
        -0.7171373003997059,
        -0.6618559541982401,
        1.0,
        -0.7362680824104473,
        -0.7190386819272399,
        -0.726417505452229
      ],
      [
        -0.617431754854125,
        -0.7460311206007353,
        -0.7384056884073928,
        -0.746825691544437,
        -0.7236982876526599,
        -0.6663545422011571,
        -0.7424822636847228,
        -0.6450474286630588,
        -0.667602412505287,
        -0.7445154924163052,
        -0.7415308859952129,
        -0.7399688685665451,
        -0.7136518757990311,
        -0.7169630944029617,
        -0.7362680824104473,
        1.0,
        -0.6774657604027776,
        -0.7258421363842185
      ],
      [
        -0.6573702931430871,
        -0.7461702444670437,
        -0.7076341364144303,
        -0.735180849930811,
        -0.7059117312335356,
        -0.6800674034200224,
        -0.747651084000713,
        -0.6218959989512577,
        -0.6820202453806548,
        -0.722707974714814,
        -0.7406695014361641,
        -0.727007213329526,
        -0.6569301816759008,
        -0.6990118908187846,
        -0.7190386819272399,
        -0.6774657604027776,
        1.0,
        -0.7198834815512473
      ],
      [
        -0.6768846542478962,
        -0.7288099321706383,
        -0.730099462463887,
        -0.7188282412683203,
        -0.7066017207712516,
        -0.6906815876409629,
        -0.7319609998304787,
        -0.742299315733629,
        -0.6330156093415172,
        -0.7288109592502643,
        -0.728735737569426,
        -0.646396532780467,
        -0.7016830526077549,
        -0.711543499029953,
        -0.726417505452229,
        -0.7258421363842185,
        -0.7198834815512473,
        1.0
      ]
    ],
    "series": {
      "2020-01": [
        96,
        42,
        36,
        21,
        45,
        35,
        21,
        26,
        20,
        24,
        12,
        14,
        31,
        24,
        17,
        24,
        7,
        9
      ],
      "2020-02": [
        77,
        53,
        27,
        34,
        34,
        45,
        13,
        29,
        24,
        34,
        12,
        13,
        33,
        15,
        21,
        22,
        10,
        14
      ],
      "2020-03": [
        92,
        37,
        37,
        27,
        45,
        47,
        23,
        34,
        20,
        39,
        8,
        24,
        33,
        12,
        15,
        19,
        12,
        20
      ],
      "2020-04": [
        93,
        39,
        41,
        29,
        33,
        41,
        27,
        34,
        32,
        41,
        5,
        32,
        24,
        34,
        22,
        21,
        13,
        16
      ],
      "2020-05": [
        94,
        38,
        30,
        34,
        31,
        40,
        23,
        32,
        22,
        50,
        12,
        18,
        40,
        19,
        25,
        20,
        7,
        14
      ],
      "2020-06": [
        100,
        38,
        38,
        53,
        38,
        38,
        25,
        27,
        42,
        42,
        14,
        36,
        39,
        31,
        23,
        21,
        12,
        13
      ],
      "2020-07": [
        96,
        42,
        40,
        42,
        51,
        38,
        27,
        34,
        29,
        49,
        13,
        31,
        32,
        18,
        28,
        18,
        9,
        16
      ],
      "2020-08": [
        90,
        33,
        52,
        36,
        38,
        44,
        23,
        26,
        24,
        41,
        23,
        26,
        26,
        20,
        14,
        18,
        17,
        18
      ],
      "2020-09": [
        93,
        50,
        36,
        34,
        39,
        39,
        34,
        27,
        37,
        47,
        16,
        20,
        28,
        25,
        23,
        19,
        8,
        13
      ],
      "2020-10": [
        89,
        34,
        27,
        33,
        36,
        35,
        20,
        31,
        33,
        37,
        19,
        24,
        24,
        25,
        29,
        25,
        12,
        27
      ],
      "2020-11": [
        93,
        24,
        38,
        37,
        51,
        53,
        30,
        29,
        31,
        43,
        12,
        22,
        33,
        18,
        16,
        22,
        11,
        8
      ],
      "2020-12": [
        114,
        44,
        30,
        42,
        53,
        74,
        27,
        38,
        33,
        49,
        20,
        31,
        51,
        19,
        30,
        31,
        10,
        23
      ],
      "2021-01": [
        81,
        31,
        36,
        32,
        27,
        28,
        19,
        24,
        25,
        22,
        6,
        20,
        29,
        14,
        23,
        14,
        6,
        11
      ],
      "2021-02": [
        89,
        25,
        43,
        31,
        31,
        39,
        19,
        38,
        20,
        42,
        10,
        27,
        31,
        14,
        20,
        18,
        13,
        15
      ],
      "2021-03": [
        98,
        40,
        31,
        35,
        39,
        50,
        18,
        30,
        31,
        52,
        11,
        21,
        41,
        23,
        26,
        20,
        17,
        16
      ],
      "2021-04": [
        83,
        27,
        33,
        41,
        44,
        39,
        30,
        22,
        37,
        35,
        13,
        34,
        39,
        24,
        21,
        21,
        34,
        21
      ],
      "2021-05": [
        103,
        31,
        31,
        37,
        46,
        55,
        26,
        14,
        40,
        45,
        22,
        36,
        44,
        15,
        27,
        14,
        11,
        23
      ],
      "2021-06": [
        103,
        36,
        36,
        29,
        37,
        43,
        20,
        30,
        31,
        49,
        17,
        27,
        34,
        19,
        22,
        15,
        13,
        14
      ],
      "2021-07": [
        115,
        44,
        46,
        39,
        47,
        55,
        35,
        35,
        27,
        42,
        13,
        34,
        43,
        19,
        20,
        19,
        16,
        22
      ],
      "2021-08": [
        111,
        29,
        40,
        38,
        31,
        40,
        26,
        28,
        32,
        37,
        6,
        33,
        22,
        26,
        21,
        12,
        13,
        18
      ],
      "2021-09": [
        90,
        41,
        49,
        30,
        37,
        53,
        30,
        17,
        36,
        50,
        16,
        26,
        28,
        17,
        27,
        17,
        19,
        20
      ],
      "2021-10": [
        105,
        34,
        44,
        43,
        42,
        53,
        15,
        45,
        42,
        50,
        16,
        28,
        39,
        21,
        23,
        38,
        16,
        11
      ],
      "2021-11": [
        117,
        40,
        43,
        51,
        31,
        53,
        18,
        49,
        26,
        56,
        11,
        32,
        44,
        14,
        18,
        21,
        17,
        14
      ],
      "2021-12": [
        128,
        39,
        36,
        50,
        49,
        56,
        40,
        52,
        41,
        45,
        22,
        29,
        65,
        26,
        37,
        21,
        17,
        23
      ],
      "2022-01": [
        89,
        40,
        36,
        23,
        31,
        40,
        19,
        24,
        32,
        35,
        7,
        24,
        32,
        9,
        17,
        27,
        10,
        20
      ],
      "2022-02": [
        84,
        26,
        33,
        35,
        37,
        38,
        18,
        34,
        28,
        46,
        22,
        19,
        28,
        24,
        17,
        16,
        17,
        11
      ],
      "2022-03": [
        117,
        36,
        39,
        64,
        38,
        83,
        35,
        26,
        36,
        57,
        41,
        46,
        55,
        17,
        20,
        23,
        14,
        18
      ],
      "2022-04": [
        98,
        36,
        46,
        28,
        60,
        73,
        24,
        22,
        24,
        46,
        11,
        27,
        44,
        22,
        33,
        15,
        12,
        16
      ],
      "2022-05": [
        119,
        29,
        39,
        39,
        48,
        55,
        37,
        32,
        42,
        55,
        16,
        26,
        33,
        20,
        28,
        24,
        15,
        15
      ],
      "2022-06": [
        92,
        28,
        32,
        33,
        32,
        36,
        28,
        24,
        34,
        55,
        15,
        31,
        32,
        15,
        19,
        16,
        15,
        11
      ],
      "2022-07": [
        108,
        31,
        44,
        36,
        43,
        68,
        22,
        34,
        30,
        48,
        12,
        31,
        55,
        13,
        33,
        40,
        8,
        15
      ],
      "2022-08": [
        104,
        49,
        59,
        31,
        35,
        38,
        24,
        20,
        26,
        47,
        9,
        29,
        33,
        15,
        20,
        26,
        13,
        20
      ],
      "2022-09": [
        94,
        61,
        33,
        35,
        32,
        41,
        26,
        26,
        29,
        46,
        14,
        41,
        29,
        27,
        30,
        17,
        11,
        14
      ],
      "2022-10": [
        114,
        32,
        28,
        51,
        39,
        34,
        27,
        31,
        34,
        53,
        18,
        26,
        34,
        15,
        18,
        26,
        8,
        15
      ],
      "2022-11": [
        123,
        43,
        63,
        45,
        50,
        63,
        37,
        51,
        35,
        55,
        18,
        39,
        41,
        23,
        39,
        38,
        12,
        19
      ],
      "2022-12": [
        107,
        32,
        43,
        48,
        46,
        71,
        41,
        49,
        40,
        36,
        10,
        39,
        44,
        24,
        28,
        28,
        21,
        13
      ],
      "2023-01": [
        83,
        28,
        28,
        26,
        31,
        32,
        22,
        17,
        35,
        49,
        9,
        28,
        23,
        16,
        25,
        14,
        12,
        14
      ],
      "2023-02": [
        74,
        26,
        24,
        31,
        39,
        36,
        17,
        28,
        23,
        39,
        10,
        27,
        34,
        14,
        21,
        18,
        10,
        8
      ],
      "2023-03": [
        98,
        36,
        42,
        38,
        34,
        35,
        34,
        17,
        24,
        41,
        20,
        37,
        29,
        16,
        20,
        27,
        7,
        19
      ],
      "2023-04": [
        84,
        31,
        28,
        38,
        34,
        23,
        26,
        28,
        32,
        34,
        12,
        33,
        33,
        19,
        16,
        18,
        12,
        15
      ],
      "2023-05": [
        98,
        27,
        38,
        48,
        42,
        56,
        35,
        34,
        51,
        43,
        18,
        36,
        39,
        25,
        25,
        21,
        5,
        18
      ],
      "2023-06": [
        100,
        31,
        35,
        38,
        45,
        47,
        62,
        23,
        31,
        41,
        9,
        31,
        28,
        24,
        37,
        26,
        13,
        13
      ],
      "2023-07": [
        120,
        47,
        48,
        26,
        38,
        45,
        58,
        28,
        39,
        61,
        11,
        41,
        41,
        16,
        27,
        21,
        7,
        21
      ],
      "2023-08": [
        84,
        36,
        32,
        31,
        38,
        31,
        33,
        26,
        19,
        45,
        22,
        29,
        35,
        26,
        27,
        20,
        15,
        18
      ],
      "2023-09": [
        99,
        29,
        38,
        39,
        40,
        48,
        48,
        28,
        37,
        45,
        22,
        36,
        36,
        29,
        27,
        25,
        6,
        13
      ],
      "2023-10": [
        113,
        27,
        41,
        46,
        30,
        38,
        33,
        38,
        33,
        49,
        15,
        38,
        37,
        20,
        21,
        28,
        6,
        10
      ],
      "2023-11": [
        102,
        38,
        44,
        47,
        42,
        52,
        37,
        30,
        29,
        29,
        27,
        41,
        38,
        17,
        31,
        35,
        13,
        14
      ],
      "2023-12": [
        133,
        66,
        53,
        59,
        45,
        62,
        37,
        44,
        33,
        49,
        20,
        43,
        39,
        27,
        29,
        42,
        11,
        21
      ],
      "2024-01": [
        90,
        40,
        34,
        34,
        36,
        38,
        26,
        39,
        28,
        40,
        24,
        23,
        28,
        18,
        23,
        23,
        17,
        15
      ],
      "2024-02": [
        76,
        34,
        25,
        38,
        32,
        47,
        30,
        31,
        21,
        41,
        9,
        27,
        29,
        19,
        31,
        23,
        17,
        16
      ],
      "2024-03": [
        106,
        36,
        39,
        37,
        34,
        36,
        40,
        24,
        42,
        34,
        17,
        18,
        41,
        14,
        28,
        23,
        19,
        22
      ],
      "2024-04": [
        91,
        27,
        46,
        40,
        40,
        44,
        42,
        33,
        41,
        28,
        17,
        38,
        31,
        13,
        19,
        17,
        12,
        12
      ],
      "2024-05": [
        115,
        47,
        39,
        38,
        46,
        42,
        44,
        30,
        36,
        63,
        25,
        40,
        41,
        18,
        33,
        20,
        14,
        15
      ],
      "2024-06": [
        96,
        32,
        30,
        36,
        32,
        44,
        32,
        33,
        39,
        50,
        17,
        25,
        34,
        24,
        31,
        24,
        14,
        18
      ],
      "2024-07": [
        106,
        43,
        45,
        39,
        40,
        42,
        35,
        22,
        38,
        58,
        16,
        43,
        36,
        17,
        22,
        31,
        16,
        23
      ],
      "2024-08": [
        104,
        35,
        35,
        47,
        26,
        41,
        38,
        20,
        32,
        30,
        18,
        35,
        36,
        10,
        38,
        28,
        17,
        13
      ],
      "2024-09": [
        108,
        54,
        40,
        39,
        37,
        48,
        43,
        33,
        33,
        61,
