{
  "topics": {
    "data": {
      "0": {
        "name": "0_topological_Hermitian_non_states",
        "keywords": [
          [
            "topological",
            0.03490322249654922
          ],
          [
            "Hermitian",
            0.0257373151294574
          ],
          [
            "non",
            0.023396342749821657
          ],
          [
            "states",
            0.01608108780542503
          ],
          [
            "systems",
            0.015307390545935034
          ],
          [
            "boundary",
            0.01435365428573142
          ],
          [
            "edge",
            0.01382859391304617
          ],
          [
            "symmetry",
            0.012977527430008247
          ],
          [
            "phases",
            0.012499385953247651
          ],
          [
            "bulk",
            0.01189470963646535
          ]
        ],
        "count": 2477
      },
      "1": {
        "name": "1_graphene_twisted_bilayer_bilayer graphene",
        "keywords": [
          [
            "graphene",
            0.026782396984456
          ],
          [
            "twisted",
            0.022729880498980583
          ],
          [
            "bilayer",
            0.019024493203485843
          ],
          [
            "bilayer graphene",
            0.016673417160718372
          ],
          [
            "angle",
            0.015676385317222943
          ],
          [
            "bands",
            0.014662175058581152
          ],
          [
            "twisted bilayer",
            0.0141817078367684
          ],
          [
            "twist",
            0.012643958098729998
          ],
          [
            "flat",
            0.012550187481215466
          ],
          [
            "twisted bilayer graphene",
            0.012088151790779059
          ]
        ],
        "count": 2120
      },
      "2": {
        "name": "2_plasmonic_optical_plasmon_field",
        "keywords": [
          [
            "plasmonic",
            0.018022338447390426
          ],
          [
            "optical",
            0.015967991790311668
          ],
          [
            "plasmon",
            0.015108980619645194
          ],
          [
            "field",
            0.011223774544897506
          ],
          [
            "electron",
            0.010738759414094311
          ],
          [
            "surface",
            0.010588792007598907
          ],
          [
            "graphene",
            0.01044124679290456
          ],
          [
            "near",
            0.009743332693172995
          ],
          [
            "plasmons",
            0.008756839859283603
          ],
          [
            "heat",
            0.008556687517304443
          ]
        ],
        "count": 1169
      },
      "3": {
        "name": "3_graphene_2D_properties_electronic",
        "keywords": [
          [
            "graphene",
            0.015537646264693923
          ],
          [
            "2D",
            0.015360874512649923
          ],
          [
            "properties",
            0.012729932145200202
          ],
          [
            "electronic",
            0.011304280544531689
          ],
          [
            "nanoribbons",
            0.010131476106973212
          ],
          [
            "materials",
            0.01003748054803615
          ],
          [
            "high",
            0.009434428212416242
          ],
          [
            "metal",
            0.008467067157897324
          ],
          [
            "devices",
            0.008338468456182654
          ],
          [
            "carbon",
            0.008112306288526425
          ]
        ],
        "count": 968
      },
      "4": {
        "name": "4_water_molecular_simulations_surface",
        "keywords": [
          [
            "water",
            0.018724242505726043
          ],
          [
            "molecular",
            0.01267856295218244
          ],
          [
            "simulations",
            0.011904831779557108
          ],
          [
            "surface",
            0.011571122383242946
          ],
          [
            "model",
            0.01050517029403433
          ],
          [
            "dynamics",
            0.010438881560619893
          ],
          [
            "liquid",
            0.009174519542140639
          ],
          [
            "molecular dynamics",
            0.00796923799288505
          ],
          [
            "materials",
            0.00782605316827201
          ],
          [
            "energy",
            0.007564519115081921
          ]
        ],
        "count": 950
      },
      "5": {
        "name": "5_qubit_quantum_qubits_spin",
        "keywords": [
          [
            "qubit",
            0.03748960915285562
          ],
          [
            "quantum",
            0.030174886500968237
          ],
          [
            "qubits",
            0.029817455855176367
          ],
          [
            "spin",
            0.024096622991209748
          ],
          [
            "dot",
            0.020157422678728797
          ],
          [
            "silicon",
            0.018585560976820698
          ],
          [
            "spin qubits",
            0.018417185855236867
          ],
          [
            "gate",
            0.0170173103758781
          ],
          [
            "quantum dot",
            0.016874285378438488
          ],
          [
            "dots",
            0.01629132766612323
          ]
        ],
        "count": 792
      },
      "6": {
        "name": "6_exciton_excitons_valley_monolayer",
        "keywords": [
          [
            "exciton",
            0.039706683148414045
          ],
          [
            "excitons",
            0.03481695961533469
          ],
          [
            "valley",
            0.017283390520819116
          ],
          [
            "monolayer",
            0.017014276445714262
          ],
          [
            "transition metal",
            0.014848370207964102
          ],
          [
            "excitonic",
            0.014704799592736037
          ],
          [
            "optical",
            0.013775185613798868
          ],
          [
            "metal",
            0.013100236719118048
          ],
          [
            "transition",
            0.01233781716642123
          ],
          [
            "dichalcogenides",
            0.012155245733070563
          ]
        ],
        "count": 734
      },
      "7": {
        "name": "7_skyrmion_skyrmions_magnetic_textures",
        "keywords": [
          [
            "skyrmion",
            0.06961690843293618
          ],
          [
            "skyrmions",
            0.05357059694084215
          ],
          [
            "magnetic",
            0.027821051465451052
          ],
          [
            "textures",
            0.016910182676285385
          ],
          [
            "spin",
            0.013878459669873586
          ],
          [
            "topological",
            0.013719106967560542
          ],
          [
            "chiral",
            0.012397907737984692
          ],
          [
            "motion",
            0.01207386111019839
          ],
          [
            "Skyrmion",
            0.01193394704895445
          ],
          [
            "field",
            0.011608781911003813
          ]
        ],
        "count": 670
      },
      "8": {
        "name": "8_Majorana_topological_modes_states",
        "keywords": [
          [
            "Majorana",
            0.07174000694946119
          ],
          [
            "topological",
            0.02367246793320712
          ],
          [
            "modes",
            0.023171041823756754
          ],
          [
            "states",
            0.01829065560577443
          ],
          [
            "superconductor",
            0.016317164663022642
          ],
          [
            "Kitaev",
            0.014814898024058073
          ],
          [
            "nanowire",
            0.013620761140981647
          ],
          [
            "conductance",
            0.01263061855308165
          ],
          [
            "superconducting",
            0.012146707423050795
          ],
          [
            "quantum",
            0.012024844680528782
          ]
        ],
        "count": 651
      },
      "9": {
        "name": "9_Hall_edge_fractional_quantum",
        "keywords": [
          [
            "Hall",
            0.03489744863906919
          ],
          [
            "edge",
            0.029153925389277295
          ],
          [
            "fractional",
            0.026159863251649314
          ],
          [
            "quantum",
            0.023536410927584423
          ],
          [
            "fractional quantum",
            0.019499238414833114
          ],
          [
            "states",
            0.01606573733092465
          ],
          [
            "state",
            0.012871215825570057
          ],
          [
            "topological",
            0.011167289419878127
          ],
          [
            "filling",
            0.010605150741034575
          ],
          [
            "charge",
            0.009282038698655813
          ]
        ],
        "count": 640
      },
      "10": {
        "name": "10_topological_Hall_Bi_surface",
        "keywords": [
          [
            "topological",
            0.024330006677576576
          ],
          [
            "Hall",
            0.023402828248696918
          ],
          [
            "Bi",
            0.017849323880707473
          ],
          [
            "surface",
            0.01631634856644392
          ],
          [
            "insulator",
            0.01609690450630821
          ],
          [
            "magnetic",
            0.013812539345335934
          ],
          [
            "effect",
            0.013742296425897228
          ],
          [
            "states",
            0.012717986157806338
          ],
          [
            "topological insulator",
            0.012246767224172509
          ],
          [
            "spin",
            0.010154255417084012
          ]
        ],
        "count": 637
      },
      "11": {
        "name": "11_Weyl_semimetals_semimetal_Fermi",
        "keywords": [
          [
            "Weyl",
            0.06639205419247424
          ],
          [
            "semimetals",
            0.0330634881952707
          ],
          [
            "semimetal",
            0.021667005861768826
          ],
          [
            "Fermi",
            0.01644208237804954
          ],
          [
            "nodal",
            0.015226519438255778
          ],
          [
            "magnetic",
            0.015027123308325459
          ],
          [
            "nodes",
            0.013843858600458175
          ],
          [
            "chiral",
            0.013140780837912076
          ],
          [
            "topological",
            0.013046425455847598
          ],
          [
            "Hall",
            0.01257284728766132
          ]
        ],
        "count": 593
      },
      "12": {
        "name": "12_quantum_systems_time_bath",
        "keywords": [
          [
            "quantum",
            0.028382711246559236
          ],
          [
            "systems",
            0.018339737092176966
          ],
          [
            "time",
            0.017853882370758734
          ],
          [
            "bath",
            0.016482184339983524
          ],
          [
            "dynamics",
            0.015267204112941923
          ],
          [
            "heat",
            0.014697500778034044
          ],
          [
            "state",
            0.014098093220063333
          ],
          [
            "quantum systems",
            0.01356635783101639
          ],
          [
            "Markovian",
            0.012337830281853895
          ],
          [
            "non",
            0.012187737412859601
          ]
        ],
        "count": 576
      },
      "13": {
        "name": "13_magnon_spin_magnons_waves",
        "keywords": [
          [
            "magnon",
            0.03832815580986317
          ],
          [
            "spin",
            0.024431459797533518
          ],
          [
            "magnons",
            0.018529500977661477
          ],
          [
            "waves",
            0.018051224161078096
          ],
          [
            "wave",
            0.016184477576128613
          ],
          [
            "magnetic",
            0.01570271424892933
          ],
          [
            "magnonic",
            0.015600073565223213
          ],
          [
            "cavity",
            0.015538858256110176
          ],
          [
            "spin wave",
            0.015475811378615577
          ],
          [
            "spin waves",
            0.015167151985319139
          ]
        ],
        "count": 523
      },
      "14": {
        "name": "14_Josephson_superconducting_junction_junctions",
        "keywords": [
          [
            "Josephson",
            0.05817823786070016
          ],
          [
            "superconducting",
            0.03197575763415925
          ],
          [
            "junction",
            0.0283639413297227
          ],
          [
            "junctions",
            0.026890227720107497
          ],
          [
            "diode",
            0.023157635116099817
          ],
          [
            "current",
            0.02153157245050378
          ],
          [
            "supercurrent",
            0.01857731933642011
          ],
          [
            "Andreev",
            0.01717734790504843
          ],
          [
            "diode effect",
            0.016889337832717205
          ],
          [
            "phase",
            0.016875930305252407
          ]
        ],
        "count": 508
      },
      "15": {
        "name": "15_polariton_exciton_polaritons_light",
        "keywords": [
          [
            "polariton",
            0.03588262763710322
          ],
          [
            "exciton",
            0.021806176592155047
          ],
          [
            "polaritons",
            0.01786439228472252
          ],
          [
            "light",
            0.016757448732539672
          ],
          [
            "cavity",
            0.015833851140928182
          ],
          [
            "condensate",
            0.015023323241001038
          ],
          [
            "coupling",
            0.014990723253117209
          ],
          [
            "photon",
            0.01325460559515639
          ],
          [
            "matter",
            0.013053911847322278
          ],
          [
            "quantum",
            0.01276602376175005
          ]
        ],
        "count": 490
      },
      "16": {
        "name": "16_Casimir_hydrodynamic_electron_flow",
        "keywords": [
          [
            "Casimir",
            0.0410514392010993
          ],
          [
            "hydrodynamic",
            0.03146901648996454
          ],
          [
            "electron",
            0.025723496089051355
          ],
          [
            "flow",
            0.017726423715283275
          ],
          [
            "force",
            0.01750411089604409
          ],
          [
            "viscosity",
            0.015575486555916432
          ],
          [
            "fluid",
            0.015311585339122372
          ],
          [
            "viscous",
            0.014630226732051587
          ],
          [
            "graphene",
            0.014539519173493946
          ],
          [
            "drag",
            0.013642788971104877
          ]
        ],
        "count": 401
      },
      "17": {
        "name": "17_NV_diamond_centers_vacancy",
        "keywords": [
          [
            "NV",
            0.06535409683851254
          ],
          [
            "diamond",
            0.04300585180028082
          ],
          [
            "centers",
            0.03380582334399589
          ],
          [
            "vacancy",
            0.026787923214430156
          ],
          [
            "nitrogen",
            0.02563348599044336
          ],
          [
            "nitrogen vacancy",
            0.023566112380335003
          ],
          [
            "spin",
            0.021735327678790356
          ],
          [
            "center",
            0.018925517385267963
          ],
          [
            "nuclear",
            0.018295100456666262
          ],
          [
            "magnetic",
            0.01771453506300986
          ]
        ],
        "count": 400
      },
      "18": {
        "name": "18_magnetic_der_der Waals_Waals",
        "keywords": [
          [
            "magnetic",
            0.03284239690440379
          ],
          [
            "der",
            0.021074280512160693
          ],
          [
            "der Waals",
            0.020975872448178577
          ],
          [
            "Waals",
            0.020965745428965735
          ],
          [
            "van",
            0.020125383574822096
          ],
          [
            "2D",
            0.019485882567700268
          ],
          [
            "vdW",
            0.016528200112555604
          ],
          [
            "spin",
            0.015117496143901432
          ],
          [
            "temperature",
            0.012321345017163183
          ],
          [
            "materials",
            0.011704549462061679
          ]
        ],
        "count": 388
      },
      "19": {
        "name": "19_spin_torque_orbit_orbital",
        "keywords": [
          [
            "spin",
            0.04194907667640107
          ],
          [
            "torque",
            0.03168819271014224
          ],
          [
            "orbit",
            0.02675702041792495
          ],
          [
            "orbital",
            0.02472176484655755
          ],
          [
            "spin orbit",
            0.024404533678734144
          ],
          [
            "Pt",
            0.022903294178887913
          ],
          [
            "SOT",
            0.021736895432670683
          ],
          [
            "switching",
            0.019618066788335924
          ],
          [
            "current",
            0.019438994354361323
          ],
          [
            "magnetic",
            0.019414633360685933
          ]
        ],
        "count": 370
      },
      "20": {
        "name": "20_magnetic_ice_artificial spin_spin",
        "keywords": [
          [
            "magnetic",
            0.039267580036331066
          ],
          [
            "ice",
            0.02216547632701735
          ],
          [
            "artificial spin",
            0.020223453030837415
          ],
          [
            "spin",
            0.019433836860215478
          ],
          [
            "artificial",
            0.018899327425761243
          ],
          [
            "spin ice",
            0.018896812903846916
          ],
          [
            "magnetization",
            0.018877964239546505
          ],
          [
            "artificial spin ice",
            0.01530879584220429
          ],
          [
            "field",
            0.015157444907569527
          ],
          [
            "nanoparticles",
            0.012878261749759538
          ]
        ],
        "count": 331
      },
      "21": {
        "name": "21_spin_altermagnets_altermagnetic_magnon",
        "keywords": [
          [
            "spin",
            0.03259402792749139
          ],
          [
            "altermagnets",
            0.02538876437232761
          ],
          [
            "altermagnetic",
            0.02473394994238787
          ],
          [
            "magnon",
            0.01832161331019872
          ],
          [
            "magnetic",
            0.01599355476498101
          ],
          [
            "wave",
            0.014248095559154024
          ],
          [
            "altermagnet",
            0.014092872329534772
          ],
          [
            "altermagnetism",
            0.013977859494678922
          ],
          [
            "Hall",
            0.013977385631931205
          ],
          [
            "symmetry",
            0.013793455139705148
          ]
        ],
        "count": 321
      },
      "22": {
        "name": "22_dot_quantum_thermoelectric_quantum dot",
        "keywords": [
          [
            "dot",
            0.029745306273978065
          ],
          [
            "quantum",
            0.02468514014537629
          ],
          [
            "thermoelectric",
            0.023296726879044462
          ],
          [
            "quantum dot",
            0.0222322893608319
          ],
          [
            "heat",
            0.021099949505356853
          ],
          [
            "transport",
            0.019851964473339385
          ],
          [
            "Kondo",
            0.01848868971372373
          ],
          [
            "current",
            0.01535468426417302
          ],
          [
            "Coulomb",
            0.013911837705748022
          ],
          [
            "dots",
            0.013211829772746325
          ]
        ],
        "count": 280
      },
      "23": {
        "name": "23_photon_quantum_single_emission",
        "keywords": [
          [
            "photon",
            0.04217668760688609
          ],
          [
            "quantum",
            0.038914224027598227
          ],
          [
            "single",
            0.02379387626418385
          ],
          [
            "emission",
            0.022593574006493432
          ],
          [
            "dots",
            0.022173170610485522
          ],
          [
            "single photon",
            0.02207724516830194
          ],
          [
            "quantum dots",
            0.021489504463209262
          ],
          [
            "photons",
            0.01984227739235389
          ],
          [
            "dot",
            0.016186568136920734
          ],
          [
            "sources",
            0.016094293796470222
          ]
        ],
        "count": 267
      },
      "24": {
        "name": "24_resonators_mechanical_nanomechanical_frequency",
        "keywords": [
          [
            "resonators",
            0.04037145398713912
          ],
          [
            "mechanical",
            0.0364782743820224
          ],
          [
            "nanomechanical",
            0.02692640874448959
          ],
          [
            "frequency",
            0.022435745970151223
          ],
          [
            "resonator",
            0.020850309594589868
          ],
          [
            "optomechanical",
            0.017042789237627292
          ],
          [
            "mode",
            0.015665841684432958
          ],
          [
            "nanomechanical resonators",
            0.015190738415544325
          ],
          [
            "acoustic",
            0.01436381810426079
          ],
          [
            "high",
            0.014150875600104779
          ]
        ],
        "count": 233
      },
      "25": {
        "name": "25_thermal_thermal conductivity_phonon_conductivity",
        "keywords": [
          [
            "thermal",
            0.06066294484963549
          ],
          [
            "thermal conductivity",
            0.042055383278241466
          ],
          [
            "phonon",
            0.03793422074530663
          ],
          [
            "conductivity",
            0.03543114158744515
          ],
          [
            "transport",
            0.022222977246396058
          ],
          [
            "heat",
            0.01856306535576558
          ],
          [
            "thermal transport",
            0.0158413170539487
          ],
          [
            "phonons",
            0.014912108614097672
          ],
          [
            "scattering",
            0.014178669855461352
          ],
          [
            "temperature",
            0.012507306226771743
          ]
        ],
        "count": 218
      },
      "26": {
        "name": "26_nanocrystals_perovskite_halide_exciton",
        "keywords": [
          [
            "nanocrystals",
            0.029027870557211028
          ],
          [
            "perovskite",
            0.029015934910011375
          ],
          [
            "halide",
            0.026514600792820666
          ],
          [
            "exciton",
            0.02630723249421854
          ],
          [
            "perovskites",
            0.021871340669682996
          ],
          [
            "emission",
            0.01898395535020479
          ],
          [
            "NCs",
            0.014616188233170218
          ],
          [
            "CdSe",
            0.014595642073582918
          ],
          [
            "halide perovskite",
            0.013907423843790727
          ],
          [
            "quantum",
            0.013726254856073846
          ]
        ],
        "count": 205
      },
      "27": {
        "name": "27_computing_neural_networks_neuromorphic",
        "keywords": [
          [
            "computing",
            0.0222433769191262
          ],
          [
            "neural",
            0.021330772091612667
          ],
          [
            "networks",
            0.020806382883993804
          ],
          [
            "neuromorphic",
            0.018645149680401398
          ],
          [
            "stochastic",
            0.017410212034996396
          ],
          [
            "hardware",
            0.017049905732395395
          ],
          [
            "network",
            0.016895224422603435
          ],
          [
            "switching",
            0.016375594412855788
          ],
          [
            "devices",
            0.01589746913934403
          ],
          [
            "neurons",
            0.015874702461390937
          ]
        ],
        "count": 197
      },
      "28": {
        "name": "28_1T_CDW_charge density_density",
        "keywords": [
          [
            "1T",
            0.028604814200086454
          ],
          [
            "CDW",
            0.02359967202798158
          ],
          [
            "charge density",
            0.018275586074582174
          ],
          [
            "density",
            0.01698686482390842
          ],
          [
            "charge density wave",
            0.016292663351889305
          ],
          [
            "density wave",
            0.01622444686684011
          ],
          [
            "charge",
            0.0159615989704558
          ],
          [
            "phase",
            0.015587435426607404
          ],
          [
            "superconductivity",
            0.014797412188105636
          ],
          [
            "TaS2",
            0.013100855977737868
          ]
        ],
        "count": 179
      }
    },
    "correlations": [
      [
        1.0,
        -0.7300983901469213,
        -0.7557741829739306,
        -0.7377899876761043,
        -0.7603318679315112,
        -0.744773727929247,
        -0.7506932639144943,
        -0.7391948680072736,
        -0.6231459818382072,
        -0.5776393186978181,
        -0.5341419107877248,
        -0.7094226536161745,
        -0.6809559619725855,
        -0.7408291422472126,
        -0.7379750567694536,
        -0.7294129117113406,
        -0.7512591795047203,
        -0.7561024807328627,
        -0.7342901167623153,
        -0.7138109760214313,
        -0.725751898094519,
        -0.7214636161254667,
        -0.7412359307668701,
        -0.7419491734696648,
        -0.7413226338485186,
        -0.7403241568766437,
        -0.7622143715783956,
        -0.7549158756040266,
        -0.7452375991196715
      ],
      [
        -0.7300983901469213,
        1.0,
        -0.7402325968228183,
        -0.5304520182273171,
        -0.7530416697900065,
        -0.7472559395935703,
        -0.685332385510778,
        -0.7346091713945324,
        -0.7400337362924336,
        -0.6949836893351523,
        -0.7101346728183936,
        -0.7529179098494526,
        -0.7357083259929282,
        -0.7511456997330355,
        -0.7383347947974391,
        -0.7398825672359961,
        -0.7288509417195352,
        -0.7571648463308313,
        -0.6632859990567779,
        -0.7261757984593971,
        -0.713144742602461,
        -0.7262181474909108,
        -0.7376675327062712,
        -0.7386843121426466,
        -0.7470307771117155,
        -0.7228096864314788,
        -0.7584265302283839,
        -0.7588345520581364,
        -0.7283940998584516
      ],
      [
        -0.7557741829739306,
        -0.7402325968228183,
        1.0,
        -0.7379425885021089,
        -0.7565242404953714,
        -0.758167081176587,
        -0.736456400175795,
        -0.7591047380607912,
        -0.7559426406641694,
        -0.7549499480273294,
        -0.7489323589978361,
        -0.7540913447951337,
        -0.7404042045725503,
        -0.7523046701057381,
        -0.7555305008913262,
        -0.6957398607892225,
        -0.7272573340867056,
        -0.7590225873688444,
        -0.7480588083450066,
        -0.754429669371606,
        -0.7498359787606256,
        -0.7562458103189438,
        -0.7501171653818446,
        -0.7294008533756751,
        -0.734121974138983,
        -0.7330397930393575,
        -0.7467066305314611,
        -0.7604982427085074,
        -0.7591691871008441
      ],
      [
        -0.7377899876761043,
        -0.5304520182273171,
        -0.7379425885021089,
        1.0,
        -0.736388996272388,
        -0.75234331282609,
        -0.6866610460666183,
        -0.7499478260701471,
        -0.745018011201825,
        -0.7257043677759958,
        -0.7181305808322183,
        -0.7464586447908204,
        -0.7393825331443582,
        -0.7578717866681628,
        -0.7460990829596359,
        -0.7441711110787852,
        -0.7289470410396063,
        -0.7509441351134811,
        -0.5443568713402034,
        -0.7349558771979536,
        -0.7294867078290364,
        -0.7325279044487822,
        -0.7449657356050314,
        -0.7319647677195871,
        -0.7351384756473378,
        -0.7193836801167182,
        -0.7506560279311085,
        -0.750367144550071,
        -0.7200179703932361
      ],
      [
        -0.7603318679315112,
        -0.7530416697900065,
        -0.7565242404953714,
        -0.736388996272388,
        1.0,
        -0.7622638054902828,
        -0.7597930085159866,
        -0.7636700577392217,
        -0.7632754580780902,
        -0.762835193564018,
        -0.752748935040009,
        -0.763854254438407,
        -0.7469753568496251,
        -0.7628113482150598,
        -0.7593960154924477,
        -0.7604113065480798,
        -0.7517940953543732,
        -0.7568266883408592,
        -0.7476942547146697,
        -0.7638150805108419,
        -0.7559339971992514,
        -0.7636048333116042,
        -0.7580625456897757,
        -0.75971174861685,
        -0.730057289852976,
        -0.7179812289872944,
        -0.7511552208549922,
        -0.7575693546173625,
        -0.7530493432660883
      ],
      [
        -0.744773727929247,
        -0.7472559395935703,
        -0.758167081176587,
        -0.75234331282609,
        -0.7622638054902828,
        1.0,
        -0.7394465272498041,
        -0.7417805910346399,
        -0.7144933004782815,
        -0.6912719410352967,
        -0.7388102774119909,
        -0.7593462789521548,
        -0.6415334393262513,
        -0.6826897960052498,
        -0.7062568391935278,
        -0.7426178015143807,
        -0.7315831534339896,
        -0.7218910497586831,
        -0.7378589099729379,
        -0.6553379005433448,
        -0.6783491278147301,
        -0.642161382695378,
        -0.24945314313582512,
        -0.35929364172580924,
        -0.7114686958325793,
        -0.7303719749143918,
        -0.7429611063060174,
        -0.7534447694198987,
        -0.7579987984846939
      ],
      [
        -0.7506932639144943,
        -0.685332385510778,
        -0.736456400175795,
        -0.6866610460666183,
        -0.7597930085159866,
        -0.7394465272498041,
        1.0,
        -0.7500249252638234,
        -0.7513473529939126,
        -0.7383702630794685,
        -0.7378680330612553,
        -0.7587705633930573,
        -0.737460150750963,
        -0.7549460277668204,
        -0.7516065639096676,
        -0.6110585444587537,
        -0.737844666770177,
        -0.759072844649907,
        -0.6515397323006518,
        -0.7194538822039804,
        -0.7253813730586876,
        -0.7259295669434167,
        -0.7380186924846441,
        -0.6987297776749946,
        -0.752823403536695,
        -0.731386816526335,
        -0.6198264557521105,
        -0.7587006844504113,
        -0.6654024513829512
      ],
      [
        -0.7391948680072736,
        -0.7346091713945324,
        -0.7591047380607912,
        -0.7499478260701471,
        -0.7636700577392217,
        -0.7417805910346399,
        -0.7500249252638234,
        1.0,
        -0.7387158949408906,
        -0.7189185009848293,
        -0.7084443061260199,
        -0.7411488735172242,
        -0.745221275391577,
        -0.7161469042409402,
        -0.7396333354191588,
        -0.7553314143861971,
        -0.7476717729005983,
        -0.7518125963089934,
        -0.5684784572711072,
        -0.6905107448599135,
        -0.4627153394331305,
        -0.706577477809959,
        -0.747783257476518,
        -0.7479832800856775,
        -0.7558322031624705,
        -0.7438959553001311,
        -0.7588207195561238,
        -0.7428066643838853,
        -0.7535295741042805
      ],
      [
        -0.6231459818382072,
        -0.7400337362924336,
        -0.7559426406641694,
        -0.745018011201825,
        -0.7632754580780902,
        -0.7144933004782815,
        -0.7513473529939126,
        -0.7387158949408906,
        1.0,
        -0.6938962916840414,
        -0.6701928140989979,
        -0.7413106583414659,
        -0.7253340009182287,
        -0.7428840221641853,
        -0.6626947971899955,
        -0.7411693527419931,
        -0.750427319953298,
        -0.7603569867561109,
        -0.7394730143944497,
        -0.7215551569906344,
        -0.7173675393528356,
        -0.7236866001866469,
        -0.7039760332059775,
        -0.7223638245104543,
        -0.7371012645811231,
        -0.7389172020467346,
        -0.7607122812840355,
        -0.7592686852692843,
        -0.7532574621980097
      ],
      [
        -0.5776393186978181,
        -0.6949836893351523,
        -0.7549499480273294,
        -0.7257043677759958,
        -0.762835193564018,
        -0.6912719410352967,
        -0.7383702630794685,
        -0.7189185009848293,
        -0.6938962916840414,
        1.0,
        -0.5120600757971127,
        -0.7339778113744828,
        -0.6710250707969148,
        -0.7370185223065626,
        -0.7331255172071751,
        -0.7405920912750175,
        -0.7269719789201672,
        -0.7574138281712556,
        -0.7191931175544531,
        -0.6507226037253049,
        -0.6872244138053835,
        -0.6409497043217236,
        -0.6835848784913678,
        -0.6924457313399888,
        -0.74912204001364,
        -0.7247440641726202,
        -0.7590129859109213,
        -0.755681121518986,
        -0.7350116694357416
      ],
      [
        -0.5341419107877248,
        -0.7101346728183936,
        -0.7489323589978361,
        -0.7181305808322183,
        -0.752748935040009,
        -0.7388102774119909,
        -0.7378680330612553,
        -0.7084443061260199,
        -0.6701928140989979,
        -0.5120600757971127,
        1.0,
        -0.6809478713634933,
        -0.7260847054229175,
        -0.7346014912086452,
        -0.7301146853060135,
        -0.7465971429860405,
        -0.7338415857632585,
        -0.7534170314480846,
        -0.6901727652092458,
        -0.6020753478317117,
        -0.674919729881379,
        -0.5484526051787162,
        -0.7374158480679966,
        -0.7366067024375711,
        -0.7482250979649274,
        -0.7179977940272293,
        -0.7542078098477859,
        -0.7560381950972681,
        -0.7201465571036355
      ],
      [
        -0.7094226536161745,
        -0.7529179098494526,
        -0.7540913447951337,
        -0.7464586447908204,
        -0.763854254438407,
        -0.7593462789521548,
        -0.7587705633930573,
        -0.7411488735172242,
        -0.7413106583414659,
        -0.7339778113744828,
        -0.6809478713634933,
        1.0,
        -0.7444019065787679,
        -0.7581707439145648,
        -0.7482249459128526,
        -0.7575057166389803,
        -0.7447055587649726,
        -0.763650485000167,
        -0.7365363595752542,
        -0.7234834871283936,
        -0.7182577636368447,
        -0.7213608391036055,
        -0.7534733397251476,
        -0.7553415006567159,
        -0.758302397173857,
        -0.7368358716553973,
        -0.7642303703768811,
        -0.7639758185662423,
        -0.7365522580592152
      ],
      [
        -0.6809559619725855,
        -0.7357083259929282,
        -0.7404042045725503,
        -0.7393825331443582,
        -0.7469753568496251,
        -0.6415334393262513,
        -0.737460150750963,
        -0.745221275391577,
        -0.7253340009182287,
        -0.6710250707969148,
        -0.7260847054229175,
        -0.7444019065787679,
        1.0,
        -0.737147649496136,
        -0.7281459750352548,
        -0.6606856133601249,
        -0.7297505352220819,
        -0.7450728544817278,
        -0.7348781016188654,
        -0.7296282014346724,
        -0.7206095771937548,
        -0.7364938162934525,
        -0.639037387437854,
        -0.6414552466120688,
        -0.7225365801386765,
        -0.7039739214186427,
        -0.750553768989884,
        -0.7462664615541341,
        -0.7475303832283452
      ],
      [
        -0.7408291422472126,
        -0.7511456997330355,
        -0.7523046701057381,
        -0.7578717866681628,
        -0.7628113482150598,
        -0.6826897960052498,
        -0.7549460277668204,
        -0.7161469042409402,
        -0.7428840221641853,
        -0.7370185223065626,
        -0.7346014912086452,
        -0.7581707439145648,
        -0.737147649496136,
        1.0,
        -0.7529757811456272,
        -0.7361203055089924,
        -0.7523957205617879,
        -0.7392362531343623,
        -0.7057372856852635,
        -0.6201646539629813,
        -0.5944885242023781,
        -0.4970745622698416,
        -0.7460970430510774,
        -0.7403819836165337,
        -0.7288684389758926,
        -0.7314994929973428,
        -0.7586260525974265,
        -0.754317219773276,
        -0.7590573453575983
      ],
      [
        -0.7379750567694536,
        -0.7383347947974391,
        -0.7555305008913262,
        -0.7460990829596359,
        -0.7593960154924477,
        -0.7062568391935278,
        -0.7516065639096676,
        -0.7396333354191588,
        -0.6626947971899955,
        -0.7331255172071751,
        -0.7301146853060135,
        -0.7482249459128526,
        -0.7281459750352548,
        -0.7529757811456272,
        1.0,
        -0.7497450669969701,
        -0.7397922814966376,
        -0.7616707440187269,
        -0.7305234554946562,
        -0.7083591290376356,
        -0.7080839312026945,
        -0.7188886457462754,
        -0.7084205548785225,
        -0.7278883420883564,
        -0.737884472428215,
        -0.7240192541783477,
