{
  "topics": {
    "data": {
      "0": {
        "name": "0_set_measure_maps_group",
        "keywords": [
          [
            "set",
            0.015455401355044756
          ],
          [
            "measure",
            0.013112200649857629
          ],
          [
            "maps",
            0.012876364356466163
          ],
          [
            "group",
            0.012760739899913979
          ],
          [
            "dimension",
            0.01212358069742577
          ],
          [
            "non",
            0.01174882486339159
          ],
          [
            "finite",
            0.011405076915806627
          ],
          [
            "entropy",
            0.011396443871975961
          ],
          [
            "groups",
            0.011290558116089831
          ],
          [
            "space",
            0.011026404673195945
          ]
        ],
        "count": 7027
      },
      "1": {
        "name": "1_data_systems_time_model",
        "keywords": [
          [
            "data",
            0.022526985994550615
          ],
          [
            "systems",
            0.020196252646741072
          ],
          [
            "time",
            0.015593312899399822
          ],
          [
            "model",
            0.014640182340115857
          ],
          [
            "learning",
            0.014193006124980787
          ],
          [
            "control",
            0.013819488126917223
          ],
          [
            "method",
            0.013798361936196274
          ],
          [
            "nonlinear",
            0.01341441413622866
          ],
          [
            "dynamical",
            0.012857750285356033
          ],
          [
            "dynamics",
            0.011902493353114345
          ]
        ],
        "count": 2084
      },
      "2": {
        "name": "2_body_problem_body problem_orbits",
        "keywords": [
          [
            "body",
            0.03831296720027429
          ],
          [
            "problem",
            0.03304110516840231
          ],
          [
            "body problem",
            0.02670579565537494
          ],
          [
            "orbits",
            0.024593156590817192
          ],
          [
            "periodic",
            0.014730288528142203
          ],
          [
            "Hamiltonian",
            0.014584496129037103
          ],
          [
            "systems",
            0.013715760777388467
          ],
          [
            "motion",
            0.013648902759805326
          ],
          [
            "solutions",
            0.012864510965288848
          ],
          [
            "energy",
            0.011657894022773771
          ]
        ],
        "count": 566
      },
      "3": {
        "name": "3_model_disease_epidemic_COVID",
        "keywords": [
          [
            "model",
            0.047118017169909585
          ],
          [
            "disease",
            0.03356437966142193
          ],
          [
            "epidemic",
            0.03042998161411386
          ],
          [
            "COVID",
            0.026090161983266084
          ],
          [
            "infection",
            0.022087216507428915
          ],
          [
            "population",
            0.018529925702326012
          ],
          [
            "models",
            0.017825001079613195
          ],
          [
            "dynamics",
            0.016875071042129996
          ],
          [
            "SIR",
            0.01680470957705598
          ],
          [
            "infected",
            0.016640220237914904
          ]
        ],
        "count": 556
      },
      "4": {
        "name": "4_networks_network_synchronization_oscillators",
        "keywords": [
          [
            "networks",
            0.030233863205870407
          ],
          [
            "network",
            0.02627040574149875
          ],
          [
            "synchronization",
            0.023917234393235162
          ],
          [
            "oscillators",
            0.02317680211756262
          ],
          [
            "model",
            0.02182859368542144
          ],
          [
            "Kuramoto",
            0.020878544851701892
          ],
          [
            "dynamics",
            0.020277009556208404
          ],
          [
            "phase",
            0.01976532840134048
          ],
          [
            "coupling",
            0.018398171374452727
          ],
          [
            "systems",
            0.013462249292666869
          ]
        ],
        "count": 540
      },
      "5": {
        "name": "5_equation_stochastic_equations_solutions",
        "keywords": [
          [
            "equation",
            0.030786575172057504
          ],
          [
            "stochastic",
            0.024896003883486898
          ],
          [
            "equations",
            0.024509275847660657
          ],
          [
            "solutions",
            0.02275328513610528
          ],
          [
            "existence",
            0.015761867619463917
          ],
          [
            "solution",
            0.01539267586514688
          ],
          [
            "differential",
            0.014833903687936151
          ],
          [
            "time",
            0.013531238703868359
          ],
          [
            "noise",
            0.012785666333854275
          ],
          [
            "differential equations",
            0.011556116799775433
          ]
        ],
        "count": 412
      },
      "6": {
        "name": "6_opinion_dynamics_social_game",
        "keywords": [
          [
            "opinion",
            0.03199735061285149
          ],
          [
            "dynamics",
            0.028638314841756562
          ],
          [
            "social",
            0.0265628316555881
          ],
          [
            "game",
            0.024175267155807874
          ],
          [
            "model",
            0.024132359321608333
          ],
          [
            "games",
            0.023260110693255634
          ],
          [
            "agents",
            0.02211018534242922
          ],
          [
            "opinions",
            0.0213302327092754
          ],
          [
            "network",
            0.01758974510668047
          ],
          [
            "time",
            0.01535283002356722
          ]
        ],
        "count": 371
      },
      "7": {
        "name": "7_prey_predator_model_species",
        "keywords": [
          [
            "prey",
            0.04208134983702267
          ],
          [
            "predator",
            0.03960601388270267
          ],
          [
            "model",
            0.036473636970899684
          ],
          [
            "species",
            0.030547534040052022
          ],
          [
            "population",
            0.02794558454704213
          ],
          [
            "predator prey",
            0.0213870319434035
          ],
          [
            "bifurcation",
            0.020078173003495205
          ],
          [
            "extinction",
            0.017151175757792066
          ],
          [
            "dynamics",
            0.016880246792703755
          ],
          [
            "Allee",
            0.01681382988599328
          ]
        ],
        "count": 307
      },
      "8": {
        "name": "8_delay_fractional_differential_stability",
        "keywords": [
          [
            "delay",
            0.04977954031674765
          ],
          [
            "fractional",
            0.04015244119796465
          ],
          [
            "differential",
            0.030580310526884546
          ],
          [
            "stability",
            0.029443637477008407
          ],
          [
            "equations",
            0.0291483843849471
          ],
          [
            "differential equations",
            0.02204238775525265
          ],
          [
            "systems",
            0.01875413293489517
          ],
          [
            "order",
            0.018605971013850874
          ],
          [
            "time",
            0.017923457015070473
          ],
          [
            "solutions",
            0.01763003516699919
          ]
        ],
        "count": 286
      },
      "9": {
        "name": "9_periodic_quasi_tori_operators",
        "keywords": [
          [
            "periodic",
            0.028470690911330258
          ],
          [
            "quasi",
            0.025141903421567625
          ],
          [
            "tori",
            0.022151801596369387
          ],
          [
            "operators",
            0.021691206692673905
          ],
          [
            "KAM",
            0.02052064043384507
          ],
          [
            "Hamiltonian",
            0.018984992159191548
          ],
          [
            "frequency",
            0.018288191355395004
          ],
          [
            "torus",
            0.016200861528184132
          ],
          [
            "invariant",
            0.015766658162740567
          ],
          [
            "dimensional",
            0.014460188750876894
          ]
        ],
        "count": 249
      },
      "10": {
        "name": "10_billiard_billiards_convex_Poncelet",
        "keywords": [
          [
            "billiard",
            0.09011263422896051
          ],
          [
            "billiards",
            0.07934031895763195
          ],
          [
            "convex",
            0.027338603256028576
          ],
          [
            "Poncelet",
            0.021303979866287064
          ],
          [
            "periodic",
            0.01753469246234265
          ],
          [
            "Birkhoff",
            0.017285216983576636
          ],
          [
            "integrable",
            0.016780863041693145
          ],
          [
            "boundary",
            0.016340631450367304
          ],
          [
            "orbits",
            0.015585698901200337
          ],
          [
            "trajectories",
            0.014157513600014165
          ]
        ],
        "count": 231
      },
      "11": {
        "name": "11_networks_reaction_network_reaction networks",
        "keywords": [
          [
            "networks",
            0.04997981451427048
          ],
          [
            "reaction",
            0.049286211275399894
          ],
          [
            "network",
            0.03549436450111991
          ],
          [
            "reaction networks",
            0.029877602754666187
          ],
          [
            "chemical",
            0.029709673842394466
          ],
          [
            "mass action",
            0.02427013470547996
          ],
          [
            "systems",
            0.023261776740457894
          ],
          [
            "steady",
            0.022672329571459603
          ],
          [
            "mass",
            0.020030402679567544
          ],
          [
            "species",
            0.0196110410314696
          ]
        ],
        "count": 213
      },
      "12": {
        "name": "12_cycles_limit cycles_limit_piecewise",
        "keywords": [
          [
            "cycles",
            0.04263315568486291
          ],
          [
            "limit cycles",
            0.037454563867601154
          ],
          [
            "limit",
            0.032224431841463924
          ],
          [
            "piecewise",
            0.0319555385621961
          ],
          [
            "systems",
            0.02451342840985106
          ],
          [
            "differential",
            0.018976303584719276
          ],
          [
            "bifurcation",
            0.018799498625829556
          ],
          [
            "smooth",
            0.018201742414962297
          ],
          [
            "dimensional",
            0.017292174738131466
          ],
          [
            "bifurcations",
            0.016577927978924
          ]
        ],
        "count": 207
      },
      "13": {
        "name": "13_diffusion_patterns_reaction_reaction diffusion",
        "keywords": [
          [
            "diffusion",
            0.0411748220573422
          ],
          [
            "patterns",
            0.03516135835498796
          ],
          [
            "reaction",
            0.03462016855122028
          ],
          [
            "reaction diffusion",
            0.032552654603095456
          ],
          [
            "solutions",
            0.023707731561464027
          ],
          [
            "fronts",
            0.022313105649242992
          ],
          [
            "Turing",
            0.02227228007507027
          ],
          [
            "waves",
            0.02023700177804204
          ],
          [
            "equation",
            0.01761327174399097
          ],
          [
            "spatial",
            0.016806489584017648
          ]
        ],
        "count": 134
      }
    },
    "correlations": [
      [
        1.0,
        -0.6805127980396635,
        -0.6348151707449364,
        -0.7282892735568238,
        -0.6956064224877099,
        -0.5480327260970757,
        -0.6993576783534858,
        -0.7337997433055546,
        -0.7092893609892716,
        -0.4012878253769053,
        -0.6659941047224542,
        -0.7383295541966373,
        -0.5685407881759681,
        -0.7252448963497513
      ],
      [
        -0.6805127980396635,
        1.0,
        -0.7190125481331745,
        -0.7127671722384605,
        -0.6607806181389422,
        -0.6887498560343991,
        -0.6842455367065097,
        -0.7246566095365166,
        -0.6901612198475724,
        -0.714442672286095,
        -0.755149253449775,
        -0.7091090227417862,
        -0.47856617614116387,
        -0.7342269955517837
      ],
      [
        -0.6348151707449364,
        -0.7190125481331745,
        1.0,
        -0.7382518468261257,
        -0.7151907041029972,
        -0.6401373377120828,
        -0.7181313152268762,
        -0.7432778395417754,
        -0.7153936179972039,
        -0.6189078662919943,
        -0.6441486758911726,
        -0.7399984922645235,
        -0.7065194577342531,
        -0.7293838745915344
      ],
      [
        -0.7282892735568238,
        -0.7127671722384605,
        -0.7382518468261257,
        1.0,
        -0.5119532654767505,
        -0.7047094607319393,
        -0.46217022937074653,
        -0.3136896150209022,
        -0.677322139241372,
        -0.7409510744349679,
        -0.7598614183601986,
        -0.7004663402825076,
        -0.7256269881049162,
        -0.7088977736548833
      ],
      [
        -0.6956064224877099,
        -0.6607806181389422,
        -0.7151907041029972,
        -0.5119532654767505,
        1.0,
        -0.6790218830720554,
        -0.07756735052141611,
        -0.5252709754175415,
        -0.67419850576955,
        -0.7152632537585443,
        -0.7556285532544553,
        -0.40769402285497425,
        -0.6828129083486403,
        -0.6947488757955307
      ],
      [
        -0.5480327260970757,
        -0.6887498560343991,
        -0.6401373377120828,
        -0.7047094607319393,
        -0.6790218830720554,
        1.0,
        -0.6933709650396838,
        -0.7016716514022915,
        -0.3227022945476876,
        -0.4141981485716544,
        -0.6707257038423988,
        -0.7215766399479261,
        -0.4831799025929625,
        -0.5254385848620431
      ],
      [
        -0.6993576783534858,
        -0.6842455367065097,
        -0.7181313152268762,
        -0.46217022937074653,
        -0.07756735052141611,
        -0.6933709650396838,
        1.0,
        -0.4838595632878201,
        -0.6888119504852628,
        -0.7213139403036617,
        -0.7535560212934167,
        -0.6746310253605854,
        -0.6980811603333268,
        -0.717260198867776
      ],
      [
        -0.7337997433055546,
        -0.7246566095365166,
        -0.7432778395417754,
        -0.3136896150209022,
        -0.5252709754175415,
        -0.7016716514022915,
        -0.4838595632878201,
        1.0,
        -0.6844267826766361,
        -0.7375485391719556,
        -0.7613214859965649,
        -0.6872707439596328,
        -0.7125224013099545,
        -0.6956021430973542
      ],
      [
        -0.7092893609892716,
        -0.6901612198475724,
        -0.7153936179972039,
        -0.677322139241372,
        -0.67419850576955,
        -0.3227022945476876,
        -0.6888119504852628,
        -0.6844267826766361,
        1.0,
        -0.7109873365318351,
        -0.7575254350722893,
        -0.7032888529466624,
        -0.6928723266847067,
        -0.6765846898810024
      ],
      [
        -0.4012878253769053,
        -0.714442672286095,
        -0.6189078662919943,
        -0.7409510744349679,
        -0.7152632537585443,
        -0.4141981485716544,
        -0.7213139403036617,
        -0.7375485391719556,
        -0.7109873365318351,
        1.0,
        -0.6473772070954483,
        -0.7478564467704134,
        -0.49206659861178026,
        -0.7262744090930837
      ],
      [
        -0.6659941047224542,
        -0.755149253449775,
        -0.6441486758911726,
        -0.7598614183601986,
        -0.7556285532544553,
        -0.6707257038423988,
        -0.7535560212934167,
        -0.7613214859965649,
        -0.7575254350722893,
        -0.6473772070954483,
        1.0,
        -0.7629642203424627,
        -0.7475052461786398,
        -0.7595005159090372
      ],
      [
        -0.7383295541966373,
        -0.7091090227417862,
        -0.7399984922645235,
        -0.7004663402825076,
        -0.40769402285497425,
        -0.7215766399479261,
        -0.6746310253605854,
        -0.6872707439596328,
        -0.7032888529466624,
        -0.7478564467704134,
        -0.7629642203424627,
        1.0,
        -0.716578502469801,
        -0.6456096985232654
      ],
      [
        -0.5685407881759681,
        -0.47856617614116387,
        -0.7065194577342531,
        -0.7256269881049162,
        -0.6828129083486403,
        -0.4831799025929625,
        -0.6980811603333268,
        -0.7125224013099545,
        -0.6928723266847067,
        -0.49206659861178026,
        -0.7475052461786398,
        -0.716578502469801,
        1.0,
        -0.7284044100423577
      ],
      [
        -0.7252448963497513,
        -0.7342269955517837,
        -0.7293838745915344,
        -0.7088977736548833,
        -0.6947488757955307,
        -0.5254385848620431,
        -0.717260198867776,
        -0.6956021430973542,
        -0.6765846898810024,
        -0.7262744090930837,
        -0.7595005159090372,
        -0.6456096985232654,
        -0.7284044100423577,
        1.0
      ]
    ],
    "series": {
      "2020-01": [
        107,
        10,
        16,
        6,
        9,
        16,
        6,
        3,
        11,
        8,
        7,
        3,
        3,
        4
      ],
      "2020-02": [
        127,
        13,
        10,
        13,
        3,
        8,
        4,
        2,
        19,
        4,
        4,
        3,
        6,
        6
      ],
      "2020-03": [
        121,
        12,
        14,
        26,
        5,
        11,
        3,
        5,
        17,
        12,
        6,
        8,
        4,
        8
      ],
      "2020-04": [
        124,
        14,
        10,
        23,
        7,
        11,
        11,
        7,
        11,
        7,
        3,
        7,
        3,
        2
      ],
      "2020-05": [
        114,
        16,
        17,
        19,
        8,
        9,
        13,
        4,
        22,
        5,
        6,
        7,
        9,
        6
      ],
      "2020-06": [
        146,
        20,
        13,
        14,
        9,
        12,
        7,
        2,
        16,
        9,
        2,
        11,
        8,
        6
      ],
      "2020-07": [
        110,
        8,
        13,
        18,
        8,
        14,
        15,
        8,
        13,
        8,
        3,
        9,
        6,
        5
      ],
      "2020-08": [
        95,
        12,
        13,
        15,
        6,
        9,
        6,
        3,
        16,
        4,
        4,
        3,
        7,
        3
      ],
      "2020-09": [
        123,
        17,
        13,
        8,
        4,
        12,
        10,
        4,
        17,
        8,
        7,
        6,
        3,
        9
      ],
      "2020-10": [
        130,
        19,
        18,
        14,
        9,
        12,
        10,
        1,
        13,
        7,
        5,
        8,
        10,
        5
      ],
      "2020-11": [
        106,
        13,
        12,
        15,
        4,
        11,
        13,
        4,
        11,
        6,
        1,
        6,
        9,
        4
      ],
      "2020-12": [
        107,
        12,
        19,
        15,
        12,
        19,
        10,
        4,
        22,
        8,
        2,
        5,
        12,
        7
      ],
      "2021-01": [
        116,
        9,
        13,
        12,
        6,
        11,
        7,
        3,
        17,
        7,
        2,
        2,
        6,
        5
      ],
      "2021-02": [
        117,
        15,
        11,
        15,
        9,
        11,
        13,
        3,
        8,
        6,
        4,
        6,
        4,
        5
      ],
      "2021-03": [
        135,
        15,
        13,
        15,
        8,
        17,
        13,
        4,
        19,
        7,
        4,
        6,
        14,
        2
      ],
      "2021-04": [
        110,
        12,
        12,
        13,
        5,
        11,
        12,
        2,
        14,
        4,
        4,
        11,
        9,
        7
      ],
      "2021-05": [
        117,
        12,
        17,
        13,
        11,
        20,
        10,
        4,
        16,
        5,
        2,
        8,
        5,
        6
      ],
      "2021-06": [
        110,
        16,
        15,
        15,
        8,
        7,
        11,
        2,
        17,
        10,
        2,
        3,
        14,
        4
      ],
      "2021-07": [
        110,
        10,
        13,
        14,
        4,
        12,
        12,
        3,
        16,
        9,
        3,
        4,
        5,
        1
      ],
      "2021-08": [
        102,
        15,
        11,
        7,
        7,
        13,
        8,
        4,
        5,
        3,
        3,
        8,
        8,
        6
      ],
      "2021-09": [
        91,
        13,
        19,
        19,
        8,
        18,
        7,
        4,
        11,
        5,
        1,
        8,
        12,
        3
      ],
      "2021-10": [
        102,
        15,
        10,
        16,
        8,
        9,
        11,
        2,
        28,
        3,
        7,
        9,
        8,
        3
      ],
      "2021-11": [
        105,
        13,
        15,
        15,
        12,
        13,
        15,
        2,
        9,
        7,
        8,
        13,
        9,
        4
      ],
      "2021-12": [
        126,
        11,
        13,
        16,
        7,
        15,
        14,
        2,
        13,
        12,
        5,
        6,
        11,
        4
      ],
      "2022-01": [
        94,
        9,
        11,
        15,
        8,
        7,
        6,
        2,
        10,
        4,
        3,
        3,
        11,
        4
      ],
      "2022-02": [
        114,
        9,
        12,
        15,
        7,
        9,
        14,
        5,
        16,
        0,
        2,
        5,
        6,
        2
      ],
      "2022-03": [
        120,
        21,
        20,
        19,
        10,
        7,
        7,
        7,
        18,
        7,
        14,
        6,
        7,
        5
      ],
      "2022-04": [
        98,
        21,
        12,
        7,
        2,
        4,
        6,
        2,
        11,
        4,
        2,
        4,
        10,
        2
      ],
      "2022-05": [
        101,
        15,
        10,
        10,
        4,
        10,
        10,
        3,
        12,
        6,
        2,
        11,
        10,
        2
      ],
      "2022-06": [
        106,
        18,
        14,
        10,
        6,
        13,
        10,
        2,
        21,
        6,
        2,
        7,
        9,
        6
      ],
      "2022-07": [
        96,
        13,
        15,
        15,
        8,
        10,
        13,
        5,
        14,
        2,
        2,
        9,
        7,
        7
      ],
      "2022-08": [
        104,
        14,
        17,
        10,
        7,
        15,
        9,
        5,
        20,
        5,
        6,
        8,
        12,
        1
      ],
      "2022-09": [
        122,
        21,
        19,
        14,
        4,
        9,
        12,
        4,
        20,
        15,
        5,
        12,
        8,
        1
      ],
      "2022-10": [
        118,
        14,
        12,
        6,
        9,
        12,
        5,
        8,
        11,
        10,
        1,
        5,
        12,
        3
      ],
      "2022-11": [
        112,
        15,
        14,
        9,
        5,
        12,
        13,
        1,
        11,
        5,
        3,
        5,
        7,
        9
      ],
      "2022-12": [
        89,
        15,
        15,
        7,
        4,
        7,
        9,
        4,
        17,
        7,
        4,
        7,
        11,
        5
      ],
      "2023-01": [
        93,
        16,
        12,
        9,
        7,
        10,
        11,
        7,
        11,
        7,
        3,
        7,
        8,
        7
      ],
      "2023-02": [
        118,
        15,
        9,
        10,
        7,
        10,
        11,
        5,
        16,
        6,
        2,
        8,
        9,
        5
      ],
      "2023-03": [
        128,
        22,
        19,
        12,
        7,
        18,
        15,
        7,
        18,
        10,
        3,
        11,
        10,
        9
      ],
      "2023-04": [
        91,
        26,
        9,
        17,
        4,
        11,
        14,
        1,
        20,
        7,
        2,
        9,
        9,
        5
      ],
      "2023-05": [
        129,
        13,
        12,
        9,
        7,
        11,
        13,
        2,
        13,
        11,
        3,
        9,
        6,
        2
      ],
      "2023-06": [
        106,
        11,
        10,
        5,
        8,
        11,
        15,
        13,
        15,
        14,
        5,
        9,
        9,
        7
      ],
      "2023-07": [
        117,
        18,
        14,
        19,
        2,
        13,
        10,
        4,
        11,
        2,
        5,
        8,
        8,
        4
      ],
      "2023-08": [
        109,
        16,
        13,
        15,
        7,
        9,
        10,
        6,
        18,
        6,
        4,
        5,
        7,
        5
      ],
      "2023-09": [
        126,
        22,
        12,
        16,
        13,
        9,
        12,
        4,
        11,
        11,
        3,
        6,
        5,
        4
      ],
      "2023-10": [
        121,
        19,
        15,
        14,
        9,
        14,
        14,
        5,
        14,
        7,
        3,
        4,
        11,
        8
      ],
      "2023-11": [
        112,
        18,
        15,
        13,
        10,
        14,
        20,
        5,
        9,
        5,
        5,
        8,
        6,
        3
      ],
      "2023-12": [
        115,
        21,
        18,
        13,
        4,
        13,
        18,
        7,
        18,
        7,
        9,
        5,
        10,
        4
      ],
      "2024-01": [
        127,
        15,
        13,
        15,
        6,
        17,
        12,
        5,
        19,
        7,
        1,
        10,
        4,
        6
      ],
      "2024-02": [
        119,
        11,
        12,
        21,
        5,
        9,
        10,
        5,
        16,
        6,
        6,
        6,
        10,
        5
      ],
      "2024-03": [
        152,
        23,
        8,
        13,
        7,
        14,
        16,
        7,
        16,
        11,
        3,
        6,
        3,
        10
      ],
      "2024-04": [
        100,
        14,
        10,
        10,
        7,
        6,
        6,
        2,
        13,
        9,
        3,
        11,
        8,
        5
      ],
      "2024-05": [
        128,
        16,
        15,
        22,
        5,
        16,
        10,
        7,
        17,
        5,
        4,
        10,
        11,
        11
      ],
      "2024-06": [
        116,
        6,
        17,
        16,
        7,
        7,
        8,
        5,
        13,
        3,
        5,
        10,
        9,
        5
      ],
      "2024-07": [
        120,
        23,
        18,
        13,
        10,
        11,
        20,
        3,
        10,
        6,
        3,
        5,
        11,
        7
      ],
      "2024-08": [
        112,
        19,
        8,
        12,
        9,
        10,
        15,
        3,
        16,
        8,
        3,
        7,
        3,
        5
      ],
      "2024-09": [
        135,
        15,
        20,
        15,
        10,
        10,
        19,
        1,
        15,
        6,
        1,
        4,
        5,
        5
      ],
      "2024-10": [
        152,
        22,
        20,
        18,
        8,
        18,
        15,
        6,
        25,
        4,
        7,
        5,
        11,
        11
      ],
      "2024-11": [
        131,
        23,
        22,
        21,
        3,
        8,
        20,
        3,
        19,
        7,
        2,
        5,
        9,
        2
      ],
      "2024-12": [
        141,
        16,
        7,
        9,
        3,
        12,
        10,
        2,
        11,
        9,
        3,
        8,
        11,
        12
      ],
      "2025-01": [
        122,
        15,
        10,
        9,
        2,
        14,
        10,
        9,
        15,
        6,
        8,
        4,
        8,
        4
      ],
      "2025-02": [
        97,
        12,
        11,
        9,
        8,
        10,
        7,
        5,
        16,
        4,
        5,
        5,
        4,
        8
      ],
      "2025-03": [
        119,
        13,
        13,
        16,
        10,
        10,
        14,
        5,
        14,
        10,
        5,
        4,
        13,
        4
      ],
      "2025-04": [
        146,
        15,
        17,
        10,
        6,
        12,
        11,
        11,
        10,
        6,
        4,
        1,
        8,
        9
      ],
      "2025-05": [
        135,
        20,
        11,
        13,
        6,
        9,
        5,
        7,
        11,
        10,
        0,
        4,
        8,
        3
      ],
      "2025-06": [
        104,
        22,
        12,
        10,
        4,
        8,
        8,
        5,
        14,
        9,
        3,
        3,
        8,
        7
      ],
      "2025-07": [
        130,
        26,
        23,
        10,
        12,
        7,
        9,
        6,
        18,
        9,
        6,
        7,
        11,
        2
      ],
      "2025-08": [
        128,
        21,
        11,
        7,
        6,
        9,
        9,
        2,
        14,
        10,
        4,
        6,
        13,
        5
      ],
      "2025-09": [
        62,
        15,
        12,
        5,
        1,
        8,
        4,
        3,
        7,
        4,
        4,
        4,
        7,
        3
      ]
    },
    "papers": {
      "0": [
        {
          "title": "On preimages question",
          "year": "2023-11",
          "abstract": "For a surjective self-morphism on a projective variety defined over a number\nfield, we study the preimages question, which asks if the set of rational\npoints on the iterated preimages of an invariant closed subscheme eventually\nstabilize. We prove the answer is positive for self-morphisms on $\\mathbb{P}^1\n\\times \\mathbb{P}^1$. We also prove that the answer is positive even if we\nallow finite extension of the number field by a bounded degree if the morphism\nis \\'etale or the invariant subscheme is $0$-dimensional. We prove certain\nuniformity of the stabilization for self-morphisms on abelian varieties. When\nthe subscheme is not invariant, we provide counterexamples and a result in a\npositive direction for products of polynomial maps on $\\mathbb{P}^1 \\times\n\\mathbb{P}^1$.",
          "arxiv_id": "2311.02906v1"
        },
        {
          "title": "Khintchine-type double recurrence in abelian groups",
          "year": "2023-07",
          "abstract": "We prove a Khintchine-type recurrence theorem for pairs of endomorphisms of a\ncountable discrete abelian group. As a special case of the main result, if\n$\\Gamma$ is a countable discrete abelian group, $\\varphi, \\psi \\in\nEnd(\\Gamma)$, and $\\psi - \\varphi$ is an injective endomorphism with finite\nindex image, then for any ergodic measure-preserving $\\Gamma$-system $\\left( X,\n\\mathcal{X}, \\mu, (T_g)_{g \\in \\Gamma} \\right)$, any measurable set $A \\in\n\\mathcal{X}$, and any $\\varepsilon > 0$, the set of $g \\in \\Gamma$ for which\n$$\\mu \\left( A \\cap T_{\\varphi(g)}^{-1} A \\cap T_{\\psi(g)}^{-1} A \\right) >\n\\mu(A)^3 - \\varepsilon$$ is syndetic. This generalizes the main results of\n(Ackelsberg--Bergelson--Shalom, 2022) and essentially answers a question left\nopen in that paper (Question 1.12).\n  For the group $\\Gamma = \\mathbb{Z}^d$, we deduce that for any matrices $M_1,\nM_2 \\in M_{d \\times d}(\\mathbb{Z})$ whose difference $M_2 - M_1$ is\nnonsingular, any ergodic measure-preserving $\\mathbb{Z}^d$-system $\\left( X,\n\\mathcal{X}, \\mu, (T_{\\vec{n}})_{\\vec{n} \\in \\mathbb{Z}^d} \\right)$, any\nmeasurable set $A \\in \\mathcal{X}$, and any $\\varepsilon > 0$, the set of\n$\\vec{n} \\in \\mathbb{Z}^d$ for which $$\\mu \\left( A \\cap T_{M_1 \\vec{n}}^{-1} A\n\\cap T_{M_2 \\vec{n}}^{-1} A \\right) > \\mu(A)^3 - \\varepsilon$$ is syndetic, a\nresult that was previously known only in the case $d = 2$.\n  The key ingredients in the proof are: (1) a recent result obtained jointly\nwith Bergelson and Shalom that says that the relevant ergodic averages are\ncontrolled by a characteristic factor closely related to the quasi-affine (or\nConze--Lesigne) factor; (2) an extension trick to reduce to systems with\nwell-behaved (with respect to $\\varphi$ and $\\psi$) discrete spectrum; and (3)\na description of Mackey groups associated to quasi-affine cocycles over\nrotational systems with well-behaved discrete spectrum.",
          "arxiv_id": "2307.04698v2"
        },
        {
          "title": "Unitary Representations of the Isometry Groups of Urysohn Spaces",
          "year": "2024-10",
          "abstract": "We obtain a complete classification of the continuous unitary representations\nof the isometry group of the rational Urysohn space $\\mathbb{Q}\\mathbb{U}$. As\na consequence, we show that Isom$(\\mathbb{Q}\\mathbb{U})$ has property (T). We\nalso derive several ergodic theoretic consequences from this classification:\n$(i)$ every probability measure-preserving action of\nIsom$(\\mathbb{Q}\\mathbb{U})$ is either essentially free or essentially\ntransitive, $(ii)$ every ergodic Isom$(\\mathbb{Q}\\mathbb{U})$-invariant\nprobability measure on $[0,1]^{\\mathbb{Q}\\mathbb{U}}$ is a product measure. We\nobtain the same results for isometry groups of variations of\n$\\mathbb{Q}\\mathbb{U}$, such as the rational Urysohn sphere\n$\\mathbb{Q}\\mathbb{U}_1$, the integral Urysohn space $\\mathbb{Z}\\mathbb{U}$,\netc.",
          "arxiv_id": "2410.01725v1"
        }
      ],
      "1": [
        {
          "title": "Neural ODEs with Irregular and Noisy Data",
          "year": "2022-05",
          "abstract": "Measurement noise is an integral part while collecting data of a physical\nprocess. Thus, noise removal is necessary to draw conclusions from these data,\nand it often becomes essential to construct dynamical models using these data.\nWe discuss a methodology to learn differential equation(s) using noisy and\nirregular sampled measurements. In our methodology, the main innovation can be\nseen in the integration of deep neural networks with the neural ordinary\ndifferential equations (ODEs) approach. Precisely, we aim at learning a neural\nnetwork that provides (approximately) an implicit representation of the data\nand an additional neural network that models the vector fields of the dependent\nvariables. We combine these two networks by constraining using neural ODEs. The\nproposed framework to learn a model describing the vector field is highly\neffective under noisy measurements. The approach can handle scenarios where\ndependent variables are not available at the same temporal grid. Moreover, a\nparticular structure, e.g., second-order with respect to time, can easily be\nincorporated. We demonstrate the effectiveness of the proposed method for\nlearning models using data obtained from various differential equations and\npresent a comparison with the neural ODE method that does not make any special\ntreatment to noise.",
          "arxiv_id": "2205.09479v1"
        },
        {
          "title": "Modern Koopman Theory for Dynamical Systems",
          "year": "2021-02",
          "abstract": "The field of dynamical systems is being transformed by the mathematical tools\nand algorithms emerging from modern computing and data science.\nFirst-principles derivations and asymptotic reductions are giving way to\ndata-driven approaches that formulate models in operator theoretic or\nprobabilistic frameworks. Koopman spectral theory has emerged as a dominant\nperspective over the past decade, in which nonlinear dynamics are represented\nin terms of an infinite-dimensional linear operator acting on the space of all\npossible measurement functions of the system. This linear representation of\nnonlinear dynamics has tremendous potential to enable the prediction,\nestimation, and control of nonlinear systems with standard textbook methods\ndeveloped for linear systems. However, obtaining finite-dimensional coordinate\nsystems and embeddings in which the dynamics appear approximately linear\nremains a central open challenge. The success of Koopman analysis is due\nprimarily to three key factors: 1) there exists rigorous theory connecting it\nto classical geometric approaches for dynamical systems, 2) the approach is\nformulated in terms of measurements, making it ideal for leveraging big-data\nand machine learning techniques, and 3) simple, yet powerful numerical\nalgorithms, such as the dynamic mode decomposition (DMD), have been developed\nand extended to reduce Koopman theory to practice in real-world applications.\nIn this review, we provide an overview of modern Koopman operator theory,\ndescribing recent theoretical and algorithmic developments and highlighting\nthese methods with a diverse range of applications. We also discuss key\nadvances and challenges in the rapidly growing field of machine learning that\nare likely to drive future developments and significantly transform the\ntheoretical landscape of dynamical systems.",
          "arxiv_id": "2102.12086v2"
        },
        {
          "title": "On Few Shot Learning of Dynamical Systems: A Koopman Operator Theoretic Approach",
          "year": "2021-03",
