{
  "topics": {
    "data": {
      "0": {
        "name": "0_optical_integrated_photonic_frequency",
        "keywords": [
          [
            "optical",
            0.02291999438557938
          ],
          [
            "integrated",
            0.01944208914692859
          ],
          [
            "photonic",
            0.01904281935237837
          ],
          [
            "frequency",
            0.01804855432741163
          ],
          [
            "high",
            0.014796343453928568
          ],
          [
            "silicon",
            0.013831420841801466
          ],
          [
            "laser",
            0.013192663870288257
          ],
          [
            "chip",
            0.0126676382881462
          ],
          [
            "dB",
            0.01253623394916159
          ],
          [
            "low",
            0.012508963846898792
          ]
        ],
        "count": 1045
      },
      "1": {
        "name": "1_optical_light_metasurfaces_design",
        "keywords": [
          [
            "optical",
            0.018200389560311003
          ],
          [
            "light",
            0.013911586038834382
          ],
          [
            "metasurfaces",
            0.012649356410032451
          ],
          [
            "design",
            0.010593258887149957
          ],
          [
            "plasmonic",
            0.010310684982056503
          ],
          [
            "high",
            0.009473479042049284
          ],
          [
            "applications",
            0.009252375719902485
          ],
          [
            "metasurface",
            0.008980878578179134
          ],
          [
            "thermal",
            0.008931450523603937
          ],
          [
            "field",
            0.00870073403353175
          ]
        ],
        "count": 950
      },
      "2": {
        "name": "2_spin_magnetic_field_magnetization",
        "keywords": [
          [
            "spin",
            0.04447629289905674
          ],
          [
            "magnetic",
            0.03683633674801916
          ],
          [
            "field",
            0.014841597004670767
          ],
          [
            "magnetization",
            0.014831293932570573
          ],
          [
            "switching",
            0.013348021460236833
          ],
          [
            "ferromagnetic",
            0.012011851165732347
          ],
          [
            "current",
            0.011809323643317661
          ],
          [
            "Hall",
            0.011686461875749184
          ],
          [
            "effect",
            0.011478294501144843
          ],
          [
            "temperature",
            0.010760084982047228
          ]
        ],
        "count": 914
      },
      "3": {
        "name": "3_solar_perovskite_cells_solar cells",
        "keywords": [
          [
            "solar",
            0.03439935821415156
          ],
          [
            "perovskite",
            0.025543736281273155
          ],
          [
            "cells",
            0.02173036364596577
          ],
          [
            "solar cells",
            0.020677330322297887
          ],
          [
            "efficiency",
            0.016095056893163318
          ],
          [
            "cell",
            0.013244650356231678
          ],
          [
            "performance",
            0.012014474764979792
          ],
          [
            "halide",
            0.011676390879056477
          ],
          [
            "energy",
            0.011421939901365278
          ],
          [
            "perovskites",
            0.011296856094336899
          ]
        ],
        "count": 883
      },
      "4": {
        "name": "4_GaN_high_2D_thermal",
        "keywords": [
          [
            "GaN",
            0.016354712303039334
          ],
          [
            "high",
            0.01396527357009686
          ],
          [
            "2D",
            0.011932630846383015
          ],
          [
            "thermal",
            0.011532326149828307
          ],
          [
            "devices",
            0.010519397648784037
          ],
          [
            "temperature",
            0.010240318323638609
          ],
          [
            "growth",
            0.00998233725136621
          ],
          [
            "current",
            0.009485757951285211
          ],
          [
            "transistors",
            0.009406775679683356
          ],
          [
            "Si",
            0.009280786984672
          ]
        ],
        "count": 882
      },
      "5": {
        "name": "5_electron_laser_ray_plasma",
        "keywords": [
          [
            "electron",
            0.019623185841748023
          ],
          [
            "laser",
            0.018572523139737885
          ],
          [
            "ray",
            0.01827660948792914
          ],
          [
            "plasma",
            0.01429364426701822
          ],
          [
            "beam",
            0.013562510901420006
          ],
          [
            "energy",
            0.012337898152039067
          ],
          [
            "high",
            0.01172589890812886
          ],
          [
            "imaging",
            0.01113698564709627
          ],
          [
            "resolution",
            0.009052560301247972
          ],
          [
            "pulse",
            0.008838031325636115
          ]
        ],
        "count": 807
      },
      "6": {
        "name": "6_quantum_qubit_qubits_photon",
        "keywords": [
          [
            "quantum",
            0.04460428288558161
          ],
          [
            "qubit",
            0.014679263265692438
          ],
          [
            "qubits",
            0.012994367184182419
          ],
          [
            "photon",
            0.011922183816093999
          ],
          [
            "Josephson",
            0.010632632712185838
          ],
          [
            "high",
            0.010624138767673113
          ],
          [
            "circuits",
            0.009894825295749704
          ],
          [
            "microwave",
            0.009828054499160216
          ],
          [
            "single",
            0.009523294970448331
          ],
          [
            "noise",
            0.009464702450284706
          ]
        ],
        "count": 635
      },
      "7": {
        "name": "7_graphene_battery_electrode_electrochemical",
        "keywords": [
          [
            "graphene",
            0.023149231099013175
          ],
          [
            "battery",
            0.012969864849798382
          ],
          [
            "electrode",
            0.012683416070591855
          ],
          [
            "electrochemical",
            0.012462667447916603
          ],
          [
            "ion",
            0.012371597101941136
          ],
          [
            "high",
            0.012069056641997615
          ],
          [
            "batteries",
            0.011984785746020184
          ],
          [
            "lithium",
            0.01081362418659272
          ],
          [
            "materials",
            0.010451481700735142
          ],
          [
            "carbon",
            0.010291285292923138
          ]
        ],
        "count": 588
      },
      "8": {
        "name": "8_diamond_quantum_NV_magnetic",
        "keywords": [
          [
            "diamond",
            0.03143902420453282
          ],
          [
            "quantum",
            0.029162877957599205
          ],
          [
            "NV",
            0.02632854842678052
          ],
          [
            "magnetic",
            0.02403142923693124
          ],
          [
            "centers",
            0.02084946400811927
          ],
          [
            "field",
            0.017039864022991544
          ],
          [
            "vacancy",
            0.01566511471784196
          ],
          [
            "spin",
            0.01544574963354522
          ],
          [
            "nitrogen",
            0.014313634816649672
          ],
          [
            "magnetic field",
            0.014062222383053226
          ]
        ],
        "count": 551
      },
      "9": {
        "name": "9_antenna_metasurface_wave_time",
        "keywords": [
          [
            "antenna",
            0.02119058788309918
          ],
          [
            "metasurface",
            0.020279433690734115
          ],
          [
            "wave",
            0.019426823166765722
          ],
          [
            "time",
            0.018719985517551597
          ],
          [
            "design",
            0.015045428222057728
          ],
          [
            "metasurfaces",
            0.014966554239837776
          ],
          [
            "electromagnetic",
            0.014899322161148598
          ],
          [
            "frequency",
            0.013186453747822898
          ],
          [
            "waves",
            0.012059970152704682
          ],
          [
            "antennas",
            0.010475133401196546
          ]
        ],
        "count": 545
      },
      "10": {
        "name": "10_computing_neural_neuromorphic_devices",
        "keywords": [
          [
            "computing",
            0.025936078170718784
          ],
          [
            "neural",
            0.01939306283332318
          ],
          [
            "neuromorphic",
            0.018267053428224125
          ],
          [
            "devices",
            0.017356092474028993
          ],
          [
            "switching",
            0.016604169068918977
          ],
          [
            "memory",
            0.015031187845730305
          ],
          [
            "device",
            0.01357605247354763
          ],
          [
            "networks",
            0.01301008408358072
          ],
          [
            "hardware",
            0.012618595218580985
          ],
          [
            "network",
            0.012032368931756531
          ]
        ],
        "count": 412
      },
      "11": {
        "name": "11_resonators_acoustic_frequency_mechanical",
        "keywords": [
          [
            "resonators",
            0.024028003552032776
          ],
          [
            "acoustic",
            0.02095024919256252
          ],
          [
            "frequency",
            0.01988436717662217
          ],
          [
            "mechanical",
            0.0170815547374142
          ],
          [
            "resonator",
            0.0157346004618283
          ],
          [
            "nanomechanical",
            0.013658804332547438
          ],
          [
            "mode",
            0.012478251868485599
          ],
          [
            "modes",
            0.012074302280013416
          ],
          [
            "high",
            0.012063268432008148
          ],
          [
            "piezoelectric",
            0.011245818677539035
          ]
        ],
        "count": 400
      },
      "12": {
        "name": "12_fracture_crack_stress_failure",
        "keywords": [
          [
            "fracture",
            0.025153601989446904
          ],
          [
            "crack",
            0.017724995792445273
          ],
          [
            "stress",
            0.017182331291374274
          ],
          [
            "failure",
            0.014899576473122216
          ],
          [
            "model",
            0.014579048999436971
          ],
          [
            "materials",
            0.014477985733334987
          ],
          [
            "mechanical",
            0.01276354565001015
          ],
          [
            "strain",
            0.012319689060279783
          ],
          [
            "structures",
            0.012005445186159699
          ],
          [
            "material",
            0.01185930436046345
          ]
        ],
        "count": 314
      },
      "13": {
        "name": "13_topological_states_Hermitian_edge",
        "keywords": [
          [
            "topological",
            0.08515354085363552
          ],
          [
            "states",
            0.032059690132779727
          ],
          [
            "Hermitian",
            0.029768041745783128
          ],
          [
            "edge",
            0.025932697319893595
          ],
          [
            "non",
            0.023786286629246825
          ],
          [
            "systems",
            0.019094296340214926
          ],
          [
            "dimensional",
            0.01634674406841193
          ],
          [
            "photonic",
            0.01626686038625766
          ],
          [
            "Topological",
            0.015791370080765945
          ],
          [
            "acoustic",
            0.014511439947052202
          ]
        ],
        "count": 243
      },
      "14": {
        "name": "14_acoustic_metamaterials_sound_frequency",
        "keywords": [
          [
            "acoustic",
            0.026968323631639268
          ],
          [
            "metamaterials",
            0.02409412382509693
          ],
          [
            "sound",
            0.021225662633698766
          ],
          [
            "frequency",
            0.020965438382875852
          ],
          [
            "wave",
            0.019410164009127217
          ],
          [
            "elastic",
            0.01821818554798178
          ],
          [
            "metamaterial",
            0.01556406187268336
          ],
          [
            "waves",
            0.015199867069515314
          ],
          [
            "band",
            0.013981056073561125
          ],
          [
            "design",
            0.013922558673760466
          ]
        ],
        "count": 203
      },
      "15": {
        "name": "15_networks_network_data_model",
        "keywords": [
          [
            "networks",
            0.025553298400062735
          ],
          [
            "network",
            0.02548090174895445
          ],
          [
            "data",
            0.02101015009938469
          ],
          [
            "model",
            0.01966353416727704
          ],
          [
            "systems",
            0.016481745769852316
          ],
          [
            "models",
            0.016039322549711188
          ],
          [
            "learning",
            0.014162249147393861
          ],
          [
            "dynamics",
            0.01202482675351276
          ],
          [
            "time",
            0.011632390177416355
          ],
          [
            "training",
            0.010397515556960677
          ]
        ],
        "count": 199
      },
      "16": {
        "name": "16_ferroelectric_polarization_domain_films",
        "keywords": [
          [
            "ferroelectric",
            0.06185939381786472
          ],
          [
            "polarization",
            0.02318078970174344
          ],
          [
            "domain",
            0.020665730529401384
          ],
          [
            "films",
            0.015862269563069922
          ],
          [
            "memory",
            0.01585991512876091
          ],
          [
            "switching",
            0.014826453543004285
          ],
          [
            "Ferroelectric",
            0.014096735422194733
          ],
          [
            "devices",
            0.013036009680129093
          ],
          [
            "field",
            0.01288305010393433
          ],
          [
            "ferroelectricity",
            0.012833149525382297
          ]
        ],
        "count": 154
      },
      "17": {
        "name": "17_liquid_droplet_surface_water",
        "keywords": [
          [
            "liquid",
            0.0290915897286029
          ],
          [
            "droplet",
            0.028892999580726882
          ],
          [
            "surface",
            0.026886059044993957
          ],
          [
            "water",
            0.026311876792224853
          ],
          [
            "surfaces",
            0.022164133332225073
          ],
          [
            "flow",
            0.019517059316570107
          ],
          [
            "heat",
            0.018866960695563522
          ],
          [
            "droplets",
            0.018243392634566563
          ],
          [
            "ice",
            0.01716395058816596
          ],
          [
            "boiling",
            0.016593159605216998
          ]
        ],
        "count": 149
      }
    },
    "correlations": [
      [
        1.0,
        -0.5627811303317041,
        -0.7470078673009408,
        -0.7575276699459064,
        -0.7574559169999973,
        -0.7375178764054001,
        -0.7171908487888886,
        -0.7493326247462437,
        -0.7460580281735587,
        -0.7205479558743955,
        -0.718192328227381,
        -0.6383199405828912,
        -0.7548577311608329,
        -0.7451002655684871,
        -0.6672641454831713,
        -0.7432576429381406,
        -0.748229936862425,
        -0.7522698382855777
      ],
      [
        -0.5627811303317041,
        1.0,
        -0.7507423344110399,
        -0.7490620211627945,
        -0.7530400306340952,
        -0.7431315940125958,
        -0.7502498487918885,
        -0.7497827803612971,
        -0.753223792261231,
        -0.7331578671889409,
        -0.7404039939424382,
        -0.7494604493010766,
        -0.7552703946030122,
        -0.7513637446272579,
        -0.7484943048792534,
        -0.749633463127065,
        -0.7550561833955218,
        -0.7408245374660829
      ],
      [
        -0.7470078673009408,
        -0.7507423344110399,
        1.0,
        -0.7552935522407028,
        -0.7536919784251481,
        -0.735779188886801,
        -0.711780686996935,
        -0.7508383040947874,
        -0.4733190690876895,
        -0.739704456011965,
        -0.7162815287348538,
        -0.7352490390500993,
        -0.7530148776869329,
        -0.7024315553025615,
        -0.7400805092433418,
        -0.7460353604181256,
        -0.7426818608206256,
        -0.7450935039152202
      ],
      [
        -0.7575276699459064,
        -0.7490620211627945,
        -0.7552935522407028,
        1.0,
        -0.7595395093172892,
        -0.7463233844277488,
        -0.7494186352427487,
        -0.7501371972910421,
        -0.7595377453047627,
        -0.7462582143946553,
        -0.7409104270617753,
        -0.7616559879778972,
        -0.7560554947314027,
        -0.7598458820149441,
        -0.7578821802478688,
        -0.7516192312371358,
        -0.7557985234126869,
        -0.7417290471886563
      ],
      [
        -0.7574559169999973,
        -0.7530400306340952,
        -0.7536919784251481,
        -0.7595395093172892,
        1.0,
        -0.754493203845346,
        -0.7574078164764526,
        -0.7610899486317781,
        -0.7535150789499894,
        -0.7593959813808258,
        -0.7487798363107827,
        -0.7610910095700929,
        -0.7584883878360149,
        -0.7606681392539467,
        -0.7614697599041786,
        -0.7620285261759301,
        -0.7585217133899604,
        -0.7518228132453778
      ],
      [
        -0.7375178764054001,
        -0.7431315940125958,
        -0.735779188886801,
        -0.7463233844277488,
        -0.754493203845346,
        1.0,
        -0.7408696384982094,
        -0.6402059505039431,
        -0.7424805890793182,
        -0.6674234865919684,
        -0.7462676364138747,
        -0.7484005146418404,
        -0.624983955989346,
        -0.7537373282292024,
        -0.7494808580423813,
        -0.7320231388645855,
        -0.7538888640875674,
        -0.7324707925054313
      ],
      [
        -0.7171908487888886,
        -0.7502498487918885,
        -0.711780686996935,
        -0.7494186352427487,
        -0.7574078164764526,
        -0.7408696384982094,
        1.0,
        -0.7530839471006273,
        -0.6026457834360339,
        -0.7367370986621957,
        -0.7278950081355453,
        -0.7192334597074205,
        -0.7534221785113875,
        -0.7259139445053409,
        -0.7463236075597892,
        -0.7474549115188748,
        -0.754217831880982,
        -0.7461411438111759
      ],
      [
        -0.7493326247462437,
        -0.7497827803612971,
        -0.7508383040947874,
        -0.7501371972910421,
        -0.7610899486317781,
        -0.6402059505039431,
        -0.7530839471006273,
        1.0,
        -0.7573734387645875,
        -0.6664561331757055,
        -0.7411067985889415,
        -0.7536993664673259,
        -0.6047462163072566,
        -0.7519296831345572,
        -0.7535896877447247,
        -0.7397946800892166,
        -0.7576622709727061,
        -0.7307663856760117
      ],
      [
        -0.7460580281735587,
        -0.753223792261231,
        -0.4733190690876895,
        -0.7595377453047627,
        -0.7535150789499894,
        -0.7424805890793182,
        -0.6026457834360339,
        -0.7573734387645875,
        1.0,
        -0.7504397268919552,
        -0.7481739088132836,
        -0.743059133580138,
        -0.7536380923313759,
        -0.7487842787747032,
        -0.7499323489898373,
        -0.7556456440622019,
        -0.7582394300695969,
        -0.7482293873783923
      ],
      [
        -0.7205479558743955,
        -0.7331578671889409,
        -0.739704456011965,
        -0.7462582143946553,
        -0.7593959813808258,
        -0.6674234865919684,
        -0.7367370986621957,
        -0.6664561331757055,
        -0.7504397268919552,
        1.0,
        -0.7289495405690869,
        -0.726602619140795,
        -0.6500440567257628,
        -0.7454459278325439,
        -0.688133885357643,
        -0.7240100319024474,
        -0.7516657507257023,
        -0.7262179501314776
      ],
      [
        -0.718192328227381,
        -0.7404039939424382,
        -0.7162815287348538,
        -0.7409104270617753,
        -0.7487798363107827,
        -0.7462676364138747,
        -0.7278950081355453,
        -0.7411067985889415,
        -0.7481739088132836,
        -0.7289495405690869,
        1.0,
        -0.7435730581034887,
        -0.7516539747703244,
        -0.7423664653877535,
        -0.7496989430819488,
        -0.6074538202456535,
        -0.7322423962892354,
        -0.7507661744163819
      ],
      [
        -0.6383199405828912,
        -0.7494604493010766,
        -0.7352490390500993,
        -0.7616559879778972,
        -0.7610910095700929,
        -0.7484005146418404,
        -0.7192334597074205,
        -0.7536993664673259,
        -0.743059133580138,
        -0.726602619140795,
        -0.7435730581034887,
        1.0,
        -0.7499949786159186,
        -0.7357240907492736,
        -0.47185160679504934,
        -0.749436471698812,
        -0.7559876353483429,
        -0.7440493066456418
      ],
      [
        -0.7548577311608329,
        -0.7552703946030122,
        -0.7530148776869329,
        -0.7560554947314027,
        -0.7584883878360149,
        -0.624983955989346,
        -0.7534221785113875,
        -0.6047462163072566,
        -0.7536380923313759,
        -0.6500440567257628,
        -0.7516539747703244,
        -0.7499949786159186,
        1.0,
        -0.756617367093054,
        -0.7405254819643112,
        -0.7214508814988948,
        -0.7571935650240611,
        -0.7427272312413526
      ],
      [
        -0.7451002655684871,
        -0.7513637446272579,
        -0.7024315553025615,
        -0.7598458820149441,
        -0.7606681392539467,
        -0.7537373282292024,
        -0.7259139445053409,
        -0.7519296831345572,
        -0.7487842787747032,
        -0.7454459278325439,
        -0.7423664653877535,
        -0.7357240907492736,
        -0.756617367093054,
        1.0,
        -0.7221007641911408,
        -0.7486385313466142,
        -0.7518688527611295,
        -0.7509381791877798
      ],
      [
        -0.6672641454831713,
        -0.7484943048792534,
        -0.7400805092433418,
        -0.7578821802478688,
        -0.7614697599041786,
        -0.7494808580423813,
        -0.7463236075597892,
        -0.7535896877447247,
        -0.7499323489898373,
        -0.688133885357643,
        -0.7496989430819488,
        -0.47185160679504934,
        -0.7405254819643112,
        -0.7221007641911408,
        1.0,
        -0.7381462168126098,
        -0.7537792007179757,
        -0.7400072040881538
      ],
      [
        -0.7432576429381406,
        -0.749633463127065,
        -0.7460353604181256,
        -0.7516192312371358,
        -0.7620285261759301,
        -0.7320231388645855,
        -0.7474549115188748,
        -0.7397946800892166,
        -0.7556456440622019,
        -0.7240100319024474,
        -0.6074538202456535,
        -0.749436471698812,
        -0.7214508814988948,
        -0.7486385313466142,
        -0.7381462168126098,
        1.0,
        -0.7572998005580911,
        -0.7290274621292847
      ],
      [
        -0.748229936862425,
        -0.7550561833955218,
        -0.7426818608206256,
        -0.7557985234126869,
        -0.7585217133899604,
        -0.7538888640875674,
        -0.754217831880982,
        -0.7576622709727061,
        -0.7582394300695969,
        -0.7516657507257023,
        -0.7322423962892354,
        -0.7559876353483429,
        -0.7571935650240611,
        -0.7518688527611295,
        -0.7537792007179757,
        -0.7572998005580911,
        1.0,
        -0.7529612592797907
      ],
      [
        -0.7522698382855777,
        -0.7408245374660829,
        -0.7450935039152202,
        -0.7417290471886563,
        -0.7518228132453778,
        -0.7324707925054313,
        -0.7461411438111759,
        -0.7307663856760117,
        -0.7482293873783923,
        -0.7262179501314776,
        -0.7507661744163819,
        -0.7440493066456418,
        -0.7427272312413526,
        -0.7509381791877798,
        -0.7400072040881538,
        -0.7290274621292847,
        -0.7529612592797907,
        1.0
      ]
    ],
    "series": {
      "2020-01": [
        105,
        1,
        24,
        11,
        4,
        10,
        16,
        6,
        4,
        16,
        7,
        5,
        2,
        11,
        6,
        6,
        5,
        18
      ],
      "2020-02": [
        93,
        4,
        13,
        7,
        5,
        7,
        11,
        7,
        6,
        8,
        7,
        7,
        4,
        9,
        5,
        10,
        4,
        14
      ],
      "2020-03": [
        113,
        5,
        21,
        16,
        4,
        5,
        15,
        10,
        9,
        18,
        8,
        7,
        1,
        12,
        5,
        7,
        7,
        14
      ],
      "2020-04": [
        113,
        2,
        27,
        11,
        6,
        12,
        15,
        10,
        10,
        17,
        11,
        12,
        1,
        19,
        2,
        8,
        10,
        17
      ],
      "2020-05": [
        126,
        4,
        19,
        14,
        5,
        11,
        17,
        16,
        9,
        10,
        10,
        7,
        1,
        8,
        7,
        12,
        4,
        14
      ],
      "2020-06": [
        128,
        3,
        27,
        16,
        7,
        11,
        20,
        10,
        13,
        8,
        13,
        6,
        3,
        7,
        3,
        17,
        4,
        19
      ],
      "2020-07": [
        125,
        1,
        19,
        31,
        2,
        15,
        20,
        7,
        6,
        19,
        12,
        8,
        3,
        8,
        15,
        17,
        8,
        25
      ],
      "2020-08": [
        110,
        1,
        18,
        24,
        4,
        7,
        16,
        10,
        5,
        10,
        12,
        7,
        4,
        14,
        6,
        10,
        3,
        18
      ],
      "2020-09": [
        124,
        2,
        21,
        14,
        3,
        13,
        21,
        8,
        6,
        11,
        8,
        10,
        6,
        13,
        9,
        10,
        3,
        20
      ],
      "2020-10": [
        105,
        1,
        15,
        10,
        2,
        7,
        12,
        4,
        8,
        10,
        8,
        3,
        4,
        10,
        2,
        10,
        3,
        7
      ],
      "2020-11": [
        83,
        1,
        24,
        9,
        2,
        13,
        19,
        6,
        7,
        9,
        13,
        6,
        5,
        11,
        9,
        7,
        6,
        14
      ],
      "2020-12": [
        80,
        1,
        14,
        14,
        1,
        7,
        11,
        5,
        2,
        9,
        10,
        9,
        4,
        6,
        5,
        7,
        4,
        7
      ],
      "2021-01": [
        65,
        2,
        15,
        12,
        3,
        8,
        13,
        7,
        8,
        7,
        8,
        4,
        0,
        13,
        7,
        10,
        1,
        9
      ],
      "2021-02": [
        92,
        2,
        12,
        8,
        2,
        5,
        8,
        3,
        6,
        12,
        6,
        4,
        2,
        12,
        6,
        5,
        0,
        17
      ],
      "2021-03": [
        96,
        2,
        17,
        9,
        2,
        13,
        11,
        6,
        6,
        11,
        8,
        10,
        2,
        13,
        5,
        5,
        2,
        22
      ],
      "2021-04": [
        106,
        4,
        21,
        12,
        5,
        9,
        6,
        1,
        0,
        11,
        10,
        4,
        6,
        8,
        2,
        8,
        3,
        4
      ],
      "2021-05": [
        98,
        5,
        14,
        13,
        5,
        11,
        7,
        7,
        4,
        9,
        10,
        3,
        3,
        10,
        6,
        12,
        8,
        9
      ],
      "2021-06": [
        88,
        1,
        17,
        24,
        6,
        5,
        11,
        5,
        3,
        11,
        10,
        5,
        3,
        12,
        4,
        17,
        3,
        11
      ],
      "2021-07": [
        102,
        1,
        14,
        14,
        2,
        7,
        17,
        8,
        3,
        8,
        7,
        7,
        4,
        17,
        7,
        9,
        4,
        13
      ],
      "2021-08": [
        98,
        1,
        15,
        10,
        3,
        6,
        10,
        3,
        3,
        14,
        7,
        7,
        2,
        11,
        7,
        7,
        7,
        15
      ],
      "2021-09": [
        84,
        1,
        16,
        13,
        3,
        10,
        12,
        5,
        4,
        9,
        11,
        6,
        4,
        7,
        1,
        9,
        2,
        9
      ],
      "2021-10": [
        110,
        2,
        16,
        17,
        4,
        10,
        3,
        6,
        3,
        11,
        8,
        6,
        7,
        10,
        9,
        8,
        1,
        13
      ],
      "2021-11": [
        88,
        1,
        29,
        8,
        1,
        7,
        15,
        3,
        8,
        13,
        9,
        1,
        2,
        18,
        4,
        12,
        3,
        11
      ],
      "2021-12": [
        87,
        2,
        11,
        12,
        2,
        7,
        15,
        6,
        5,
        9,
        13,
        6,
        3,
        9,
        2,
        8,
        6,
        8
      ],
      "2022-01": [
        81,
        0,
        15,
        13,
        4,
        5,
        12,
        7,
        4,
        13,
        9,
        5,
        5,
        13,
        6,
        10,
        6,
        11
      ],
      "2022-02": [
        56,
        0,
        13,
        13,
        5,
        5,
        14,
        5,
        4,
        6,
        7,
        7,
        2,
        9,
        5,
        6,
        2,
        12
      ],
      "2022-03": [
        79,
        3,
        18,
        6,
        2,
        3,
        5,
        3,
        8,
        6,
        8,
        6,
        3,
        11,
        8,
        6,
        3,
        8
      ],
      "2022-04": [
        78,
        2,
        7,
        12,
        1,
        8,
        9,
        6,
        5,
        5,
        5,
        5,
        1,
        6,
        7,
        4,
        5,
        8
      ],
      "2022-05": [
        84,
        1,
        14,
        6,
        1,
        6,
        6,
        6,
        6,
        12,
        5,
        6,
        1,
        13,
        9,
        5,
        2,
        6
      ],
      "2022-06": [
        71,
        1,
        19,
        7,
        2,
        6,
        12,
        6,
        6,
        3,
        6,
        6,
        3,
        9,
        5,
        10,
        2,
        10
      ],
      "2022-07": [
        76,
        2,
        17,
        5,
        2,
        3,
        9,
        3,
        8,
        6,
        7,
        4,
        3,
        10,
        3,
        4,
        6,
        6
      ],
      "2022-08": [
        66,
        0,
        11,
        9,
        5,
        7,
        10,
        4,
        9,
        12,
        5,
        4,
        1,
        13,
        4,
        3,
        11,
        5
      ],
      "2022-09": [
        102,
        0,
        15,
        11,
        2,
        8,
        7,
        4,
        7,
        9,
        6,
        3,
        2,
        13,
        6,
        10,
        4,
        11
      ],
      "2022-10": [
        85,
        1,
        13,
        11,
        3,
        6,
        15,
        2,
        2,
        9,
        10,
        13,
        2,
        10,
        6,
        5,
        2,
        10
      ],
      "2022-11": [
        72,
        0,
        22,
        13,
        3,
        5,
        12,
        4,
        3,
        10,
        7,
        6,
        0,
        5,
        8,
        5,
        3,
        9
      ],
      "2022-12": [
        81,
        0,
        13,
        7,
        3,
        6,
        12,
        2,
        4,
        5,
        10,
        6,
        3,
        10,
        4,
        2,
        6,
        12
      ],
      "2023-01": [
        73,
        0,
        15,
        13,
        1,
        5,
        16,
        2,
        9,
        7,
        14,
        5,
        2,
        7,
        11,
        11,
        4,
        5
      ],
      "2023-02": [
        82,
        2,
        15,
        13,
        3,
        5,
        13,
        2,
        3,
        8,
        4,
        3,
        4,
        8,
        5,
        6,
        5,
        12
      ],
      "2023-03": [
        98,
        1,
        16,
        10,
        5,
        6,
        17,
        5,
        6,
        11,
        5,
        9,
        3,
        13,
        5,
        9,
        4,
        8
      ],
      "2023-04": [
        74,
        2,
        22,
        5,
        2,
        5,
        12,
        1,
        4,
        5,
        10,
        5,
        2,
        17,
        9,
        5,
        9,
        4
      ],
      "2023-05": [
        85,
        1,
        23,
        10,
        3,
        7,
        17,
        6,
        7,
        10,
        18,
        11,
        4,
        12,
        5,
        7,
        6,
        3
      ],
      "2023-06": [
        96,
        0,
        20,
        15,
        2,
        6,
        22,
        6,
        4,
        10,
        6,
        5,
        1,
        11,
        7,
        6,
        3,
        9
      ],
      "2023-07": [
        94,
        1,
        21,
        10,
        1,
        7,
        10,
        1,
        7,
        10,
        16,
        5,
        2,
        5,
        2,
        4,
        6,
        7
      ],
      "2023-08": [
        92,
        2,
        16,
        6,
        4,
        8,
        9,
        5,
        5,
        9,
        11,
        2,
        1,
        4,
        9,
        6,
        6,
        13
      ],
      "2023-09": [
        95,
        1,
        16,
        8,
        5,
        10,
        14,
        7,
        5,
        9,
        9,
        6,
        3,
        9,
        8,
        9,
        10,
        13
      ],
      "2023-10": [
        96,
        5,
        18,
        9,
        4,
        8,
        26,
        0,
        4,
        10,
        8,
        5,
        0,
        8,
        7,
        4,
        7,
        11
      ],
      "2023-11": [
        101,
        1,
        24,
        8,
        6,
        10,
        8,
        5,
        7,
        12,
        12,
        7,
        4,
        7,
        5,
        8,
        6,
        11
      ],
      "2023-12": [
        100,
        2,
        20,
        9,
        2,
        6,
        10,
        3,
        5,
        11,
        7,
        8,
        3,
        7,
        3,
        11,
        8,
        8
      ],
      "2024-01": [
        112,
        1,
        11,
        12,
        3,
        9,
        18,
        4,
        6,
        14,
        14,
        5,
        2,
        13,
        3,
        12,
        4,
        15
      ],
      "2024-02": [
        116,
        2,
        21,
        15,
        1,
        5,
        25,
        4,
        5,
        12,
        9,
        7,
        3,
        12,
        6,
        11,
        2,
        10
      ],
      "2024-03": [
        103,
        3,
        28,
        10,
        1,
        6,
        17,
        3,
        4,
        11,
        9,
        2,
        7,
        12,
        3,
        7,
        7,
        10
      ],
      "2024-04": [
        87,
        1,
        19,
        19,
        1,
        2,
        11,
        4,
        7,
        5,
        13,
        3,
        1,
        14,
        5,
        14,
        4,
        8
      ],
      "2024-05": [
        75,
        1,
        16,
        6,
        7,
        5,
        15,
        4,
        6,
        9,
        7,
        12,
        2,
        6,
        1,
        10,
        7,
        9
      ],
      "2024-06": [
        96,
        1,
        13,
        13,
        2,
        4,
        16,
        2,
        4,
        10,
        11,
        5,
        6,
        9,
        6,
        4,
        7,
        13
      ],
      "2024-07": [
        102,
        1,
        15,
        10,
        4,
        7,
        13,
        6,
        9,
        10,
        9,
        9,
        1,
        6,
        5,
        5,
        10,
        5
      ],
      "2024-08": [
        99,
        2,
        20,
        6,
        4,
        5,
        18,
        3,
        6,
        6,
        15,
        7,
        2,
        14,
        3,
        9,
        5,
        5
      ],
      "2024-09": [
        115,
        0,
        17,
        12,
        3,
        4,
        14,
        1,
        9,
        10,
        19,
        6,
        4,
        13,
        9,
        10,
        5,
        17
      ],
      "2024-10": [
        109,
        2,
        27,
        10,
        1,
        9,
        17,
        9,
        7,
        11,
        7,
        8,
        4,
        14,
        8,
        7,
        7,
        8
      ],
      "2024-11": [
        88,
        1,
        19,
        11,
        3,
        8,
        15,
        5,
        5,
        8,
        12,
        7,
        2,
        14,
