{
  "topics": {
    "data": {
      "0": {
        "name": "0_distribution_test_distributions_tests",
        "keywords": [
          [
            "distribution",
            0.01760187575371777
          ],
          [
            "test",
            0.014972882663922816
          ],
          [
            "distributions",
            0.013464487162715484
          ],
          [
            "tests",
            0.012029373233047487
          ],
          [
            "data",
            0.011578270884571586
          ],
          [
            "multivariate",
            0.010312653897686068
          ],
          [
            "model",
            0.010116458491545377
          ],
          [
            "dependence",
            0.010022282574178651
          ],
          [
            "testing",
            0.009308025205794263
          ],
          [
            "statistics",
            0.008711569962502426
          ]
        ],
        "count": 1301
      },
      "1": {
        "name": "1_treatment_causal_effect_effects",
        "keywords": [
          [
            "treatment",
            0.038569501065539843
          ],
          [
            "causal",
            0.02403428852113061
          ],
          [
            "effect",
            0.023891565256976395
          ],
          [
            "effects",
            0.020851239890111003
          ],
          [
            "outcome",
            0.01564678537921745
          ],
          [
            "inference",
            0.01450104196245555
          ],
          [
            "treatment effect",
            0.013975294455067209
          ],
          [
            "estimators",
            0.013382715802865158
          ],
          [
            "estimator",
            0.012738615037204637
          ],
          [
            "data",
            0.01216976000538226
          ]
        ],
        "count": 636
      },
      "2": {
        "name": "2_Gaussian_kernel_regression_inverse",
        "keywords": [
          [
            "Gaussian",
            0.01711027928324697
          ],
          [
            "kernel",
            0.013499632323793372
          ],
          [
            "regression",
            0.01327992609190875
          ],
          [
            "inverse",
            0.012570419915306871
          ],
          [
            "function",
            0.01188070984561549
          ],
          [
            "data",
            0.011769215983567066
          ],
          [
            "processes",
            0.011377049579449398
          ],
          [
            "spatial",
            0.010726063970715053
          ],
          [
            "problems",
            0.010396977534815185
          ],
          [
            "process",
            0.010337980142576406
          ]
        ],
        "count": 538
      },
      "3": {
        "name": "3_graph_network_graphs_model",
        "keywords": [
          [
            "graph",
            0.028317061674522293
          ],
          [
            "network",
            0.02617141854458686
          ],
          [
            "graphs",
            0.02167611185488564
          ],
          [
            "model",
            0.018650138144391648
          ],
          [
            "networks",
            0.015976170075793154
          ],
          [
            "community",
            0.015718653650966946
          ],
          [
            "random",
            0.014940553460296905
          ],
          [
            "degree",
            0.012405444525477363
          ],
          [
            "vertices",
            0.011655718278553315
          ],
          [
            "models",
            0.01164671252839648
          ]
        ],
        "count": 511
      },
      "4": {
        "name": "4_change_time_series_time series",
        "keywords": [
          [
            "change",
            0.03430663329184555
          ],
          [
            "time",
            0.02949049314670213
          ],
          [
            "series",
            0.026375097209914912
          ],
          [
            "time series",
            0.025191441139615148
          ],
          [
            "detection",
            0.020860109491188297
          ],
          [
            "change point",
            0.01732039164808567
          ],
          [
            "point",
            0.01590491005909614
          ],
          [
            "data",
            0.013634010518643352
          ],
          [
            "stationary",
            0.012816685998803194
          ],
          [
            "test",
            0.01243447909362467
          ]
        ],
        "count": 477
      },
      "5": {
        "name": "5_matrix_rank_tensor_noise",
        "keywords": [
          [
            "matrix",
            0.023316717959476378
          ],
          [
            "rank",
            0.021298266588847307
          ],
          [
            "tensor",
            0.019741307195942553
          ],
          [
            "noise",
            0.015414305334703088
          ],
          [
            "low",
            0.014701002057617764
          ],
          [
            "signal",
            0.013581510052106848
          ],
          [
            "low rank",
            0.013151883584457224
          ],
          [
            "Gaussian",
            0.012760944225496642
          ],
          [
            "problem",
            0.011983892020151606
          ],
          [
            "algorithm",
            0.011767627732786121
          ]
        ],
        "count": 440
      },
      "6": {
        "name": "6_transport_Wasserstein_distance_metric",
        "keywords": [
          [
            "transport",
            0.019727991701156005
          ],
          [
            "Wasserstein",
            0.019640254941662928
          ],
          [
            "distance",
            0.017081946659863713
          ],
          [
            "metric",
            0.01586898900624379
          ],
          [
            "manifold",
            0.015493072599977615
          ],
          [
            "optimal transport",
            0.015446670045598668
          ],
          [
            "optimal",
            0.014738070172544575
          ],
          [
            "measures",
            0.013942063676971081
          ],
          [
            "space",
            0.013846378743781746
          ],
          [
            "data",
            0.01298865964179594
          ]
        ],
        "count": 433
      },
      "7": {
        "name": "7_regression_dimensional_high_linear",
        "keywords": [
          [
            "regression",
            0.02309500634894803
          ],
          [
            "dimensional",
            0.017958343196688514
          ],
          [
            "high",
            0.017175427984738104
          ],
          [
            "linear",
            0.014779443525262613
          ],
          [
            "model",
            0.01434416631634012
          ],
          [
            "selection",
            0.013478364204523096
          ],
          [
            "Lasso",
            0.013453287202506648
          ],
          [
            "sparse",
            0.012638310347494689
          ],
          [
            "estimator",
            0.01258871818771402
          ],
          [
            "sparsity",
            0.01143623568894426
          ]
        ],
        "count": 348
      },
      "8": {
        "name": "8_neural_networks_neural networks_deep",
        "keywords": [
          [
            "neural",
            0.03797165311863781
          ],
          [
            "networks",
            0.033208082427461795
          ],
          [
            "neural networks",
            0.029370386854526583
          ],
          [
            "deep",
            0.020808799626292392
          ],
          [
            "learning",
            0.018513178729009382
          ],
          [
            "network",
            0.01731451696778722
          ],
          [
            "training",
            0.01611006798028675
          ],
          [
            "generalization",
            0.01588167290197811
          ],
          [
            "layer",
            0.014832203750480825
          ],
          [
            "regression",
            0.01357614403961558
          ]
        ],
        "count": 310
      },
      "9": {
        "name": "9_policy_regret_learning_optimal",
        "keywords": [
          [
            "policy",
            0.03398973250868166
          ],
          [
            "regret",
            0.029355354984854785
          ],
          [
            "learning",
            0.021115515954512717
          ],
          [
            "optimal",
            0.017238645458566015
          ],
          [
            "bandit",
            0.01686721218510473
          ],
          [
            "bandits",
            0.01681971838279776
          ],
          [
            "RL",
            0.016449028501996334
          ],
          [
            "reward",
            0.016258897254985957
          ],
          [
            "algorithm",
            0.015906422798328747
          ],
          [
            "arm",
            0.014143312028696587
          ]
        ],
        "count": 285
      },
      "10": {
        "name": "10_Langevin_sampling_Carlo_Monte",
        "keywords": [
          [
            "Langevin",
            0.030913186461439812
          ],
          [
            "sampling",
            0.029870833473660333
          ],
          [
            "Carlo",
            0.021804406336815463
          ],
          [
            "Monte",
            0.021798582940515187
          ],
          [
            "Markov",
            0.02103798201798612
          ],
          [
            "convergence",
            0.020237246705916916
          ],
          [
            "Metropolis",
            0.019457595993306976
          ],
          [
            "target",
            0.017969185593652102
          ],
          [
            "algorithm",
            0.017926652191040036
          ],
          [
            "chain",
            0.017733659331749835
          ]
        ],
        "count": 231
      },
      "11": {
        "name": "11_diffusion_process_processes_drift",
        "keywords": [
          [
            "diffusion",
            0.02734877296880412
          ],
          [
            "process",
            0.02727026530881821
          ],
          [
            "processes",
            0.02661482071716155
          ],
          [
            "drift",
            0.0262707198281004
          ],
          [
            "fractional",
            0.025647693455829724
          ],
          [
            "Brownian",
            0.022069584998108054
          ],
          [
            "motion",
            0.019245433177626357
          ],
          [
            "Ornstein",
            0.018574611986966236
          ],
          [
            "Uhlenbeck",
            0.018550179822080893
          ],
          [
            "estimator",
            0.01817596832710032
          ]
        ],
        "count": 212
      },
      "12": {
        "name": "12_privacy_private_differential privacy_differential",
        "keywords": [
          [
            "privacy",
            0.07798002636369915
          ],
          [
            "private",
            0.04013732365893178
          ],
          [
            "differential privacy",
            0.03372649016164528
          ],
          [
            "differential",
            0.028205115282080993
          ],
          [
            "data",
            0.022528673135751267
          ],
          [
            "DP",
            0.02073480312482226
          ],
          [
            "mechanism",
            0.015699518278297016
          ],
          [
            "estimation",
            0.0137460816587586
          ],
          [
            "Privacy",
            0.013341530296182498
          ],
          [
            "Private",
            0.012542419325832695
          ]
        ],
        "count": 200
      },
      "13": {
        "name": "13_random_inequalities_bounds_inequality",
        "keywords": [
          [
            "random",
            0.02872320589168182
          ],
          [
            "inequalities",
            0.022416993574070867
          ],
          [
            "bounds",
            0.021856580526682927
          ],
          [
            "inequality",
            0.019820318032321215
          ],
          [
            "random variables",
            0.017033790580765817
          ],
          [
            "variables",
            0.015577035914501478
          ],
          [
            "statistics",
            0.015100729062533002
          ],
          [
            "concentration",
            0.015007561639827175
          ],
          [
            "Gaussian",
            0.01465231287810282
          ],
          [
            "results",
            0.013393736705988516
          ]
        ],
        "count": 198
      },
      "14": {
        "name": "14_matrix_matrices_eigenvalues_covariance",
        "keywords": [
          [
            "matrix",
            0.04543648903518015
          ],
          [
            "matrices",
            0.038254102140361707
          ],
          [
            "eigenvalues",
            0.034756899527382215
          ],
          [
            "covariance",
            0.03336554059544346
          ],
          [
            "sample",
            0.026682914746442753
          ],
          [
            "spectral",
            0.02371805654707624
          ],
          [
            "spiked",
            0.0215129285793114
          ],
          [
            "sample covariance",
            0.020530155324150638
          ],
          [
            "Wishart",
            0.01921392062352261
          ],
          [
            "eigenvalue",
            0.018519546486678442
          ]
        ],
        "count": 164
      },
      "15": {
        "name": "15_models_likelihood_algebraic_toric",
        "keywords": [
          [
            "models",
            0.03862567061987083
          ],
          [
            "likelihood",
            0.020846390709809846
          ],
          [
            "algebraic",
            0.020667172240188155
          ],
          [
            "toric",
            0.020644435092148562
          ],
          [
            "degree",
            0.019446388880933363
          ],
          [
            "maximum likelihood",
            0.016516456763870396
          ],
          [
            "linear",
            0.016291569122201758
          ],
          [
            "maximum",
            0.01542918422717687
          ],
          [
            "polytopes",
            0.01512543547075036
          ],
          [
            "rational",
            0.014541882293836184
          ]
        ],
        "count": 148
      },
      "16": {
        "name": "16_prediction_conformal_conformal prediction_coverage",
        "keywords": [
          [
            "prediction",
            0.048275726642690704
          ],
          [
            "conformal",
            0.04594892348656072
          ],
          [
            "conformal prediction",
            0.029121690947122532
          ],
          [
            "coverage",
            0.027267683802295772
          ],
          [
            "calibration",
            0.022561642459824966
          ],
          [
            "learning",
            0.01686385140937286
          ],
          [
            "Conformal",
            0.01660472864657955
          ],
          [
            "sets",
            0.015574818085366354
          ],
          [
            "prediction sets",
            0.014529761006827442
          ],
          [
            "data",
            0.014143018040247644
          ]
        ],
        "count": 145
      },
      "17": {
        "name": "17_causal_graph_variables_graphs",
        "keywords": [
          [
            "causal",
            0.05860302235775827
          ],
          [
            "graph",
            0.028675987280201813
          ],
          [
            "variables",
            0.027378944788357153
          ],
          [
            "graphs",
            0.02470509983634743
          ],
          [
            "models",
            0.024608155584656573
          ],
          [
            "DAG",
            0.02297325191036994
          ],
          [
            "acyclic",
            0.022469045401591135
          ],
          [
            "equivalence",
            0.02166513417482544
          ],
          [
            "latent",
            0.021528049925753405
          ],
          [
            "graphical",
            0.019098450478575595
          ]
        ],
        "count": 109
      }
    },
    "correlations": [
      [
        1.0,
        -0.6876900512905204,
        -0.7217434706610535,
        -0.6764617108852538,
        -0.7017174768799468,
        -0.705926048724389,
        -0.6987314644820375,
        -0.6994791457819914,
        -0.7399747048149661,
        -0.7266024789447729,
        -0.6928988019204472,
        -0.7157676590494593,
        -0.7034003757117651,
        -0.6762303165893324,
        -0.6819123124244938,
        -0.6437221221328358,
        -0.7370725637541234,
        -0.7160001602337511
      ],
      [
        -0.6876900512905204,
        1.0,
        -0.7207334701232596,
        -0.6883476393845919,
        -0.7131145225078055,
        -0.7254157973228643,
        -0.7195522856867118,
        -0.6885154946893015,
        -0.7255199953905682,
        -0.7028080063305533,
        -0.7181316915814691,
        -0.7315617419238847,
        -0.7141589733606759,
        -0.7147562829894901,
        -0.7025384452991348,
        -0.38279912294568524,
        -0.7300385261540187,
        -0.5045178212044918
      ],
      [
        -0.7217434706610535,
        -0.7207334701232596,
        1.0,
        -0.7284671723712033,
        -0.7324103681199201,
        -0.7354472002169142,
        -0.7228366589928655,
        -0.7221977745806345,
        -0.7372532318334403,
        -0.7450695209977465,
        -0.7270749646005752,
        -0.7152866621323603,
        -0.7373778737570802,
        -0.7251296577427804,
        -0.7181498005166975,
        -0.7020795132027209,
        -0.7374108280031051,
        -0.7425276008019828
      ],
      [
        -0.6764617108852538,
        -0.6883476393845919,
        -0.7284671723712033,
        1.0,
        -0.70723002287996,
        -0.6947138399022971,
        -0.7231833197272337,
        -0.6890941502996035,
        -0.6558759506461693,
        -0.7348963725162184,
        -0.7198441212438309,
        -0.7230511019517947,
        -0.7143872016735,
        -0.705126770793274,
        -0.7086795151136445,
        -0.6063249326122458,
        -0.7336963966160441,
        -0.5806715730754224
      ],
      [
        -0.7017174768799468,
        -0.7131145225078055,
        -0.7324103681199201,
        -0.70723002287996,
        1.0,
        -0.7355262976621729,
        -0.730672742769552,
        -0.7033759330019322,
        -0.7376209536179024,
        -0.7373311783492968,
        -0.7205929359999625,
        -0.6905210176801683,
        -0.7219690204783911,
        -0.726718313012628,
        -0.7156783994533251,
        -0.6956879738843356,
        -0.7268989665673222,
        -0.7095076928250206
      ],
      [
        -0.705926048724389,
        -0.7254157973228643,
        -0.7354472002169142,
        -0.6947138399022971,
        -0.7355262976621729,
        1.0,
        -0.7226683481907848,
        -0.6944122945948329,
        -0.7464692588021471,
        -0.7375161815246338,
        -0.7363845920602279,
        -0.7512444078836232,
        -0.7347881151957127,
        -0.7079017801292287,
        -0.484595959898925,
        -0.688436444637412,
        -0.7501116450658858,
        -0.734223290938228
      ],
      [
        -0.6987314644820375,
        -0.7195522856867118,
        -0.7228366589928655,
        -0.7231833197272337,
        -0.730672742769552,
        -0.7226683481907848,
        1.0,
        -0.7289413070389192,
        -0.7401751756681398,
        -0.7452228059342787,
        -0.7001788036404657,
        -0.7394516933817847,
        -0.738669310630439,
        -0.6920032218850386,
        -0.7308927084819272,
        -0.6935069775450668,
        -0.7549423761163256,
        -0.7467062501789272
      ],
      [
        -0.6994791457819914,
        -0.6885154946893015,
        -0.7221977745806345,
        -0.6890941502996035,
        -0.7033759330019322,
        -0.6944122945948329,
        -0.7289413070389192,
        1.0,
        -0.7183264014292345,
        -0.7342104257350146,
        -0.7103370716321278,
        -0.7412061912689552,
        -0.6934953001411264,
        -0.7214485786153646,
        -0.5777919418274916,
        -0.6482526100795225,
        -0.7095526136124393,
        -0.7062755976813433
      ],
      [
        -0.7399747048149661,
        -0.7255199953905682,
        -0.7372532318334403,
        -0.6558759506461693,
        -0.7376209536179024,
        -0.7464692588021471,
        -0.7401751756681398,
        -0.7183264014292345,
        1.0,
        -0.738395397255377,
        -0.7335535140264837,
        -0.7529064214010992,
        -0.7388439180434019,
        -0.7437523573987446,
        -0.7370113316264082,
        -0.7113316961789123,
        -0.7265201026515454,
        -0.7279274216788234
      ],
      [
        -0.7266024789447729,
        -0.7028080063305533,
        -0.7450695209977465,
        -0.7348963725162184,
        -0.7373311783492968,
        -0.7375161815246338,
        -0.7452228059342787,
        -0.7342104257350146,
        -0.738395397255377,
        1.0,
        -0.7340620653386376,
        -0.746455523767465,
        -0.7336225502274449,
        -0.7391822071473159,
        -0.7404612405305253,
        -0.7014201321678495,
        -0.7409790893185866,
        -0.7441217510137929
      ],
      [
        -0.6928988019204472,
        -0.7181316915814691,
        -0.7270749646005752,
        -0.7198441212438309,
        -0.7205929359999625,
        -0.7363845920602279,
        -0.7001788036404657,
        -0.7103370716321278,
        -0.7335535140264837,
        -0.7340620653386376,
        1.0,
        -0.7040424896866962,
        -0.7373699638320181,
        -0.7212872561971322,
        -0.7123864678778946,
        -0.6863434346888488,
        -0.7467375419500787,
        -0.7355584553701324
      ],
      [
        -0.7157676590494593,
        -0.7315617419238847,
        -0.7152866621323603,
        -0.7230511019517947,
        -0.6905210176801683,
        -0.7512444078836232,
        -0.7394516933817847,
        -0.7412061912689552,
        -0.7529064214010992,
        -0.746455523767465,
        -0.7040424896866962,
        1.0,
        -0.7391664199022383,
        -0.7346022926422117,
        -0.7340315467179311,
        -0.6889101785801932,
        -0.748457855740722,
        -0.7326297340667651
      ],
      [
        -0.7034003757117651,
        -0.7141589733606759,
        -0.7373778737570802,
        -0.7143872016735,
        -0.7219690204783911,
        -0.7347881151957127,
        -0.738669310630439,
        -0.6934953001411264,
        -0.7388439180434019,
        -0.7336225502274449,
        -0.7373699638320181,
        -0.7391664199022383,
        1.0,
        -0.7386794728425119,
        -0.7167994434353104,
        -0.6970360207845419,
        -0.728193878213775,
        -0.7283909701895497
      ],
      [
        -0.6762303165893324,
        -0.7147562829894901,
        -0.7251296577427804,
        -0.705126770793274,
        -0.726718313012628,
        -0.7079017801292287,
        -0.6920032218850386,
        -0.7214485786153646,
        -0.7437523573987446,
        -0.7391822071473159,
        -0.7212872561971322,
        -0.7346022926422117,
        -0.7386794728425119,
        1.0,
        -0.6928107784322874,
        -0.6935201955130657,
        -0.7431304587052306,
        -0.7075439820257055
      ],
      [
        -0.6819123124244938,
        -0.7025384452991348,
        -0.7181498005166975,
        -0.7086795151136445,
        -0.7156783994533251,
        -0.484595959898925,
        -0.7308927084819272,
        -0.5777919418274916,
        -0.7370113316264082,
        -0.7404612405305253,
        -0.7123864678778946,
        -0.7340315467179311,
        -0.7167994434353104,
        -0.6928107784322874,
        1.0,
        -0.6625362918216281,
        -0.7344281799937105,
        -0.712317175134701
      ],
      [
        -0.6437221221328358,
        -0.38279912294568524,
        -0.7020795132027209,
        -0.6063249326122458,
        -0.6956879738843356,
        -0.688436444637412,
        -0.6935069775450668,
        -0.6482526100795225,
        -0.7113316961789123,
        -0.7014201321678495,
        -0.6863434346888488,
        -0.6889101785801932,
        -0.6970360207845419,
        -0.6935201955130657,
        -0.6625362918216281,
        1.0,
        -0.7208343470448033,
        -0.5111306161758453
      ],
      [
        -0.7370725637541234,
        -0.7300385261540187,
        -0.7374108280031051,
        -0.7336963966160441,
        -0.7268989665673222,
        -0.7501116450658858,
        -0.7549423761163256,
        -0.7095526136124393,
        -0.7265201026515454,
        -0.7409790893185866,
        -0.7467375419500787,
        -0.748457855740722,
        -0.728193878213775,
        -0.7431304587052306,
        -0.7344281799937105,
        -0.7208343470448033,
        1.0,
        -0.7342044923755723
      ],
      [
        -0.7160001602337511,
        -0.5045178212044918,
        -0.7425276008019828,
        -0.5806715730754224,
        -0.7095076928250206,
        -0.734223290938228,
        -0.7467062501789272,
        -0.7062755976813433,
        -0.7279274216788234,
        -0.7441217510137929,
        -0.7355584553701324,
        -0.7326297340667651,
        -0.7283909701895497,
        -0.7075439820257055,
        -0.712317175134701,
        -0.5111306161758453,
        -0.7342044923755723,
        1.0
      ]
    ],
    "series": {
      "2020-01": [
        17,
        5,
        6,
        5,
        12,
        6,
        6,
        6,
        3,
        2,
        3,
        8,
        1,
        8,
        13,
        9,
        6,
        2
      ],
      "2020-02": [
        37,
        7,
        3,
        11,
        19,
        6,
        3,
        12,
        8,
        9,
        10,
        5,
        8,
        7,
        10,
        20,
        5,
        6
      ],
      "2020-03": [
        36,
        2,
        2,
        5,
        20,
        1,
        4,
        15,
        8,
        6,
        4,
        9,
        5,
        8,
        8,
        16,
        2,
        1
      ],
      "2020-04": [
        35,
        6,
        3,
        9,
        14,
        2,
        3,
        11,
        4,
        1,
        10,
        7,
        2,
        7,
        8,
        15,
        6,
        6
      ],
      "2020-05": [
        24,
        3,
        2,
        7,
        10,
        6,
        3,
        11,
        6,
        4,
        6,
        8,
        5,
        7,
        15,
        21,
        5,
        2
      ],
      "2020-06": [
        40,
        7,
        6,
        7,
        17,
        5,
        7,
        18,
        13,
        6,
        14,
        3,
        5,
        12,
        14,
        19,
        9,
        5
      ],
      "2020-07": [
        35,
        4,
        6,
        8,
        13,
        2,
        7,
        20,
        6,
        5,
        11,
        12,
        5,
        7,
        11,
        12,
        3,
        3
      ],
      "2020-08": [
        31,
        3,
        1,
        8,
        8,
        9,
        4,
        7,
        3,
        3,
        6,
        7,
        3,
        7,
        16,
        13,
        1,
        5
      ],
      "2020-09": [
        38,
        11,
        2,
        6,
        8,
        8,
        2,
        14,
        5,
        0,
        6,
        9,
        5,
        10,
        10,
        12,
        4,
        1
      ],
      "2020-10": [
        35,
        6,
        2,
        5,
        15,
        4,
        5,
        11,
        13,
        5,
        12,
        9,
        8,
        4,
        14,
        25,
        5,
        6
      ],
      "2020-11": [
        32,
        11,
        0,
        9,
        10,
        1,
        8,
        10,
        6,
        8,
        10,
        10,
        8,
        6,
        6,
        26,
        5,
        2
      ],
      "2020-12": [
        35,
        4,
        3,
        10,
        10,
        9,
        6,
        9,
        4,
        3,
        13,
        6,
        0,
        10,
        16,
        18,
        7,
        1
      ],
      "2021-01": [
        27,
        4,
        3,
        3,
        13,
        3,
        4,
        8,
        6,
        5,
        18,
        4,
        8,
        9,
        15,
        9,
        0,
        4
      ],
      "2021-02": [
        34,
        8,
        1,
        8,
        18,
        0,
        5,
        7,
        8,
        7,
        8,
        10,
        3,
        14,
        9,
        13,
        4,
        2
      ],
      "2021-03": [
        35,
        6,
        1,
        4,
        10,
        4,
        2,
        10,
        8,
        5,
        11,
        6,
        5,
        12,
        18,
        13,
        4,
        5
      ],
      "2021-04": [
        32,
        11,
        3,
        5,
        15,
        1,
        5,
        5,
        5,
        2,
        12,
        4,
        3,
        9,
        19,
        7,
        3,
        6
      ],
      "2021-05": [
        28,
        10,
        4,
        9,
        19,
        6,
        6,
        9,
        5,
        4,
        11,
        7,
        5,
        2,
        13,
        10,
        4,
        4
      ],
      "2021-06": [
        39,
        5,
        1,
        6,
        15,
        2,
        7,
        16,
        10,
        2,
        13,
        7,
        4,
        9,
        16,
        13,
        7,
        5
      ],
      "2021-07": [
        39,
        8,
        2,
        9,
        15,
        3,
        8,
        10,
        13,
        6,
        9,
        3,
        9,
        4,
        16,
        14,
        3,
        3
      ],
      "2021-08": [
        24,
        3,
        4,
        11,
        11,
        3,
        2,
        9,
        7,
        3,
        7,
        6,
        5,
        2,
        20,
        11,
        1,
        2
      ],
      "2021-09": [
        33,
        10,
        0,
        5,
        13,
        1,
        2,
        9,
        3,
        5,
        10,
        6,
        4,
        5,
        17,
        13,
        4,
        5
      ],
      "2021-10": [
        39,
        7,
        3,
        17,
        17,
        2,
        4,
        18,
        12,
        15,
        13,
        6,
        5,
        1,
        19,
        18,
        5,
        4
      ],
      "2021-11": [
        21,
        12,
        1,
        6,
        4,
        6,
        5,
        5,
        4,
        2,
        12,
        8,
        9,
        7,
        8,
        14,
        4,
        3
      ],
      "2021-12": [
        31,
        7,
        5,
        9,
        22,
        2,
        6,
        9,
        10,
        7,
        7,
        6,
        4,
        12,
        16,
        16,
        3,
        3
      ],
      "2022-01": [
        30,
        6,
        5,
        4,
        5,
        5,
        6,
        8,
        3,
        3,
        6,
        7,
        6,
        3,
        7,
        3,
        0,
        5
      ],
      "2022-02": [
        30,
        8,
        1,
        6,
        7,
        1,
        5,
        13,
        9,
        6,
        12,
        2,
        3,
        10,
        12,
        17,
        5,
        3
      ],
      "2022-03": [
        29,
        7,
        2,
        6,
        8,
        3,
        5,
        13,
        4,
        4,
        9,
        7,
        5,
        5,
        16,
        15,
        5,
        5
      ],
      "2022-04": [
        32,
        5,
        0,
        9,
        8,
        2,
        3,
        8,
        4,
        4,
        8,
        8,
        6,
        5,
        6,
        12,
        1,
        3
      ],
      "2022-05": [
        36,
        6,
        3,
        3,
        7,
        3,
        3,
        13,
        6,
        4,
        13,
        7,
        12,
        5,
        8,
        23,
        5,
        5
      ],
      "2022-06": [
        41,
        11,
        4,
        10,
        17,
        4,
        9,
        11,
        14,
        6,
        17,
        10,
        7,
        10,
        9,
        23,
        3,
        4
      ],
      "2022-07": [
        37,
        3,
        5,
        8,
        8,
        4,
        3,
        10,
        6,
        1,
        7,
        10,
        9,
        7,
        10,
        21,
        2,
        3
      ],
      "2022-08": [
        39,
        7,
        6,
        5,
        14,
        5,
        3,
        13,
        3,
        4,
        9,
        5,
        7,
        7,
        8,
        13,
        6,
        3
      ],
      "2022-09": [
        27,
        7,
        3,
        11,
        10,
        1,
        11,
        14,
        2,
        7,
        12,
        9,
        4,
        11,
        23,
        24,
        8,
        5
      ],
      "2022-10": [
        34,
        10,
        0,
        6,
        12,
        4,
        3,
        22,
        5,
        6,
        16,
        11,
        7,
        10,
        18,
        16,
        13,
        6
      ],
      "2022-11": [
        34,
        6,
        3,
        7,
        21,
        7,
        5,
        10,
        2,
        11,
        10,
        8,
        4,
        11,
        12,
        21,
        7,
        3
      ],
      "2022-12": [
        32,
        14,
        6,
        3,
        17,
        3,
        6,
        15,
        6,
        6,
        7,
        5,
        1,
        9,
        14,
        15,
        2,
        2
      ],
      "2023-01": [
        29,
        8,
        6,
        11,
        11,
        1,
        5,
        13,
        3,
        6,
        10,
        7,
        9,
        5,
        12,
        8,
        1,
        6
      ],
      "2023-02": [
        27,
        8,
        4,
        9,
        12,
        8,
        7,
        7,
        7,
        10,
        6,
        6,
        7,
        6,
        7,
        9,
        5,
        3
      ],
      "2023-03": [
        44,
        3,
        3,
        9,
        19,
        3,
        3,
        11,
        7,
        2,
        12,
        8,
        5,
        9,
        9,
        16,
        8,
        1
      ],
      "2023-04": [
        21,
        6,
        6,
        5,
        9,
        5,
        4,
        8,
        3,
        4,
        6,
        7,
        3,
        10,
        10,
        11,
        3,
        3
      ],
      "2023-05": [
        27,
        9,
        4,
        10,
        14,
        8,
        8,
        14,
        10,
        14,
        17,
        6,
        7,
        5,
        16,
        23,
        6,
        6
      ],
      "2023-06": [
        30,
        9,
        1,
        4,
        12,
        1,
        5,
        16,
        9,
        8,
        6,
        8,
        7,
        10,
        19,
        14,
        7,
        11
      ],
      "2023-07": [
        23,
        9,
        5,
        12,
        13,
        2,
        14,
        9,
        6,
        8,
        11,
        13,
        2,
        8,
        12,
        13,
        5,
        5
      ],
      "2023-08": [
        32,
        7,
        4,
        8,
        7,
        3,
        1,
        4,
        4,
        2,
        6,
        3,
        1,
        5,
        13,
        11,
        2,
        5
      ],
      "2023-09": [
        34,
        7,
        3,
        4,
        11,
        0,
        3,
        16,
        11,
        1,
        8,
        4,
        5,
        5,
        10,
        13,
        8,
        5
      ],
      "2023-10": [
        40,
        14,
        5,
        14,
        18,
        3,
        4,
        17,
        8,
        5,
        13,
        3,
        10,
        13,
        10,
        16,
        8,
        7
      ],
      "2023-11": [
        43,
        8,
        7,
        8,
        12,
        3,
        5,
        12,
        7,
        2,
        10,
        2,
        5,
        6,
        13,
        24,
        3,
        8
      ],
      "2023-12": [
        24,
        9,
        7,
        6,
        6,
        5,
        7,
        12,
        7,
        3,
        12,
        5,
        4,
        8,
        7,
        11,
        4,
        2
      ],
      "2024-01": [
        21,
        7,
        3,
        12,
        8,
        2,
        5,
        10,
        6,
        5,
        10,
        8,
        11,
        6,
        12,
        17,
        3,
        8
      ],
      "2024-02": [
        45,
        10,
        2,
        13,
        13,
        3,
        4,
        16,
        10,
        6,
        18,
        10,
        7,
        16,
        12,
        27,
        12,
        3
      ],
      "2024-03": [
        33,
        7,
        6,
        8,
        15,
        4,
        5,
        14,
        6,
        6,
        14,
        9,
        11,
        9,
        15,
        15,
        5,
        7
      ],
      "2024-04": [
        37,
        4,
        2,
        4,
        11,
        7,
        5,
        13,
        5,
        3,
        9,
        5,
        7,
        6,
        15,
        17,
        6,
        5
      ],
      "2024-05": [
        44,
        11,
        1,
        10,
        18,
        5,
        5,
        13,
        11,
        2,
        14,
        6,
        11,
        11,
        20,
        15,
        8,
        4
      ],
      "2024-06": [
        37,
        7,
        5,
        11,
        9,
        1,
        3,
        17,
        13,
        6,
        13,
        6,
        14,
        7,
        18,
        10,
        6,
        7
      ],
      "2024-07": [
        42,
        10,
        2,
        9,
        10,
        2,
        7,
        6,
        6,
        5,
        10,
        6,
        5,
        10,
        22,
        15,
        4,
        3
      ],
      "2024-08": [
        23,
        2,
        1,
        6,
        10,
        4,
        2,
        14,
        4,
        0,
        10,
        12,
        5,
        5,
        15,
        15,
        1,
        5
      ],
      "2024-09": [
        38,
        7,
        1,
        4,
        13,
        1,
        6,
        21,
        9,
        4,
        13,
        4,
        7,
        8,
        14,
        14,
        6,
        2
      ],
      "2024-10": [
        36,
        12,
        5,
        8,
        17,
        5,
        10,
        21,
        10,
        10,
        18,
        6,
        5,
        5,
        18,
        17,
        7,
        9
      ],
      "2024-11": [
        30,
        16,
        2,
        5,
        9,
        6,
