{
  "topics": {
    "data": {
      "0": {
        "name": "0_active_cell_cells_model",
        "keywords": [
          [
            "active",
            0.027406526009354566
          ],
          [
            "cell",
            0.02363661477875822
          ],
          [
            "cells",
            0.015469142097262802
          ],
          [
            "model",
            0.015175661065928216
          ],
          [
            "dynamics",
            0.011595214558030857
          ],
          [
            "tissue",
            0.010017017591807386
          ],
          [
            "flow",
            0.009877605321489104
          ],
          [
            "motion",
            0.0098774092554094
          ],
          [
            "fluid",
            0.009533716261899262
          ],
          [
            "self",
            0.009419366325808061
          ]
        ],
        "count": 1282
      },
      "1": {
        "name": "1_imaging_optical_microscopy_resolution",
        "keywords": [
          [
            "imaging",
            0.023336438871817012
          ],
          [
            "optical",
            0.015590462899884293
          ],
          [
            "microscopy",
            0.014635738996603195
          ],
          [
            "resolution",
            0.013957982975607798
          ],
          [
            "high",
            0.013563396161319756
          ],
          [
            "light",
            0.011561766783245074
          ],
          [
            "single",
            0.011447691399822017
          ],
          [
            "cells",
            0.009839342365468809
          ],
          [
            "fluorescence",
            0.009464555175597187
          ],
          [
            "biological",
            0.00928876935955686
          ]
        ],
        "count": 995
      },
      "2": {
        "name": "2_systems_information_dynamics_networks",
        "keywords": [
          [
            "systems",
            0.01929545355076479
          ],
          [
            "information",
            0.013999762403803446
          ],
          [
            "dynamics",
            0.013921140851392675
          ],
          [
            "networks",
            0.012553865414795654
          ],
          [
            "population",
            0.012428677498753218
          ],
          [
            "gene",
            0.012271522259102935
          ],
          [
            "evolution",
            0.011972782913668756
          ],
          [
            "model",
            0.011845207431551678
          ],
          [
            "biological",
            0.011523505509659098
          ],
          [
            "time",
            0.011171390876075974
          ]
        ],
        "count": 601
      },
      "3": {
        "name": "3_brain_neural_network_neurons",
        "keywords": [
          [
            "brain",
            0.03215838323480022
          ],
          [
            "neural",
            0.02750401997609318
          ],
          [
            "network",
            0.026573195753157846
          ],
          [
            "neurons",
            0.0210373378096165
          ],
          [
            "networks",
            0.02062265605314521
          ],
          [
            "model",
            0.01790723087728213
          ],
          [
            "dynamics",
            0.01624372488097563
          ],
          [
            "activity",
            0.01569491953972534
          ],
          [
            "neuronal",
            0.014545250708059442
          ],
          [
            "information",
            0.013358439815052262
          ]
        ],
        "count": 334
      },
      "4": {
        "name": "4_protein_molecular_simulations_proteins",
        "keywords": [
          [
            "protein",
            0.03582116132245456
          ],
          [
            "molecular",
            0.02247119632491257
          ],
          [
            "simulations",
            0.017814171382608497
          ],
          [
            "proteins",
            0.015237664782437392
          ],
          [
            "learning",
            0.014394015145600823
          ],
          [
            "data",
            0.01436909723818125
          ],
          [
            "methods",
            0.014343502021174235
          ],
          [
            "energy",
            0.014280336939957046
          ],
          [
            "structure",
            0.013814317736748247
          ],
          [
            "binding",
            0.01368562100997588
          ]
        ],
        "count": 299
      },
      "5": {
        "name": "5_blood_flow_model_models",
        "keywords": [
          [
            "blood",
            0.024728748249036578
          ],
          [
            "flow",
            0.02407572175031048
          ],
          [
            "model",
            0.02253949165885242
          ],
          [
            "models",
            0.01408761496157958
          ],
          [
            "mechanical",
            0.01382790485111622
          ],
          [
            "tissue",
            0.01320106663904784
          ],
          [
            "cardiac",
            0.012040693113295715
          ],
          [
            "shear",
            0.011977907608891948
          ],
          [
            "pressure",
            0.011812470431217957
          ],
          [
            "wave",
            0.011618648960896805
          ]
        ],
        "count": 272
      },
      "6": {
        "name": "6_DNA_chromatin_model_loop",
        "keywords": [
          [
            "DNA",
            0.07612574226697466
          ],
          [
            "chromatin",
            0.03218031216812766
          ],
          [
            "model",
            0.020637898808858256
          ],
          [
            "loop",
            0.015666457850935022
          ],
          [
            "chromosome",
            0.014946024283706298
          ],
          [
            "genome",
            0.012818241965294408
          ],
          [
            "base",
            0.012765091027614722
          ],
          [
            "double",
            0.012744572399011557
          ],
          [
            "simulations",
            0.01261202304782596
          ],
          [
            "dynamics",
            0.012544001984775472
          ]
        ],
        "count": 171
      },
      "7": {
        "name": "7_phase_separation_droplets_condensates",
        "keywords": [
          [
            "phase",
            0.04303745940878893
          ],
          [
            "separation",
            0.03553456254136008
          ],
          [
            "droplets",
            0.03426174763973774
          ],
          [
            "condensates",
            0.033230343922870595
          ],
          [
            "phase separation",
            0.032651927105936354
          ],
          [
            "droplet",
            0.02862415665547297
          ],
          [
            "liquid",
            0.027005024833050038
          ],
          [
            "interactions",
            0.01709824548624897
          ],
          [
            "assembly",
            0.01593907660077165
          ],
          [
            "equilibrium",
            0.015091229788189914
          ]
        ],
        "count": 143
      },
      "8": {
        "name": "8_epidemic_model_COVID_infection",
        "keywords": [
          [
            "epidemic",
            0.03882227904226716
          ],
          [
            "model",
            0.03805678277623173
          ],
          [
            "COVID",
            0.03217534721471849
          ],
          [
            "infection",
            0.027719209310151958
          ],
          [
            "infected",
            0.02379685096561604
          ],
          [
            "pandemic",
            0.02333565462744072
          ],
          [
            "disease",
            0.022440212386110638
          ],
          [
            "number",
            0.021970776077929858
          ],
          [
            "spread",
            0.020152892740485134
          ],
          [
            "data",
            0.020099281017316856
          ]
        ],
        "count": 140
      },
      "9": {
        "name": "9_membrane_lipid_membranes_curvature",
        "keywords": [
          [
            "membrane",
            0.07799916788269615
          ],
          [
            "lipid",
            0.03790177040709354
          ],
          [
            "membranes",
            0.035140231688861205
          ],
          [
            "curvature",
            0.03330570131236243
          ],
          [
            "vesicles",
            0.025625076877760528
          ],
          [
            "vesicle",
            0.02504770564993422
          ],
          [
            "proteins",
            0.022896878544684172
          ],
          [
            "protein",
            0.017226977761468105
          ],
          [
            "bending",
            0.01689139481989229
          ],
          [
            "bilayer",
            0.01625144917869046
          ]
        ],
        "count": 116
      },
      "10": {
        "name": "10_diffusion_time_fractional_motion",
        "keywords": [
          [
            "diffusion",
            0.04137669736809706
          ],
          [
            "time",
            0.034657625960286806
          ],
          [
            "fractional",
            0.021693792347929633
          ],
          [
            "motion",
            0.02015076677666789
          ],
          [
            "anomalous",
            0.020098147729416163
          ],
          [
            "particle",
            0.019900328642283534
          ],
          [
            "passage",
            0.01960806169184187
          ],
          [
            "Brownian",
            0.017456489103954313
          ],
          [
            "particles",
            0.017069092337823215
          ],
          [
            "mean",
            0.016918085727177515
          ]
        ],
        "count": 99
      },
      "11": {
        "name": "11_transfer_energy_quantum_photosynthetic",
        "keywords": [
          [
            "transfer",
            0.0396332771386956
          ],
          [
            "energy",
            0.03826780553789821
          ],
          [
            "quantum",
            0.03319211785155004
          ],
          [
            "photosynthetic",
            0.02930926581693724
          ],
          [
            "light",
            0.029267160864059297
          ],
          [
            "energy transfer",
            0.025106115766105257
          ],
          [
            "harvesting",
            0.01915768535772465
          ],
          [
            "vibrational",
            0.01858206852084313
          ],
          [
            "photosynthesis",
            0.017590647721614564
          ],
          [
            "state",
            0.017062114637925785
          ]
        ],
        "count": 98
      },
      "12": {
        "name": "12_fish_collective_model_group",
        "keywords": [
          [
            "fish",
            0.032721619297811325
          ],
          [
            "collective",
            0.03056947867065228
          ],
          [
            "model",
            0.02516591655046127
          ],
          [
            "group",
            0.023924285475311058
          ],
          [
            "swarms",
            0.023045096181190588
          ],
          [
            "motion",
            0.018486008519839045
          ],
          [
            "behavior",
            0.01770553767727757
          ],
          [
            "individual",
            0.016887196095453753
          ],
          [
            "groups",
            0.01670397094252676
          ],
          [
            "social",
            0.016454933289695023
          ]
        ],
        "count": 81
      }
    },
    "correlations": [
      [
        1.0,
        -0.7223057008899367,
        -0.19656808717236196,
        -0.7048824253966615,
        -0.7032850381221005,
        -0.6757247227373961,
        -0.7425116586052327,
        -0.6712560176678617,
        -0.7050650324631602,
        -0.7108782371792013,
        -0.6801027199834124,
        -0.7158729931323159,
        -0.6491613233351082
      ],
      [
        -0.7223057008899367,
        1.0,
        -0.6629458567640539,
        -0.7172419621408063,
        -0.7401046638163872,
        -0.5803449912024752,
        -0.7469006888604723,
        -0.7157912532412432,
        -0.7407875571058793,
        -0.7385328575814979,
        -0.7287743837795329,
        -0.7243185223884426,
        -0.74166206465134
      ],
      [
        -0.19656808717236196,
        -0.6629458567640539,
        1.0,
        -0.6866018962399494,
        -0.6931179793265976,
        -0.6811003977312422,
        -0.7373012910328132,
        -0.682315656484323,
        -0.6999831491549784,
        -0.7302669414374503,
        -0.6768548335256357,
        -0.70283856218112,
        -0.6847290756961053
      ],
      [
        -0.7048824253966615,
        -0.7172419621408063,
        -0.6866018962399494,
        1.0,
        -0.7227969087846629,
        -0.6997718522476769,
        -0.7451828832328151,
        -0.7299938908628805,
        -0.7252981834403777,
        -0.7473431806201271,
        -0.7188098955685596,
        -0.7352004891160026,
        -0.7132544609836384
      ],
      [
        -0.7032850381221005,
        -0.7401046638163872,
        -0.6931179793265976,
        -0.7227969087846629,
        1.0,
        -0.727498205392901,
        -0.7364346512772646,
        -0.7256151403107018,
        -0.7245153863392597,
        -0.7107831019491173,
        -0.7216919288949835,
        -0.698685730599024,
        -0.7280723143686176
      ],
      [
        -0.6757247227373961,
        -0.5803449912024752,
        -0.6811003977312422,
        -0.6997718522476769,
        -0.727498205392901,
        1.0,
        -0.7426147834658108,
        -0.7097317296389744,
        -0.3165645212048741,
        -0.7046528799870522,
        -0.7047686692121129,
        -0.7311260971620133,
        -0.36416887583219204
      ],
      [
        -0.7425116586052327,
        -0.7469006888604723,
        -0.7373012910328132,
        -0.7451828832328151,
        -0.7364346512772646,
        -0.7426147834658108,
        1.0,
        -0.7257551914558931,
        -0.7365341605780988,
        -0.7520142133631615,
        -0.7380133436497072,
        -0.7451686838256062,
        -0.7434951544206726
      ],
      [
        -0.6712560176678617,
        -0.7157912532412432,
        -0.682315656484323,
        -0.7299938908628805,
        -0.7256151403107018,
        -0.7097317296389744,
        -0.7257551914558931,
        1.0,
        -0.7280500118478621,
        -0.7154610014923348,
        -0.7347089663213504,
        -0.7450210941797182,
        -0.7044655670239389
      ],
      [
        -0.7050650324631602,
        -0.7407875571058793,
        -0.6999831491549784,
        -0.7252981834403777,
        -0.7245153863392597,
        -0.3165645212048741,
        -0.7365341605780988,
        -0.7280500118478621,
        1.0,
        -0.7343795790273709,
        -0.7118354251314194,
        -0.7303229505968155,
        -0.334383499215952
      ],
      [
        -0.7108782371792013,
        -0.7385328575814979,
        -0.7302669414374503,
        -0.7473431806201271,
        -0.7107831019491173,
        -0.7046528799870522,
        -0.7520142133631615,
        -0.7154610014923348,
        -0.7343795790273709,
        1.0,
        -0.7305785224672281,
        -0.7480680402290028,
        -0.7399444821606476
      ],
      [
        -0.6801027199834124,
        -0.7287743837795329,
        -0.6768548335256357,
        -0.7188098955685596,
        -0.7216919288949835,
        -0.7047686692121129,
        -0.7380133436497072,
        -0.7347089663213504,
        -0.7118354251314194,
        -0.7305785224672281,
        1.0,
        -0.7334724378483789,
        -0.7162076218237182
      ],
      [
        -0.7158729931323159,
        -0.7243185223884426,
        -0.70283856218112,
        -0.7352004891160026,
        -0.698685730599024,
        -0.7311260971620133,
        -0.7451686838256062,
        -0.7450210941797182,
        -0.7303229505968155,
        -0.7480680402290028,
        -0.7334724378483789,
        1.0,
        -0.7301662433154823
      ],
      [
        -0.6491613233351082,
        -0.74166206465134,
        -0.6847290756961053,
        -0.7132544609836384,
        -0.7280723143686176,
        -0.36416887583219204,
        -0.7434951544206726,
        -0.7044655670239389,
        -0.334383499215952,
        -0.7399444821606476,
        -0.7162076218237182,
        -0.7301662433154823,
        1.0
      ]
    ],
    "series": {
      "2020-01": [
        19,
        5,
        2,
        8,
        4,
        3,
        5,
        5,
        2,
        9,
        8,
        4,
        0
      ],
      "2020-02": [
        22,
        6,
        11,
        1,
        3,
        2,
        6,
        2,
        2,
        10,
        5,
        4,
        2
      ],
      "2020-03": [
        24,
        7,
        6,
        3,
        12,
        2,
        5,
        3,
        15,
        6,
        2,
        4,
        4
      ],
      "2020-04": [
        23,
        7,
        1,
        7,
        7,
        2,
        5,
        6,
        16,
        5,
        9,
        5,
        1
      ],
      "2020-05": [
        27,
        4,
        8,
        7,
        3,
        6,
        5,
        7,
        12,
        8,
        9,
        1,
        3
      ],
      "2020-06": [
        20,
        6,
        6,
        7,
        6,
        4,
        4,
        3,
        4,
        6,
        11,
        7,
        0
      ],
      "2020-07": [
        28,
        3,
        13,
        6,
        5,
        2,
        6,
        7,
        11,
        8,
        9,
        5,
        4
      ],
      "2020-08": [
        17,
        2,
        7,
        6,
        4,
        2,
        5,
        7,
        14,
        6,
        4,
        0,
        1
      ],
      "2020-09": [
        28,
        5,
        7,
        9,
        8,
        1,
        5,
        5,
        4,
        7,
        8,
        5,
        0
      ],
      "2020-10": [
        29,
        7,
        13,
        6,
        4,
        2,
        11,
        8,
        9,
        4,
        5,
        5,
        5
      ],
      "2020-11": [
        23,
        4,
        6,
        2,
        6,
        4,
        2,
        3,
        9,
        5,
        5,
        2,
        2
      ],
      "2020-12": [
        36,
        4,
        8,
        10,
        8,
        2,
        6,
        6,
        12,
        5,
        3,
        1,
        0
      ],
      "2021-01": [
        24,
        4,
        5,
        4,
        2,
        6,
        8,
        5,
        9,
        6,
        3,
        4,
        1
      ],
      "2021-02": [
        31,
        7,
        9,
        3,
        5,
        4,
        5,
        5,
        12,
        6,
        10,
        2,
        3
      ],
      "2021-03": [
        39,
        4,
        5,
        6,
        10,
        4,
        9,
        7,
        15,
        6,
        7,
        5,
        1
      ],
      "2021-04": [
        30,
        2,
        10,
        6,
        1,
        1,
        9,
        10,
        8,
        14,
        2,
        1,
        1
      ],
      "2021-05": [
        23,
        2,
        4,
        5,
        5,
        2,
        10,
        4,
        8,
        4,
        7,
        2,
        1
      ],
      "2021-06": [
        31,
        2,
        6,
        7,
        4,
        3,
        4,
        8,
        8,
        11,
        4,
        3,
        1
      ],
      "2021-07": [
        27,
        7,
        5,
        5,
        9,
        2,
        2,
        5,
        7,
        1,
        7,
        4,
        4
      ],
      "2021-08": [
        28,
        4,
        8,
        4,
        3,
        1,
        6,
        6,
        8,
        6,
        6,
        1,
        1
      ],
      "2021-09": [
        21,
        5,
        11,
        6,
        6,
        2,
        3,
        6,
        8,
        4,
        3,
        3,
        2
      ],
      "2021-10": [
        27,
        3,
        9,
        5,
        5,
        2,
        11,
        7,
        11,
        6,
        6,
        3,
        2
      ],
      "2021-11": [
        28,
        4,
        4,
        10,
        5,
        4,
        4,
        7,
        9,
        9,
        7,
        4,
        3
      ],
      "2021-12": [
        39,
        4,
        10,
        7,
        8,
        5,
        5,
        8,
        9,
        5,
        6,
        3,
        6
      ],
      "2022-01": [
        26,
        6,
        14,
        4,
        9,
        3,
        3,
        6,
        4,
        5,
        5,
        5,
        0
      ],
      "2022-02": [
        31,
        4,
        11,
        6,
        3,
        1,
        5,
        4,
        6,
        7,
        9,
        4,
        3
      ],
      "2022-03": [
        23,
        4,
        8,
        7,
        6,
        2,
        3,
        5,
        4,
        8,
        12,
        8,
        3
      ],
      "2022-04": [
        28,
        5,
        5,
        9,
        5,
        4,
        4,
        5,
        5,
        10,
        7,
        0,
        5
      ],
      "2022-05": [
        20,
        6,
        1,
        5,
        10,
        1,
        3,
        6,
        4,
        8,
        7,
        6,
        3
      ],
      "2022-06": [
        23,
        6,
        7,
        3,
        4,
        0,
        4,
        5,
        10,
        6,
        7,
        7,
        5
      ],
      "2022-07": [
        23,
        3,
        8,
        8,
        3,
        1,
        1,
        1,
        6,
        11,
        5,
        7,
        0
      ],
      "2022-08": [
        20,
        3,
        6,
        8,
        11,
        1,
        3,
        1,
        10,
        5,
        8,
        5,
        6
      ],
      "2022-09": [
        23,
        4,
        6,
        5,
        4,
        3,
        2,
        4,
        5,
        3,
        7,
        2,
        3
      ],
      "2022-10": [
        27,
        6,
        0,
        3,
        8,
        0,
        7,
        6,
        2,
        10,
        1,
        5,
        2
      ],
      "2022-11": [
        25,
        7,
        7,
        4,
        4,
        2,
        3,
        2,
        4,
        11,
        8,
        3,
        4
      ],
      "2022-12": [
        22,
        1,
        4,
        5,
        8,
        3,
        3,
        5,
        3,
        3,
        4,
        2,
        3
      ],
      "2023-01": [
        26,
        10,
        7,
        6,
        2,
        1,
        3,
        8,
        5,
        8,
        4,
        4,
        2
      ],
      "2023-02": [
        18,
        6,
        7,
        4,
        7,
        1,
        0,
        6,
        10,
        3,
        5,
        5,
        2
      ],
      "2023-03": [
        27,
        11,
        16,
        4,
        12,
        3,
        6,
        2,
        10,
        10,
        7,
        2,
        2
      ],
      "2023-04": [
        36,
        2,
        7,
        7,
        4,
        7,
        3,
        1,
        5,
        5,
        4,
        3,
        3
      ],
      "2023-05": [
        26,
        5,
        7,
        4,
        2,
        4,
        5,
        6,
        6,
        7,
        3,
        3,
        3
      ],
      "2023-06": [
        37,
        6,
        9,
        7,
        6,
        0,
        8,
        9,
        8,
        3,
        4,
        4,
        1
      ],
      "2023-07": [
        26,
        3,
        8,
        3,
        4,
        1,
        4,
        5,
        4,
        9,
        9,
        5,
        5
      ],
      "2023-08": [
        26,
        4,
        7,
        4,
        4,
        4,
        2,
        4,
        5,
        4,
        5,
        5,
        3
      ],
      "2023-09": [
        23,
        8,
        7,
        10,
        3,
        1,
        3,
        3,
        5,
        5,
        8,
        4,
        5
      ],
      "2023-10": [
        36,
        3,
        7,
        6,
        6,
        5,
        8,
        8,
        6,
        5,
        8,
        4,
        2
      ],
      "2023-11": [
        41,
        2,
        5,
        7,
        12,
        3,
        5,
        4,
        7,
        5,
        6,
        3,
        5
      ],
      "2023-12": [
        33,
        6,
        8,
        8,
        1,
        1,
        5,
        6,
        3,
        11,
        9,
        4,
        4
      ],
      "2024-01": [
        41,
        3,
        5,
        12,
        6,
        5,
        5,
        12,
        3,
        8,
        9,
        2,
        1
      ],
      "2024-02": [
        34,
        2,
        4,
        6,
        4,
        4,
        5,
        7,
        8,
        3,
        4,
        3,
        1
      ],
      "2024-03": [
        50,
        5,
        14,
        4,
        8,
        6,
        6,
        8,
        6,
        5,
        6,
        4,
        0
      ],
      "2024-04": [
        24,
        7,
        4,
        7,
        5,
        2,
        5,
        3,
        5,
        9,
        3,
        7,
        3
      ],
      "2024-05": [
        36,
        8,
        7,
        11,
        8,
        4,
        3,
        7,
        5,
        2,
        7,
        2,
        4
      ],
      "2024-06": [
        27,
        4,
        8,
        2,
        5,
        3,
        0,
        7,
        8,
        2,
        3,
        3,
        2
      ],
      "2024-07": [
        39,
        4,
        6,
        5,
        4,
        3,
        11,
        10,
        6,
        9,
        6,
        3,
        4
      ],
      "2024-08": [
        26,
        2,
        8,
        8,
        13,
        1,
        3,
        2,
        5,
        5,
        8,
        5,
        3
      ],
      "2024-09": [
        33,
        4,
        13,
        9,
        5,
        5,
        4,
        11,
        5,
        13,
        6,
        4,
        2
      ],
      "2024-10": [
        37,
        4,
        11,
        11,
        10,
        4,
        7,
        6,
        2,
        5,
        12,
        5,
        3
      ],
      "2024-11": [
        24,
        2,
        5,
        10,
        7,
        4,
        4,
        7,
        7,
        5,
        3,
        5,
        6
      ],
      "2024-12": [
        29,
        3,
        6,
        11,
        3,
        2,
        11,
        9,
        4,
        7,
        6,
        1,
        3
      ],
      "2025-01": [
        43,
        3,
        6,
        7,
        8,
        4,
        4,
        2,
        7,
        8,
        7,
        4,
        1
      ],
      "2025-02": [
        28,
        2,
        7,
        7,
        4,
        0,
        3,
        3,
        4,
        6,
        6,
        4,
        2
      ],
      "2025-03": [
        46,
        5,
        11,
        4,
        9,
        4,
        7,
        4,
        6,
        5,
        5,
        9,
        3
      ],
      "2025-04": [
        36,
        7,
        10,
        10,
        13,
        4,
        3,
        5,
        7,
        2,
        12,
        4,
        1
      ],
      "2025-05": [
        36,
        1,
        4,
        8,
        4,
        6,
        7,
        9,
        9,
        8,
        4,
        2,
        4
      ],
      "2025-06": [
        21,
        5,
        10,
        7,
        6,
        0,
        7,
        6,
        0,
        8,
        7,
        3,
        4
      ],
      "2025-07": [
        33,
        4,
        5,
        8,
        9,
        7,
        7,
        6,
        9,
        4,
        5,
        9,
        4
      ],
      "2025-08": [
        38,
        4,
        7,
        9,
        6,
        0,
        6,
        5,
        3,
        5,
        3,
        3,
        1
      ],
      "2025-09": [
        21,
        3,
        5,
        3,
        1,
        0,
        2,
        8,
        5,
        3,
        1,
        3,
        1
      ]
    },
    "papers": {
      "0": [
        {
          "title": "Clustering and ordering in cell assemblies with generic asymmetric aligning interactions",
          "year": "2020-12",
          "abstract": "Collective cell migration plays an essential role in various biological\nprocesses, such as development or cancer proliferation. While cell-cell\ninteractions are clearly key determinants of collective cell migration -- in\naddition to individual cells self-propulsion -- the physical mechanisms that\ncontrol the emergence of cell clustering and collective cell migration are\nstill poorly understood. In particular, observations have shown that binary\ncell-cell collisions generally lead to anti-alignement of cell polarities and\nseparation of pairs -- a process called contact inhibition of locomotion (CIL),\nwhich is expected to disfavor the formation of large scale cell clusters with\ncoherent motion. Here, we adopt a joint experimental and theoretical approach\nto determine the large scale dynamics of cell assemblies from elementary\npairwise cell-cell interaction rules. We quantify experimentally binary\ncell-cell interactions and show that they can be captured by a minimal\nequilibrium-like pairwise asymmetric aligning interaction potential that\nreproduces the CIL phenomenology. We identify its symmetry class, build the\ncorresponding active hydrodynamic theory and show on general grounds that such\nasymmetric aligning interaction destroys large scale clustering and ordering,\nleading instead to a liquid-like microphase of cell clusters of finite size and\nshort lived polarity, or to a fully dispersed isotropic phase. Finally, this\nshows that CIL-like asymmetric interactions in cellular systems -- or general\nactive systems -- control cluster sizes and polarity, and can prevent large\nscale coarsening and long range polarity, except in the singular regime of\ndense confluent systems.",
          "arxiv_id": "2012.00785v1"
        },
        {
          "title": "Viscoelastic control of spatiotemporal order in bacterial active matter",
          "year": "2020-07",
          "abstract": "Active matter consists of units that generate mechanical work by consuming\nenergy. Examples include living systems, such as assemblies of bacteria and\nbiological tissues, biopolymers driven by molecular motors, and suspensions of\nsynthetic self-propelled particles. A central question in the field is to\nunderstand and control the self-organization of active assemblies in space and\ntime. Most active systems exhibit either spatial order mediated by interactions\nthat coordinate the spatial structure and the motion of active agents or the\ntemporal synchronization of individual oscillatory dynamics. The simultaneous\ncontrol of spatial and temporal organization is more challenging and generally\nrequires complex interactions, such as reaction-diffusion hierarchies or\ngenetically engineered cellular circuits. Here, we report a novel and simple\nmeans to simultaneously control the spatial and temporal self-organization of\nbacterial active matter. By confining an active bacterial suspension and\nmanipulating a single macroscopic parameter, namely the viscoelasticity of the\nsuspending fluid, we have found that the bacterial fluid first self-organizes\nin space into a millimeter-scale rotating vortex; then displays temporal\norganization as the giant vortex switches its global chirality periodically\nwith tunable frequency, reminiscent of a torsional pendulum - a self-driven\none. Combining experiments with an active matter model, we explain this\nstriking behavior in terms of the interplay between active forcing and\nviscoelastic stress relaxation. Our findings advance the understanding of\nbacterial behavior in complex fluids, and demonstrate experimentally for the\nfirst time that rheological properties can be harnessed to control active\nmatter flows. Coupled with actuation, our tunable self-oscillating bacterial\nvortex may be used as a \"clock\" for locomotion of soft robots and microfluidic\npumping.",
          "arxiv_id": "2007.16206v3"
        },
        {
          "title": "Interplay between substrate rigidity and tissue fluidity regulates cell monolayer spreading",
          "year": "2022-06",
          "abstract": "Coordinated and cooperative motion of cells is essential for embryonic\ndevelopment, tissue morphogenesis, wound healing and cancer invasion. A\npredictive understanding of the emergent mechanical behaviors in collective\ncell motion is challenging due to the complex interplay between cell-cell\ninteractions, cell-matrix adhesions and active cell behaviors. To overcome this\nchallenge, we develop a predictive cellular vertex model that can delineate the\nrelative roles of substrate rigidity, tissue mechanics and active cell\nproperties on the movement of cell collectives. We apply the model to the\nspecific case of collective motion in cell aggregates as they spread into a\ntwo-dimensional cell monolayer adherent to a soft elastic matrix. Consistent\nwith recent experiments, we find that substrate stiffness regulates the driving\nforces for the spreading of cellular monolayer, which can be pressure-driven or\ncrawling-based depending on substrate rigidity. On soft substrates, cell\nmonolayer spreading is driven by an active pressure due to the influx of cells\ncoming from the aggregate, whereas on stiff substrates, cell spreading is\ndriven primarily by active crawling forces. Our model predicts that cooperation\nof cell crawling and tissue pressure drives faster spreading, while the\nspreading rate is sensitive to the mechanical properties of the tissue. We find\nthat solid tissues spread faster on stiff substrates, with spreading rate\nincreasing with tissue tension. By contrast, the spreading of fluid tissues is\nindependent of substrate stiffness and is slower than solid tissues. We compare\nour theoretical results with experimental results on traction force generation\nand spreading kinetics of cell monolayers, and provide new predictions on the\nrole of tissue fluidity and substrate rigidity on collective cell motion.",
          "arxiv_id": "2206.03570v2"
        }
      ],
      "1": [
        {
          "title": "Multiphoton super-resolution imaging via virtual structured illumination",
          "year": "2024-04",
          "abstract": "Imaging in thick biological tissues is often degraded by sample-induced\naberrations, which reduce image quality and resolution, particularly in\nsuper-resolution techniques. While hardware-based adaptive optics, which\ncorrect aberrations using wavefront shaping devices, provide an effective\nsolution, their complexity and cost limit accessibility. Computational methods\noffer simpler alternatives but struggle with complex aberrations due to the\nincoherent nature of fluorescence. Here, we present a deep-tissue\nsuper-resolution imaging framework that addresses these challenges with minimal\nhardware modification. By replacing the photodetector in a standard\nlaser-scanning microscope with a camera, we measure an incoherent response\nmatrix (IRM). A dual deconvolution algorithm is developed to decompose the IRM\ninto excitation and emission optical transfer functions and the object\nspectrum. The proposed method simultaneously corrects excitation and emission\npoint-spread functions (PSFs), achieving a resolution of {\\lambda}/4,\ncomparable to structured illumination microscopy. Unlike existing computational\nmethods that rely on vector decomposition of a single convoluted PSF, our\nmatrix-based approach enhances image reconstruction, particularly for high\nspatial frequency components, enabling super-resolution even in the presence of\ncomplex aberrations. We validated this framework with two-photon\nsuper-resolution imaging, achieving a lateral resolution of 130 nanometers at a\ndepth of 180 micrometers in thick mouse brain tissue.",
          "arxiv_id": "2404.11849v2"
        },
        {
          "title": "Super-resolution in vivo retinal imaging using structured illumination ophthalmoscopy",
          "year": "2020-07",
          "abstract": "Structured illumination microscopy (SIM) is one of the most versatile\nsuper-resolution techniques. Yet, its application to live imaging has been so\nfar mainly limited to fluorescent and stationary specimens. Here, we present\nadvancements in SIM to jointly tackle all the challenges of imaging living\nsamples, i.e., obtaining super-resolution over an undistorted wide-field while\ndealing with sample motion, scattering, sample-induced optical aberrations and\nlow signal-to-noise ratio. By using adaptive optics to compensate for optical\naberrations and a reconstruction algorithm tailored for a moving and thick\ntissue, we successfully applied SIM to in vivo retinal imaging and demonstrated\nstructured illumination ophthalmoscopy for high contrast super-resolution in\nvivo imaging of the human retina.",
          "arxiv_id": "2007.16028v2"
        },
        {
          "title": "Light sheet and light field microscopy based on scanning Bessel beam illumination",
          "year": "2023-11",
          "abstract": "We developed a Bessel light sheet fluorescence microscopy (LSFM) system to\nenable high-speed, wide-field intra-vital imaging of zebrafish and other thick\nbiological samples. This system uses air objectives for the convenient mounting\nof large samples and incorporates an electrically tunable lens for automatic\nfocusing during volumetric imaging. To enhance the precision of 3D imaging, the\nimpact of the electrically tunable lens on system magnification is investigated\nand modified through designed experiments. Despite using Bessel beams with side\nlobes, we achieved satisfactory image quality through a straightforward\nbackground noise subtraction method, eliminating the need for further\ndeconvolution. Our system provides zebrafish imaging at a resolution comparable\nto commercial confocal microscopy but in just 1/40th of the time. We also\nintroduced light field microscopy (LFM) to improve 3D in vivo imaging temporal\nresolution. Apart from the 28-fold speed enhancement, the comparison of LFM and\nLSFM results reveals a unique aspect of LFM imaging concerning image dynamic\nrange, which has not been previously reported.",
          "arxiv_id": "2311.02441v1"
        }
      ],
      "2": [
        {
          "title": "Reverse-time analysis and boundary classification of directional biological dynamics with multiplicative noise",
          "year": "2023-04",
