{
  "topics": {
    "data": {
      "0": {
        "name": "0_graph_graphs_time_problem",
        "keywords": [
          [
            "graph",
            0.02341819681453893
          ],
          [
            "graphs",
            0.02221966553206485
          ],
          [
            "time",
            0.017675527456231077
          ],
          [
            "problem",
            0.01674437269465821
          ],
          [
            "algorithm",
            0.0160050167846094
          ],
          [
            "vertex",
            0.013743433020421785
          ],
          [
            "edge",
            0.012401434472625565
          ],
          [
            "vertices",
            0.011121861309124539
          ],
          [
            "algorithms",
            0.0104407516213424
          ],
          [
            "approximation",
            0.009617345841604522
          ]
        ],
        "count": 2745
      },
      "1": {
        "name": "1_problem_online_algorithm_competitive",
        "keywords": [
          [
            "problem",
            0.01969642275363778
          ],
          [
            "online",
            0.0185171190807911
          ],
          [
            "algorithm",
            0.016892853214378913
          ],
          [
            "competitive",
            0.014876473779719597
          ],
          [
            "algorithms",
            0.01209766601645856
          ],
          [
            "ratio",
            0.011976131572036123
          ],
          [
            "approximation",
            0.01181445858588548
          ],
          [
            "time",
            0.011268794262859906
          ],
          [
            "optimal",
            0.010788338611459792
          ],
          [
            "matching",
            0.009588413708585672
          ]
        ],
        "count": 1975
      },
      "2": {
        "name": "2_string_time_strings_length",
        "keywords": [
          [
            "string",
            0.03064753068352475
          ],
          [
            "time",
            0.024912704552832187
          ],
          [
            "strings",
            0.022382842917042494
          ],
          [
            "length",
            0.02231140586890548
          ],
          [
            "pattern",
            0.016321908406046432
          ],
          [
            "space",
            0.015213608070284561
          ],
          [
            "distance",
            0.014315237113008153
          ],
          [
            "algorithm",
            0.014195966687818898
          ],
          [
            "edit",
            0.014053065588088498
          ],
          [
            "problem",
            0.0135427135290038
          ]
        ],
        "count": 683
      },
      "3": {
        "name": "3_clustering_approximation_Clustering_algorithm",
        "keywords": [
          [
            "clustering",
            0.03093776432998332
          ],
          [
            "approximation",
            0.02068387633712161
          ],
          [
            "Clustering",
            0.015900288416793657
          ],
          [
            "algorithm",
            0.015900006489097975
          ],
          [
            "points",
            0.015256687701318486
          ],
          [
            "data",
            0.014664365769202652
          ],
          [
            "means",
            0.01421781161420899
          ],
          [
            "problem",
            0.013507749244159806
          ],
          [
            "algorithms",
            0.012183593554625755
          ],
          [
            "time",
            0.01163753227069417
          ]
        ],
        "count": 548
      },
      "4": {
        "name": "4_data_sorting_tree_time",
        "keywords": [
          [
            "data",
            0.02504811314369484
          ],
          [
            "sorting",
            0.019091569313198522
          ],
          [
            "tree",
            0.014787366743230536
          ],
          [
            "time",
            0.013897661373433243
          ],
          [
            "trees",
            0.013608041292459941
          ],
          [
            "queries",
            0.013058839183520498
          ],
          [
            "structures",
            0.012926050783964802
          ],
          [
            "structure",
            0.012548417532310912
          ],
          [
            "data structures",
            0.012096659738645045
          ],
          [
            "hash",
            0.012046655454380877
          ]
        ],
        "count": 515
      },
      "5": {
        "name": "5_quantum_Quantum_classical_algorithm",
        "keywords": [
          [
            "quantum",
            0.08596607135896978
          ],
          [
            "Quantum",
            0.026706407076731366
          ],
          [
            "classical",
            0.02320518149257864
          ],
          [
            "algorithm",
            0.017507060282314673
          ],
          [
            "state",
            0.017485539036867222
          ],
          [
            "algorithms",
            0.015083236755697149
          ],
          [
            "states",
            0.014479807983474964
          ],
          [
            "quantum algorithms",
            0.012841633541786981
          ],
          [
            "quantum algorithm",
            0.012762579797049704
          ],
          [
            "complexity",
            0.012159378381271386
          ]
        ],
        "count": 497
      },
      "6": {
        "name": "6_matrix_algorithm_rank_regression",
        "keywords": [
          [
            "matrix",
            0.022595277757763276
          ],
          [
            "algorithm",
            0.013624188622479407
          ],
          [
            "rank",
            0.013119916386439303
          ],
          [
            "regression",
            0.012674239605126597
          ],
          [
            "Gaussian",
            0.011198861075917171
          ],
          [
            "algorithms",
            0.01100736175993563
          ],
          [
            "low",
            0.01087712607052889
          ],
          [
            "linear",
            0.010767381791034461
          ],
          [
            "sparse",
            0.01036172951842898
          ],
          [
            "matrices",
            0.010202361913032816
          ]
        ],
        "count": 464
      },
      "7": {
        "name": "7_random_graphs_graph_degree",
        "keywords": [
          [
            "random",
            0.020955341818609738
          ],
          [
            "graphs",
            0.01868976191820986
          ],
          [
            "graph",
            0.017118014885647924
          ],
          [
            "degree",
            0.017041118369556702
          ],
          [
            "spectral",
            0.016238251019984364
          ],
          [
            "mixing",
            0.01534498415366924
          ],
          [
            "model",
            0.014149784773081847
          ],
          [
            "sampling",
            0.013221274434260048
          ],
          [
            "algorithm",
            0.012896117821801877
          ],
          [
            "dynamics",
            0.012841976219282817
          ]
        ],
        "count": 406
      },
      "8": {
        "name": "8_privacy_private_DP_differential privacy",
        "keywords": [
          [
            "privacy",
            0.062065576696886865
          ],
          [
            "private",
            0.037240067378630046
          ],
          [
            "DP",
            0.027947978046142567
          ],
          [
            "differential privacy",
            0.02630449093671979
          ],
          [
            "differential",
            0.025863431821257662
          ],
          [
            "data",
            0.01955727543229386
          ],
          [
            "Private",
            0.0175377553629555
          ],
          [
            "mechanism",
            0.017062400998610856
          ],
          [
            "error",
            0.013919805598585761
          ],
          [
            "Privacy",
            0.013820449576311145
          ]
        ],
        "count": 331
      },
      "9": {
        "name": "9_learning_testing_distribution_sample",
        "keywords": [
          [
            "learning",
            0.03755255935017679
          ],
          [
            "testing",
            0.023947711660008492
          ],
          [
            "distribution",
            0.023736047656753377
          ],
          [
            "sample",
            0.017370623644226882
          ],
          [
            "complexity",
            0.0168673279155499
          ],
          [
            "samples",
            0.014920890810500092
          ],
          [
            "algorithm",
            0.0140790056500077
          ],
          [
            "distributions",
            0.013809482220522163
          ],
          [
            "sample complexity",
            0.01290101526287527
          ],
          [
            "PAC",
            0.012386700327869165
          ]
        ],
        "count": 309
      },
      "10": {
        "name": "10_graph_graphs_algorithm_algorithms",
        "keywords": [
          [
            "graph",
            0.029999284590505878
          ],
          [
            "graphs",
            0.019296808037153078
          ],
          [
            "algorithm",
            0.015609773533092012
          ],
          [
            "algorithms",
            0.014980988451536234
          ],
          [
            "subgraph",
            0.012975721714967116
          ],
          [
            "networks",
            0.012899122286317562
          ],
          [
            "real",
            0.012568920011156772
          ],
          [
            "parallel",
            0.011642595873646296
          ],
          [
            "large",
            0.01115633316888054
          ],
          [
            "world",
            0.010864140292274975
          ]
        ],
        "count": 297
      },
      "11": {
        "name": "11_algorithm_time_Subset_Sum",
        "keywords": [
          [
            "algorithm",
            0.02412849613685199
          ],
          [
            "time",
            0.020557291375533936
          ],
          [
            "Subset",
            0.015916447942297754
          ],
          [
            "Sum",
            0.015083104839414411
          ],
          [
            "problem",
            0.012694137158617048
          ],
          [
            "algorithms",
            0.01182784179481262
          ],
          [
            "polynomial",
            0.011634452917854561
          ],
          [
            "matrix",
            0.011454985669202153
          ],
          [
            "integers",
            0.009728142990470133
          ],
          [
            "integer",
            0.009437922964125864
          ]
        ],
        "count": 267
      },
      "12": {
        "name": "12_stream_data_streaming_space",
        "keywords": [
          [
            "stream",
            0.028012240465860573
          ],
          [
            "data",
            0.025413578289668712
          ],
          [
            "streaming",
            0.02249490782719249
          ],
          [
            "space",
            0.021307932189374042
          ],
          [
            "sketch",
            0.01863766122190203
          ],
          [
            "estimation",
            0.01780423961487649
          ],
          [
            "sketches",
            0.015448127462963033
          ],
          [
            "streams",
            0.014916649900309331
          ],
          [
            "algorithms",
            0.01451731216207608
          ],
          [
            "algorithm",
            0.014319912820975594
          ]
        ],
        "count": 187
      },
      "13": {
        "name": "13_SAT_CSPs_variables_problems",
        "keywords": [
          [
            "SAT",
            0.04513586083367299
          ],
          [
            "CSPs",
            0.021049408413028506
          ],
          [
            "variables",
            0.018663772445619436
          ],
          [
            "problems",
            0.016558465825225757
          ],
          [
            "Boolean",
            0.015306142835204609
          ],
          [
            "constraint",
            0.015210351582413623
          ],
          [
            "formula",
            0.0150429328584297
          ],
          [
            "problem",
            0.01381753449147725
          ],
          [
            "constraints",
            0.01375604520557912
          ],
          [
            "CNF",
            0.013097313688660154
          ]
        ],
        "count": 166
      },
      "14": {
        "name": "14_temporal_time_Temporal_temporal graphs",
        "keywords": [
          [
            "temporal",
            0.06899233114154667
          ],
          [
            "time",
            0.02332283289912019
          ],
          [
            "Temporal",
            0.02204353212298052
          ],
          [
            "temporal graphs",
            0.020711900113077344
          ],
          [
            "network",
            0.020335387764596168
          ],
          [
            "graph",
            0.01999734137432604
          ],
          [
            "graphs",
            0.019735189914232662
          ],
          [
            "temporal graph",
            0.018776161734881842
          ],
          [
            "problem",
            0.01729003244539166
          ],
          [
            "networks",
            0.013823200065713973
          ]
        ],
        "count": 159
      },
      "15": {
        "name": "15_robots_agent_agents_robot",
        "keywords": [
          [
            "robots",
            0.030332331528362125
          ],
          [
            "agent",
            0.027386229547824124
          ],
          [
            "agents",
            0.021149010998268457
          ],
          [
            "robot",
            0.02085532937626208
          ],
          [
            "time",
            0.019299489466068416
          ],
          [
            "algorithm",
            0.017327453941169593
          ],
          [
            "node",
            0.016077743310170586
          ],
          [
            "problem",
            0.015446138340913856
          ],
          [
            "leader",
            0.014970456930601736
          ],
          [
            "nodes",
            0.013523994965775513
          ]
        ],
        "count": 152
      },
      "16": {
        "name": "16_points_time_set_problem",
        "keywords": [
          [
            "points",
            0.030000771309225953
          ],
          [
            "time",
            0.029184444249806523
          ],
          [
            "set",
            0.026238892442802253
          ],
          [
            "problem",
            0.024109814280965283
          ],
          [
            "plane",
            0.02018497107276946
          ],
          [
            "algorithm",
            0.01822220558742647
          ],
          [
            "point",
            0.016456009342805673
          ],
          [
            "disks",
            0.014855961986094167
          ],
          [
            "disk",
            0.01236053304418786
          ],
          [
            "approximation",
            0.011237144403428562
          ]
        ],
        "count": 134
      },
      "17": {
        "name": "17_streaming_space_pass_algorithms",
        "keywords": [
          [
            "streaming",
            0.0494555341907154
          ],
          [
            "space",
            0.032710308159103925
          ],
          [
            "pass",
            0.027967927617136422
          ],
          [
            "algorithms",
            0.020802554933880654
          ],
          [
            "passes",
            0.020749093303724677
          ],
          [
            "graph",
            0.018949102795451096
          ],
          [
            "semi",
            0.018220332232241534
          ],
          [
            "algorithm",
            0.01749540743133255
          ],
          [
            "matching",
            0.016523963880562004
          ],
          [
            "streaming model",
            0.016136797823053634
          ]
        ],
        "count": 113
      }
    },
    "correlations": [
      [
        1.0,
        -0.047205840678336844,
        -0.49468438524797664,
        -0.3557806309052304,
        -0.6661807412003933,
        -0.7199396504296995,
        -0.6798685695973918,
        -0.2310667884750649,
        -0.7347304320107702,
        -0.6239450459474225,
        -0.18133947695623223,
        0.12522596510073034,
        -0.6884735477800228,
        -0.7299804312574654,
        -0.5624912565272517,
        -0.5430438234475545,
        -0.07736895047130453,
        -0.6234209834571095
      ],
      [
        -0.047205840678336844,
        1.0,
        -0.6133650433440876,
        -0.40215661185848994,
        -0.6710435644484576,
        -0.7209675774295174,
        -0.6671144731609029,
        -0.5824077359870701,
        -0.7300623767756997,
        -0.5003655843650666,
        -0.6163631450782088,
        -0.26498953668535985,
        -0.6855367506660375,
        -0.7346786727024986,
        -0.6829819644935888,
        -0.6344778382330523,
        -0.23050504023498208,
        -0.6191352776493347
      ],
      [
        -0.49468438524797664,
        -0.6133650433440876,
        1.0,
        -0.6710711602226818,
        -0.6573557012868716,
        -0.7357889468337921,
        -0.7394275497410182,
        -0.6940216949849535,
        -0.7512990064194139,
        -0.7220647703615625,
        -0.6977619622988405,
        -0.4480974536052406,
        -0.6994482799522249,
        -0.7515274922230037,
        -0.4869693718218301,
        -0.4921917957688066,
        -0.4387355337766563,
        -0.6833721820060322
      ],
      [
        -0.3557806309052304,
        -0.40215661185848994,
        -0.6710711602226818,
        1.0,
        -0.6981717305359805,
        -0.7370650442956042,
        -0.7169763362938968,
        -0.6749540552995308,
        -0.7372569638272477,
        -0.6764740913277043,
        -0.664645793352409,
        -0.2578054985310297,
        -0.6907824864640404,
        -0.7490929381175249,
        -0.7072305710626201,
        -0.6921817250663969,
        -0.5341057813871375,
        -0.644160520185775
      ],
      [
        -0.6661807412003933,
        -0.6710435644484576,
        -0.6573557012868716,
        -0.6981717305359805,
        1.0,
        -0.7496729865429984,
        -0.7392159538203289,
        -0.7211364183368971,
        -0.7372649074598236,
        -0.7147017751305555,
        -0.7093410642629413,
        -0.6779083066415381,
        -0.4523993685082348,
        -0.762971395421122,
        -0.7107408884890297,
        -0.717351139798649,
        -0.5419666738880307,
        -0.6805579488689002
      ],
      [
        -0.7199396504296995,
        -0.7209675774295174,
        -0.7357889468337921,
        -0.7370650442956042,
        -0.7496729865429984,
        1.0,
        -0.7356230904974741,
        -0.7421349473700636,
        -0.7583342781808936,
        -0.7239099363421476,
        -0.746083829831711,
        -0.7200798594643245,
        -0.757898293178366,
        -0.74606701740569,
        -0.7528701462679356,
        -0.7496926133444277,
        -0.7366288156284734,
        -0.7427915915861314
      ],
      [
        -0.6798685695973918,
        -0.6671144731609029,
        -0.7394275497410182,
        -0.7169763362938968,
        -0.7392159538203289,
        -0.7356230904974741,
        1.0,
        -0.6718592348312058,
        -0.7481490079731825,
        -0.6533766941192389,
        -0.7412579574988664,
        -0.6586628681869877,
        -0.7304175497818042,
        -0.750985358385466,
        -0.7473159774545206,
        -0.7456367995201121,
        -0.7188511072857959,
        -0.7295692043387814
      ],
      [
        -0.2310667884750649,
        -0.5824077359870701,
        -0.6940216949849535,
        -0.6749540552995308,
        -0.7211364183368971,
        -0.7421349473700636,
        -0.6718592348312058,
        1.0,
        -0.7517254720826422,
        -0.6660220184485881,
        -0.06861778451163038,
        -0.5965047651200894,
        -0.7325050728952792,
        -0.750248175268617,
        -0.7088841683294712,
        -0.7019798583339772,
        -0.6151759233547845,
        -0.6987007137529611
      ],
      [
        -0.7347304320107702,
        -0.7300623767756997,
        -0.7512990064194139,
        -0.7372569638272477,
        -0.7372649074598236,
        -0.7583342781808936,
        -0.7481490079731825,
        -0.7517254720826422,
        1.0,
        -0.7016646888871797,
        -0.7491150888046938,
        -0.7299298425593665,
        -0.6955053772811495,
        -0.7638818880235348,
        -0.7528614088910528,
        -0.7469064254112483,
        -0.7412814665450534,
        -0.7376665692347871
      ],
      [
        -0.6239450459474225,
        -0.5003655843650666,
        -0.7220647703615625,
        -0.6764740913277043,
        -0.7147017751305555,
        -0.7239099363421476,
        -0.6533766941192389,
        -0.6660220184485881,
        -0.7016646888871797,
        1.0,
        -0.7251397608279039,
        -0.6240370607055787,
        -0.7171365859533949,
        -0.7586316423622885,
        -0.7384090691967313,
        -0.7207963708411416,
        -0.6665518275359591,
        -0.6876317791354585
      ],
      [
        -0.18133947695623223,
        -0.6163631450782088,
        -0.6977619622988405,
        -0.664645793352409,
        -0.7093410642629413,
        -0.746083829831711,
        -0.7412579574988664,
        -0.06861778451163038,
        -0.7491150888046938,
        -0.7251397608279039,
        1.0,
        -0.6328412779504319,
        -0.7258257466276261,
        -0.7539683624264384,
        -0.6895683765275931,
        -0.7043591294500025,
        -0.6244982935476997,
        -0.6834988512049317
      ],
      [
        0.12522596510073034,
        -0.26498953668535985,
        -0.4480974536052406,
        -0.2578054985310297,
        -0.6779083066415381,
        -0.7200798594643245,
        -0.6586628681869877,
        -0.5965047651200894,
        -0.7299298425593665,
        -0.6240370607055787,
        -0.6328412779504319,
        1.0,
        -0.6921753610960082,
        -0.7307372523752574,
        -0.5210705537824891,
        -0.5009603969890276,
        -0.3936111839769985,
        -0.6526320921165325
      ],
      [
        -0.6884735477800228,
        -0.6855367506660375,
        -0.6994482799522249,
        -0.6907824864640404,
        -0.4523993685082348,
        -0.757898293178366,
        -0.7304175497818042,
        -0.7325050728952792,
        -0.6955053772811495,
        -0.7171365859533949,
        -0.7258257466276261,
        -0.6921753610960082,
        1.0,
        -0.7563371802530054,
        -0.7290511601504698,
        -0.7385137711174037,
        -0.6862443575189383,
        -0.3972012864801669
      ],
      [
        -0.7299804312574654,
        -0.7346786727024986,
        -0.7515274922230037,
        -0.7490929381175249,
        -0.762971395421122,
        -0.74606701740569,
        -0.750985358385466,
        -0.750248175268617,
        -0.7638818880235348,
        -0.7586316423622885,
        -0.7539683624264384,
        -0.7307372523752574,
        -0.7563371802530054,
        1.0,
        -0.7559159024970883,
        -0.756617654792113,
        -0.735935012383695,
        -0.7380922784168522
      ],
      [
        -0.5624912565272517,
        -0.6829819644935888,
        -0.4869693718218301,
        -0.7072305710626201,
        -0.7107408884890297,
        -0.7528701462679356,
        -0.7473159774545206,
        -0.7088841683294712,
        -0.7528614088910528,
        -0.7384090691967313,
        -0.6895683765275931,
        -0.5210705537824891,
        -0.7290511601504698,
        -0.7559159024970883,
        1.0,
        -0.4242835786143371,
        -0.5455524271768908,
        -0.7190478372296958
      ],
      [
        -0.5430438234475545,
        -0.6344778382330523,
        -0.4921917957688066,
        -0.6921817250663969,
        -0.717351139798649,
        -0.7496926133444277,
        -0.7456367995201121,
        -0.7019798583339772,
        -0.7469064254112483,
        -0.7207963708411416,
        -0.7043591294500025,
        -0.5009603969890276,
        -0.7385137711174037,
        -0.756617654792113,
        -0.4242835786143371,
        1.0,
        -0.5275125433122523,
        -0.7209755125273742
      ],
      [
        -0.07736895047130453,
        -0.23050504023498208,
        -0.4387355337766563,
        -0.5341057813871375,
        -0.5419666738880307,
        -0.7366288156284734,
        -0.7188511072857959,
        -0.6151759233547845,
        -0.7412814665450534,
        -0.6665518275359591,
        -0.6244982935476997,
        -0.3936111839769985,
        -0.6862443575189383,
        -0.735935012383695,
        -0.5455524271768908,
        -0.5275125433122523,
        1.0,
        -0.637907756548452
      ],
      [
        -0.6234209834571095,
        -0.6191352776493347,
        -0.6833721820060322,
        -0.644160520185775,
        -0.6805579488689002,
        -0.7427915915861314,
        -0.7295692043387814,
        -0.6987007137529611,
        -0.7376665692347871,
        -0.6876317791354585,
        -0.6834988512049317,
        -0.6526320921165325,
        -0.3972012864801669,
        -0.7380922784168522,
        -0.7190478372296958,
        -0.7209755125273742,
        -0.637907756548452,
        1.0
      ]
    ],
    "series": {
      "2020-01": [
        45,
        18,
        5,
        2,
        10,
        6,
        0,
        2,
        2,
        4,
        3,
        10,
        0,
        1,
        4,
        1,
        11,
        6
      ],
      "2020-02": [
        53,
        46,
        11,
        13,
        15,
        4,
        4,
        3,
        6,
        11,
        5,
        12,
        0,
        2,
        1,
        4,
        23,
        18
      ],
      "2020-03": [
        26,
        26,
        9,
        6,
        7,
        3,
        1,
        1,
        4,
        5,
        6,
        14,
        0,
        1,
        2,
        3,
        20,
        9
      ],
      "2020-04": [
        56,
        41,
        11,
        10,
        9,
        8,
        2,
        6,
        3,
        9,
        4,
        17,
        5,
        3,
        5,
        2,
        19,
        8
      ],
      "2020-05": [
        30,
        39,
        10,
        8,
        10,
        6,
        2,
        3,
        3,
        6,
        5,
        11,
        1,
        2,
        0,
        6,
        15,
        8
      ],
      "2020-06": [
        44,
        42,
        10,
        18,
        7,
        3,
        1,
        4,
        7,
        19,
        12,
        18,
        0,
        0,
        2,
        2,
        12,
        6
      ],
      "2020-07": [
        53,
        43,
        11,
        14,
        10,
        7,
        2,
        6,
        4,
        9,
        10,
        22,
        3,
        2,
        5,
        3,
        25,
        9
      ],
      "2020-08": [
        44,
        31,
        4,
        10,
        7,
        1,
        1,
        4,
        3,
        5,
        12,
        12,
        2,
        2,
        1,
        2,
        17,
        5
      ],
      "2020-09": [
        24,
        39,
        4,
        12,
        10,
        8,
        3,
        2,
        8,
        4,
        8,
        11,
        0,
        2,
        2,
        2,
        13,
        16
      ],
      "2020-10": [
        37,
        38,
        5,
        5,
        16,
        5,
        3,
        4,
        14,
        10,
        6,
        15,
        1,
        1,
        5,
        2,
        14,
        15
      ],
      "2020-11": [
        38,
        51,
        8,
        14,
        8,
        7,
        3,
        2,
        4,
        9,
        5,
        25,
        4,
        5,
        1,
        2,
        23,
        12
      ],
      "2020-12": [
        32,
        42,
        7,
        8,
        9,
        5,
        0,
        5,
        5,
        8,
        5,
        10,
        1,
        1,
        1,
        1,
        11,
        5
      ],
      "2021-01": [
        35,
        19,
        1,
        4,
        6,
        2,
        2,
        1,
        1,
        4,
        3,
        5,
        1,
        1,
        3,
        0,
        18,
        6
      ],
      "2021-02": [
        40,
        41,
        5,
        10,
        6,
        7,
        3,
        6,
        7,
        14,
        7,
        9,
        0,
        3,
        3,
        4,
        14,
        12
      ],
      "2021-03": [
        35,
        25,
        4,
        5,
        4,
        10,
        1,
        3,
        4,
        4,
        1,
        9,
        0,
        0,
        1,
        1,
        10,
        4
      ],
      "2021-04": [
        27,
        34,
        1,
        9,
        4,
        0,
        0,
        3,
        3,
        2,
        5,
        9,
        0,
        0,
        1,
        0,
        10,
        5
      ],
      "2021-05": [
        60,
        29,
        14,
        14,
        8,
        6,
        1,
        5,
        3,
        6,
        2,
        15,
        0,
        1,
        4,
        6,
        15,
        13
      ],
      "2021-06": [
        37,
        36,
        9,
        20,
        7,
        6,
        2,
        6,
        14,
        12,
        3,
        18,
        3,
        1,
        2,
        3,
        23,
        19
      ],
      "2021-07": [
        39,
        41,
        6,
        13,
        11,
        5,
        5,
        1,
        1,
        14,
        3,
        16,
        2,
        5,
        1,
        1,
        20,
        17
      ],
      "2021-08": [
        27,
        25,
        6,
        6,
        7,
        10,
        2,
        2,
        5,
        6,
        2,
        9,
        1,
        2,
        1,
        4,
        10,
        8
      ],
      "2021-09": [
        26,
        29,
        3,
        3,
        7,
        5,
        0,
        3,
        2,
        1,
        3,
        9,
        1,
        2,
        2,
        4,
        12,
        9
      ],
      "2021-10": [
        32,
        34,
        3,
        11,
        8,
        10,
        2,
        5,
        8,
        7,
        5,
        17,
        0,
        1,
        4,
        2,
        14,
        6
      ],
      "2021-11": [
        53,
        47,
        5,
        17,
        9,
        4,
        4,
        7,
        9,
        8,
        6,
        12,
        1,
        2,
        2,
        4,
        26,
        15
      ],
      "2021-12": [
        31,
        33,
        6,
        14,
        3,
        14,
        1,
        2,
        5,
        9,
        4,
        12,
        1,
        2,
        4,
        2,
        19,
        6
      ],
      "2022-01": [
        43,
        23,
        6,
        2,
        8,
        8,
        2,
        0,
        5,
        5,
        3,
        8,
        1,
        2,
        5,
        1,
        7,
        7
      ],
      "2022-02": [
        27,
        34,
        9,
        10,
        4,
        14,
        3,
        1,
        3,
        6,
        2,
        12,
        2,
        1,
        6,
        4,
        13,
        7
      ],
      "2022-03": [
        29,
        33,
        4,
        8,
        7,
        11,
        1,
        5,
        10,
        4,
        6,
        7,
        4,
        1,
        2,
        0,
        19,
        8
      ],
      "2022-04": [
        30,
        36,
        8,
        6,
        2,
        5,
        3,
        3,
        2,
        10,
        6,
        14,
        3,
        2,
        5,
        4,
        17,
        14
      ],
      "2022-05": [
        35,
        35,
        4,
        11,
        4,
        4,
        2,
        4,
        7,
        8,
        2,
        10,
        2,
        4,
        2,
        2,
        16,
        11
      ],
      "2022-06": [
        31,
        26,
        9,
        7,
        10,
        9,
        2,
        3,
        9,
        12,
        7,
        12,
        0,
        2,
        3,
        1,
        18,
        8
      ],
      "2022-07": [
        35,
        30,
        7,
        8,
        6,
        7,
        1,
        3,
        7,
        8,
        3,
        16,
        0,
        7,
        0,
        1,
        17,
        17
      ],
      "2022-08": [
        39,
        36,
        7,
        14,
        9,
        4,
        3,
        2,
        5,
        6,
        5,
        11,
        3,
        3,
        1,
        0,
        23,
        7
      ],
      "2022-09": [
        35,
        42,
        7,
        8,
        8,
        11,
        3,
        4,
        1,
        5,
        7,
        14,
        0,
        0,
        1,
        4,
        18,
        13
      ],
      "2022-10": [
        43,
        32,
        7,
        12,
        7,
        11,
        2,
        1,
        5,
        7,
        6,
        13,
        2,
        2,
        1,
        3,
        11,
        7
      ],
      "2022-11": [
        47,
        43,
        9,
        10,
        14,
        9,
        5,
        7,
        12,
        15,
        8,
        18,
        0,
        4,
        2,
        2,
        27,
        15
      ],
      "2022-12": [
        36,
        19,
        5,
        3,
        8,
        8,
        2,
        3,
        4,
        7,
        1,
        10,
        0,
        2,
        1,
        1,
        10,
        6
      ],
      "2023-01": [
        34,
        18,
        4,
        12,
        6,
        7,
        1,
        1,
        10,
        8,
        4,
        11,
        2,
        1,
        3,
        4,
        9,
        8
      ],
      "2023-02": [
        34,
        36,
        6,
        6,
        7,
        7,
        1,
        4,
        9,
        13,
        9,
        24,
        1,
        2,
        4,
        4,
        20,
        7
      ],
      "2023-03": [
        34,
        35,
        7,
        7,
        6,
        8,
        2,
        2,
        4,
        5,
        6,
        10,
        2,
        1,
        3,
        2,
        11,
        4
      ],
      "2023-04": [
        36,
        43,
        5,
        10,
        11,
        4,
        6,
        6,
        7,
        4,
        6,
        10,
        1,
        0,
        5,
        1,
        12,
        10
      ],
      "2023-05": [
        41,
        39,
        10,
        15,
        12,
        9,
        1,
        5,
        9,
        8,
        3,
        13,
        3,
        0,
        3,
        4,
        16,
        19
      ],
      "2023-06": [
        36,
        35,
        12,
        8,
        11,
        9,
        3,
        1,
        13,
        11,
        8,
        13,
        2,
        3,
        4,
        1,
        20,
        7
      ],
      "2023-07": [
        57,
        53,
        8,
        12,
        9,
        9,
        4,
        11,
        7,
        7,
        10,
        14,
        0,
        4,
        2,
        2,
        20,
        19
      ],
      "2023-08": [
        42,
        30,
        8,
        21,
        4,
        9,
        3,
        5,
        7,
        4,
        5,
        11,
        0,
        1,
        1,
        0,
        22,
        16
      ],
      "2023-09": [
        32,
        34,
        6,
        11,
        6,
        4,
        4,
        1,
        5,
        8,
        5,
        8,
        1,
        3,
        3,
        0,
        13,
        9
      ],
      "2023-10": [
        46,
        32,
        5,
        12,
        13,
        6,
        0,
        3,
        3,
        7,
        6,
        20,
        2,
        4,
        2,
        3,
        17,
        9
      ],
      "2023-11": [
        48,
        37,
        3,
        11,
        13,
        18,
        6,
        4,
        5,
        11,
        6,
        17,
        2,
        2,
        0,
        4,
        16,
        11
      ],
      "2023-12": [
        37,
        31,
        5,
        9,
        7,
        3,
        1,
        2,
        5,
        6,
        4,
        10,
        1,
        2,
        3,
        2,
        11,
        8
      ],
      "2024-01": [
        28,
        21,
        2,
        9,
        6,
        7,
        0,
        3,
        2,
        7,
        3,
        10,
        2,
        3,
        2,
        1,
        9,
        6
      ],
      "2024-02": [
        51,
        46,
        7,
        9,
        9,
        14,
        2,
        4,
        6,
        10,
        12,
        17,
        1,
        2,
        3,
        7,
        20,
        15
      ],
      "2024-03": [
        27,
        30,
        7,
        7,
        7,
        5,
        3,
        3,
        11,
        10,
        6,
        18,
        2,
        4,
        4,
        6,
        16,
        8
      ],
      "2024-04": [
        49,
        36,
        12,
        9,
        7,
        8,
        3,
        4,
        6,
        11,
        8,
        16,
        2,
        0,
        2,
        3,
        16,
        5
      ],
      "2024-05": [
        36,
        42,
        5,
        9,
        10,
        7,
        1,
        5,
        8,
        7,
        7,
        15,
        1,
        2,
        2,
        4,
        26,
        13
      ],
      "2024-06": [
        43,
        26,
        7,
        7,
        13,
        10,
        4,
        4,
        14,
        9,
        5,
        9,
        3,
        2,
        1,
        4,
        16,
        9
      ],
      "2024-07": [
        47,
        31,
        13,
        9,
        9,
        9,
        3,
        6,
        8,
        9,
        7,
        12,
        3,
        0,
        2,
        3,
        20,
        7
      ],
      "2024-08": [
        33,
        37,
        6,
        1,
        4,
        14,
        2,
        5,
        9,
        5,
        4,
        8,
        2,
        1,
        1,
        0,
        20,
        4
      ],
      "2024-09": [
        37,
        33,
        11,
        7,
        11,
        7,
        0,
        4,
        5,
        9,
        7,
        12,
        3,
        2,
        2,
        4,
        18,
        3
      ],
      "2024-10": [
        42,
        47,
        11,
        14,
        7,
        24,
        3,
        8,
        5,
        15,
        7,
        22,
        1,
        2,
        0,
        5,
        17,
        13
      ],
      "2024-11": [
        37,
        39,
        14,
        18,
        11,
        16,
        1,
        7,
        9,
        21,
        4,
        11,
        6,
        5,
        3,
        1,
        14,
        10
      ],
