{
  "topics": {
    "data": {
      "0": {
        "name": "0_TESS_planet_planets_transit",
        "keywords": [
          [
            "TESS",
            0.021792038883063667
          ],
          [
            "planet",
            0.020137813724227627
          ],
          [
            "planets",
            0.01719532741671895
          ],
          [
            "transit",
            0.01632185597874776
          ],
          [
            "period",
            0.015338468910319014
          ],
          [
            "star",
            0.015292213910387188
          ],
          [
            "transiting",
            0.015117993012345654
          ],
          [
            "mass",
            0.013340229015526714
          ],
          [
            "orbital",
            0.011980910181228377
          ],
          [
            "radius",
            0.011488527162282406
          ]
        ],
        "count": 1108
      },
      "1": {
        "name": "1_disk_disks_dust_emission",
        "keywords": [
          [
            "disk",
            0.037652132040524505
          ],
          [
            "disks",
            0.02495396128774427
          ],
          [
            "dust",
            0.021340497619613832
          ],
          [
            "emission",
            0.01821431068272783
          ],
          [
            "CO",
            0.014892202992802988
          ],
          [
            "ALMA",
            0.014554872930702878
          ],
          [
            "gas",
            0.014461081337842867
          ],
          [
            "au",
            0.013974602139390785
          ],
          [
            "observations",
            0.013762640832945977
          ],
          [
            "protoplanetary",
            0.011340542689845056
          ]
        ],
        "count": 1018
      },
      "2": {
        "name": "2_dust_disc_disk_gas",
        "keywords": [
          [
            "dust",
            0.030157694525641272
          ],
          [
            "disc",
            0.02676197094450547
          ],
          [
            "disk",
            0.02333236158280661
          ],
          [
            "gas",
            0.020339791272647956
          ],
          [
            "discs",
            0.019156812955992576
          ],
          [
            "protoplanetary",
            0.01839741169754478
          ],
          [
            "disks",
            0.017969510191869716
          ],
          [
            "accretion",
            0.01776755205074366
          ],
          [
            "simulations",
            0.016266316183815067
          ],
          [
            "formation",
            0.016085647120414645
          ]
        ],
        "count": 999
      },
      "3": {
        "name": "3_transmission_atmospheric_atmosphere_atmospheres",
        "keywords": [
          [
            "transmission",
            0.020765430375347078
          ],
          [
            "atmospheric",
            0.019081954220984822
          ],
          [
            "atmosphere",
            0.018838420005986498
          ],
          [
            "atmospheres",
            0.01678326586969315
          ],
          [
            "spectrum",
            0.014706173110169132
          ],
          [
            "hot",
            0.014264410593164238
          ],
          [
            "spectra",
            0.0136924111072307
          ],
          [
            "JWST",
            0.013446842242298493
          ],
          [
            "observations",
            0.011674597679250059
          ],
          [
            "transit",
            0.010482181157316068
          ]
        ],
        "count": 831
      },
      "4": {
        "name": "4_body_resonances_systems_resonance",
        "keywords": [
          [
            "body",
            0.0216182854100537
          ],
          [
            "resonances",
            0.02019572917074566
          ],
          [
            "systems",
            0.01959151818483179
          ],
          [
            "resonance",
            0.01935977530727268
          ],
          [
            "resonant",
            0.017724557330305694
          ],
          [
            "orbits",
            0.017664107684423686
          ],
          [
            "motion",
            0.016158104413663922
          ],
          [
            "orbital",
            0.01586276572089174
          ],
          [
            "planets",
            0.014343837196118868
          ],
          [
            "planet",
            0.014203786551377256
          ]
        ],
        "count": 621
      },
      "5": {
        "name": "5_comet_comets_cometary_nucleus",
        "keywords": [
          [
            "comet",
            0.04606973879030408
          ],
          [
            "comets",
            0.03091427558019357
          ],
          [
            "cometary",
            0.020287670759759548
          ],
          [
            "nucleus",
            0.018564233237619947
          ],
          [
            "coma",
            0.01837718806646005
          ],
          [
            "dust",
            0.01774366597828041
          ],
          [
            "perihelion",
            0.016687202217656478
          ],
          [
            "activity",
            0.014335836927388688
          ],
          [
            "Comet",
            0.01384221333670307
          ],
          [
            "production",
            0.010447838467952886
          ]
        ],
        "count": 578
      },
      "6": {
        "name": "6_solar_magnetic_solar wind_wind",
        "keywords": [
          [
            "solar",
            0.023858985979069054
          ],
          [
            "magnetic",
            0.02072882589497226
          ],
          [
            "solar wind",
            0.01815926676925808
          ],
          [
            "wind",
            0.017762089568888768
          ],
          [
            "field",
            0.017331688476899917
          ],
          [
            "plasma",
            0.015046567169761845
          ],
          [
            "electron",
            0.013143932234048155
          ],
          [
            "SEP",
            0.012489539324193485
          ],
          [
            "Earth",
            0.012395739508304849
          ],
          [
            "Mars",
            0.012385778173008668
          ]
        ],
        "count": 516
      },
      "7": {
        "name": "7_Gaia_brown_dwarfs_dwarf",
        "keywords": [
          [
            "Gaia",
            0.02360291135428864
          ],
          [
            "brown",
            0.020502426136633348
          ],
          [
            "dwarfs",
            0.01819772459290158
          ],
          [
            "dwarf",
            0.016976006923217952
          ],
          [
            "mass",
            0.01643930172245325
          ],
          [
            "stars",
            0.015819210420433466
          ],
          [
            "companions",
            0.015383577428820632
          ],
          [
            "brown dwarf",
            0.01201086387711296
          ],
          [
            "companion",
            0.01198822434309458
          ],
          [
            "brown dwarfs",
            0.011400294296251669
          ]
        ],
        "count": 476
      },
      "8": {
        "name": "8_asteroid_asteroids_shape_Earth",
        "keywords": [
          [
            "asteroid",
            0.03773594258729184
          ],
          [
            "asteroids",
            0.03605443791996057
          ],
          [
            "shape",
            0.012500851675446735
          ],
          [
            "Earth",
            0.011599365142449844
          ],
          [
            "belt",
            0.010986581948432989
          ],
          [
            "Asteroid",
            0.010689302872929135
          ],
          [
            "surface",
            0.010420012406311631
          ],
          [
            "thermal",
            0.010161611708273129
          ],
          [
            "data",
            0.010088777695464722
          ],
          [
            "family",
            0.00973110417283085
          ]
        ],
        "count": 466
      },
      "9": {
        "name": "9_imaging_contrast_wavefront_high",
        "keywords": [
          [
            "imaging",
            0.029772268939101426
          ],
          [
            "contrast",
            0.026414382716445157
          ],
          [
            "wavefront",
            0.01741291203904592
          ],
          [
            "high",
            0.017175439035416743
          ],
          [
            "high contrast",
            0.016797282721566137
          ],
          [
            "performance",
            0.015037106313259458
          ],
          [
            "noise",
            0.01433059408560714
          ],
          [
            "exoplanets",
            0.013559946204205657
          ],
          [
            "instrument",
            0.012379507332356729
          ],
          [
            "contrast imaging",
            0.012196108741620464
          ]
        ],
        "count": 277
      },
      "10": {
        "name": "10_formation_impact_giant_accretion",
        "keywords": [
          [
            "formation",
            0.02119446384130153
          ],
          [
            "impact",
            0.019088834412455805
          ],
          [
            "giant",
            0.01777907407697204
          ],
          [
            "accretion",
            0.016179161581296966
          ],
          [
            "isotopic",
            0.015669194512058875
          ],
          [
            "planets",
            0.014937820087435043
          ],
          [
            "planet",
            0.01493349504053568
          ],
          [
            "impacts",
            0.014792648084199687
          ],
          [
            "mass",
            0.014438451627747822
          ],
          [
            "Earth",
            0.014312509372527276
          ]
        ],
        "count": 258
      },
      "11": {
        "name": "11_microlensing_lens_events_source",
        "keywords": [
          [
            "microlensing",
            0.060628279894213516
          ],
          [
            "lens",
            0.04971523697473706
          ],
          [
            "events",
            0.03357822788775047
          ],
          [
            "source",
            0.02859519684485652
          ],
          [
            "OGLE",
            0.027633868126547417
          ],
          [
            "mass",
            0.02755239967242324
          ],
          [
            "event",
            0.02607387751735549
          ],
          [
            "planet",
            0.02209988347523184
          ],
          [
            "host",
            0.021827741964590433
          ],
          [
            "planetary",
            0.016403133127143275
          ]
        ],
        "count": 200
      },
      "12": {
        "name": "12_escape_stellar_wind_loss",
        "keywords": [
          [
            "escape",
            0.026668663882218762
          ],
          [
            "stellar",
            0.0252386043233239
          ],
          [
            "wind",
            0.024942708361138682
          ],
          [
            "loss",
            0.02011115527571252
          ],
          [
            "magnetic",
            0.018972510640190263
          ],
          [
            "stellar wind",
            0.01890507909444616
          ],
          [
            "mass loss",
            0.01831424872010559
          ],
          [
            "mass",
            0.01642237115005748
          ],
          [
            "atmospheric",
            0.01580736828931788
          ],
          [
            "planetary",
            0.014859942276979848
          ]
        ],
        "count": 196
      },
      "13": {
        "name": "13_RV_activity_stellar_radial",
        "keywords": [
          [
            "RV",
            0.0389591713631893
          ],
          [
            "activity",
            0.03468669155818402
          ],
          [
            "stellar",
            0.02534280780386904
          ],
          [
            "radial",
            0.02452451259998546
          ],
          [
            "radial velocity",
            0.022357212082325946
          ],
          [
            "velocity",
            0.021614136012462055
          ],
          [
            "stars",
            0.017613723055737506
          ],
          [
            "line",
            0.017015315910708224
          ],
          [
            "stellar activity",
            0.016740245215556893
          ],
          [
            "RVs",
            0.01659136849830454
          ]
        ],
        "count": 191
      },
      "14": {
        "name": "14_flare_flares_radio_emission",
        "keywords": [
          [
            "flare",
            0.03935494839870181
          ],
          [
            "flares",
            0.03795556001099109
          ],
          [
            "radio",
            0.03395403098632202
          ],
          [
            "emission",
            0.025678773346587597
          ],
          [
            "magnetic",
            0.024715864506003642
          ],
          [
            "radio emission",
            0.018895415446173364
          ],
          [
            "stars",
            0.01813411269264084
          ],
          [
            "field",
            0.014742013192852448
          ],
          [
            "stellar",
            0.014641959130385029
          ],
          [
            "star",
            0.013110161005359292
          ]
        ],
        "count": 169
      },
      "15": {
        "name": "15_water_magma_planets_ocean",
        "keywords": [
          [
            "water",
            0.04041004583533697
          ],
          [
            "magma",
            0.035286754464813705
          ],
          [
            "planets",
            0.02552476653016337
          ],
          [
            "ocean",
            0.025169204944783367
          ],
          [
            "magma ocean",
            0.02243528837175811
          ],
          [
            "atmosphere",
            0.021665251605721747
          ],
          [
            "atmospheres",
            0.019062222992597903
          ],
          [
            "mantle",
            0.01855430474398349
          ],
          [
            "surface",
            0.01777418619921734
          ],
          [
            "interior",
            0.016787521842999097
          ]
        ],
        "count": 167
      },
      "16": {
        "name": "16_life_Earth_space_missions",
        "keywords": [
          [
            "life",
            0.032035424231897994
          ],
          [
            "Earth",
            0.02193050697926281
          ],
          [
            "space",
            0.019207389801587562
          ],
          [
            "missions",
            0.017046625940470527
          ],
          [
            "SETI",
            0.014569767398760666
          ],
          [
            "Mars",
            0.013351113097607038
          ],
          [
            "exploration",
            0.013053221688708766
          ],
          [
            "science",
            0.011961508008130617
          ],
          [
            "human",
            0.010621902112771992
          ],
          [
            "mission",
            0.010535686006581498
          ]
        ],
        "count": 156
      },
      "17": {
        "name": "17_meteor_meteoroid_meteors_fireball",
        "keywords": [
          [
            "meteor",
            0.05823903673635613
          ],
          [
            "meteoroid",
            0.035034751697154164
          ],
          [
            "meteors",
            0.032389979363119284
          ],
          [
            "fireball",
            0.02581869807237656
          ],
          [
            "meteoroids",
            0.024041857028476905
          ],
          [
            "meteorite",
            0.02382303447773003
          ],
          [
            "shower",
            0.02379509714460752
          ],
          [
            "showers",
            0.02339601067424045
          ],
          [
            "Meteor",
            0.022168573052950478
          ],
          [
            "fireballs",
            0.017745063192362236
          ]
        ],
        "count": 138
      },
      "18": {
        "name": "18_space_satellite_approach_spacecraft",
        "keywords": [
          [
            "space",
            0.023185358803572365
          ],
          [
            "satellite",
            0.018184994564697195
          ],
          [
            "approach",
            0.017708597519888177
          ],
          [
            "spacecraft",
            0.017426548372584675
          ],
          [
            "orbit",
            0.01701768190867968
          ],
          [
            "satellites",
            0.01594642739075844
          ],
          [
            "trajectory",
            0.01556989000953188
          ],
          [
            "debris",
            0.015564358829549083
          ],
          [
            "control",
            0.014725764470442623
          ],
          [
            "Earth",
            0.01365173360946338
          ]
        ],
        "count": 124
      }
    },
    "correlations": [
      [
        1.0,
        -0.6989752710468973,
        -0.673169307596065,
        -0.627018026769645,
        -0.6170279895377231,
        -0.7523580950340295,
        -0.7172192925836556,
        -0.5892506033222924,
        -0.7514316683238302,
        -0.7039532477457722,
        -0.6395643568763284,
        -0.7133758885831485,
        -0.6683914408162159,
        -0.5517147829384613,
        -0.7174310796192789,
        -0.3735037063255311,
        -0.7025622970002408,
        -0.7449213479089491,
        -0.7461584524193522
      ],
      [
        -0.6989752710468973,
        1.0,
        -0.005050403138983316,
        -0.7465160546430233,
        -0.7119145615573901,
        -0.6693377736636694,
        -0.7241168718495476,
        -0.6542462438823887,
        -0.7514745778810126,
        -0.7059838380084343,
        -0.6182161185666502,
        -0.725084740268636,
        -0.706571344185664,
        -0.7313555554419284,
        -0.6443224531356541,
        -0.6971810288548823,
        -0.7472900074002263,
        -0.7519102663769579,
        -0.758172231202882
      ],
      [
        -0.673169307596065,
        -0.005050403138983316,
        1.0,
        -0.7408663077344266,
        -0.6900556210702851,
        -0.6545864240313197,
        -0.7162377193168434,
        -0.6237661172078248,
        -0.7483851890944944,
        -0.720047224919311,
        -0.5077097686247886,
        -0.7273623976306771,
        -0.6859875832171447,
        -0.7237966496405699,
        -0.7018434653370325,
        -0.6740615190912679,
        -0.7426717899990478,
        -0.7458444784969438,
        -0.755605114830203
      ],
      [
        -0.627018026769645,
        -0.7465160546430233,
        -0.7408663077344266,
        1.0,
        -0.7442566316954082,
        -0.7598530858345818,
        -0.723958884373669,
        -0.6703088952353828,
        -0.7624421442910012,
        -0.7287281291703362,
        -0.6955042957836766,
        -0.7524909521206918,
        -0.6769546292279975,
        -0.7051895539990988,
        -0.7244947014876291,
        -0.4384112794770924,
        -0.7066148947615436,
        -0.7440212953905336,
        -0.7453886232159108
      ],
      [
        -0.6170279895377231,
        -0.7119145615573901,
        -0.6900556210702851,
        -0.7442566316954082,
        1.0,
        -0.742426911462432,
        -0.7132142626674931,
        -0.6487986146314567,
        -0.7043426272987201,
        -0.7365196991513677,
        -0.6663287519322671,
        -0.7367636823534969,
        -0.7263802190157763,
        -0.7031319176581712,
        -0.7474804520835117,
        -0.6773100851382009,
        -0.7228123580842762,
        -0.7312103177354166,
        -0.7263449214152723
      ],
      [
        -0.7523580950340295,
        -0.6693377736636694,
        -0.6545864240313197,
        -0.7598530858345818,
        -0.742426911462432,
        1.0,
        -0.7135080542449643,
        -0.7340574323438376,
        -0.7148058979468415,
        -0.7525260549101914,
        -0.7207301130323556,
        -0.7510705809390704,
        -0.7358069425760394,
        -0.7259388995775448,
        -0.7489400220805105,
        -0.7342323242942548,
        -0.7420925439060926,
        -0.724509302232351,
        -0.7528426436566409
      ],
      [
        -0.7172192925836556,
        -0.7241168718495476,
        -0.7162377193168434,
        -0.723958884373669,
        -0.7132142626674931,
        -0.7135080542449643,
        1.0,
        -0.6904012582190161,
        -0.7239462620779196,
        -0.7397454039768869,
        -0.6736040546359421,
        -0.7327243402335804,
        -0.5619517620336192,
        -0.7222042081461173,
        -0.5036612019154116,
        -0.7097571290389537,
        -0.6808703869837858,
        -0.7303008676276154,
        -0.7298554526436304
      ],
      [
        -0.5892506033222924,
        -0.6542462438823887,
        -0.6237661172078248,
        -0.6703088952353828,
        -0.6487986146314567,
        -0.7340574323438376,
        -0.6904012582190161,
        1.0,
        -0.7160182204032144,
        -0.6839757373344162,
        -0.6250068122491745,
        -0.7024334075451264,
        -0.6895397402240107,
        -0.6174345385763521,
        -0.6975000482226065,
        -0.6323567675408954,
        -0.7006638786264598,
        -0.7296210549544027,
        -0.7441779734742001
      ],
      [
        -0.7514316683238302,
        -0.7514745778810126,
        -0.7483851890944944,
        -0.7624421442910012,
        -0.7043426272987201,
        -0.7148058979468415,
        -0.7239462620779196,
        -0.7160182204032144,
        1.0,
        -0.7522127603420534,
        -0.7076799911910696,
        -0.7426851256378244,
        -0.7519268520264217,
        -0.7536421183279906,
        -0.7586829752028617,
        -0.7457462810834508,
        -0.7180334881620104,
        -0.7162844615497115,
        -0.740928790873157
      ],
      [
        -0.7039532477457722,
        -0.7059838380084343,
        -0.720047224919311,
        -0.7287281291703362,
        -0.7365196991513677,
        -0.7525260549101914,
        -0.7397454039768869,
        -0.6839757373344162,
        -0.7522127603420534,
        1.0,
        -0.7283697971579604,
        -0.7321163503896049,
        -0.7504430281278258,
        -0.7089707731717962,
        -0.7485997264021916,
        -0.7210063139685958,
        -0.7401244124430988,
        -0.7524355317490943,
        -0.7437624920284756
      ],
      [
        -0.6395643568763284,
        -0.6182161185666502,
        -0.5077097686247886,
        -0.6955042957836766,
        -0.6663287519322671,
        -0.7207301130323556,
        -0.6736040546359421,
        -0.6250068122491745,
        -0.7076799911910696,
        -0.7283697971579604,
        1.0,
        -0.7311244981722145,
        -0.7047405342162625,
        -0.7093910345209189,
        -0.7297364484394913,
        -0.6196945835921337,
        -0.7032631717422797,
        -0.7380500235077806,
        -0.7486020534719167
      ],
      [
        -0.7133758885831485,
        -0.725084740268636,
        -0.7273623976306771,
        -0.7524909521206918,
        -0.7367636823534969,
        -0.7510705809390704,
        -0.7327243402335804,
        -0.7024334075451264,
        -0.7426851256378244,
        -0.7321163503896049,
        -0.7311244981722145,
        1.0,
        -0.7492778967762574,
        -0.7376446880184586,
        -0.7361056597225208,
        -0.7331654734931043,
        -0.7401394602774365,
        -0.7437787278150636,
        -0.7503358606998936
      ],
      [
        -0.6683914408162159,
        -0.706571344185664,
        -0.6859875832171447,
        -0.6769546292279975,
        -0.7263802190157763,
        -0.7358069425760394,
        -0.5619517620336192,
        -0.6895397402240107,
        -0.7519268520264217,
        -0.7504430281278258,
        -0.7047405342162625,
        -0.7492778967762574,
        1.0,
        -0.6506149534339156,
        -0.5498818282856909,
        -0.6722459663541573,
        -0.7292431107321768,
        -0.7526251577162304,
        -0.7524744589003811
      ],
      [
        -0.5517147829384613,
        -0.7313555554419284,
        -0.7237966496405699,
        -0.7051895539990988,
        -0.7031319176581712,
        -0.7259388995775448,
        -0.7222042081461173,
        -0.6174345385763521,
        -0.7536421183279906,
        -0.7089707731717962,
        -0.7093910345209189,
        -0.7376446880184586,
        -0.6506149534339156,
        1.0,
        -0.686015508703754,
        -0.6850055496866019,
        -0.7410290349073748,
        -0.7465817123112057,
        -0.7561559774699758
      ],
      [
        -0.7174310796192789,
        -0.6443224531356541,
        -0.7018434653370325,
        -0.7244947014876291,
        -0.7474804520835117,
        -0.7489400220805105,
        -0.5036612019154116,
        -0.6975000482226065,
        -0.7586829752028617,
        -0.7485997264021916,
        -0.7297364484394913,
        -0.7361056597225208,
        -0.5498818282856909,
        -0.686015508703754,
        1.0,
        -0.7282530168176664,
        -0.7336378829319912,
        -0.7466829950139164,
        -0.7554109385502799
      ],
      [
        -0.3735037063255311,
        -0.6971810288548823,
        -0.6740615190912679,
        -0.4384112794770924,
        -0.6773100851382009,
        -0.7342323242942548,
        -0.7097571290389537,
        -0.6323567675408954,
        -0.7457462810834508,
        -0.7210063139685958,
        -0.6196945835921337,
        -0.7331654734931043,
        -0.6722459663541573,
        -0.6850055496866019,
        -0.7282530168176664,
        1.0,
        -0.6501646301235028,
        -0.7402349187813186,
        -0.7435952787076447
      ],
      [
        -0.7025622970002408,
        -0.7472900074002263,
        -0.7426717899990478,
        -0.7066148947615436,
        -0.7228123580842762,
        -0.7420925439060926,
        -0.6808703869837858,
        -0.7006638786264598,
        -0.7180334881620104,
        -0.7401244124430988,
        -0.7032631717422797,
        -0.7401394602774365,
        -0.7292431107321768,
        -0.7410290349073748,
        -0.7336378829319912,
        -0.6501646301235028,
        1.0,
        -0.7181724881648295,
        -0.5787644800587393
      ],
      [
        -0.7449213479089491,
        -0.7519102663769579,
        -0.7458444784969438,
        -0.7440212953905336,
        -0.7312103177354166,
        -0.724509302232351,
        -0.7303008676276154,
        -0.7296210549544027,
        -0.7162844615497115,
        -0.7524355317490943,
        -0.7380500235077806,
        -0.7437787278150636,
        -0.7526251577162304,
        -0.7465817123112057,
        -0.7466829950139164,
        -0.7402349187813186,
        -0.7181724881648295,
        1.0,
        -0.7467346532104991
      ],
      [
        -0.7461584524193522,
        -0.758172231202882,
        -0.755605114830203,
        -0.7453886232159108,
        -0.7263449214152723,
        -0.7528426436566409,
        -0.7298554526436304,
        -0.7441779734742001,
        -0.740928790873157,
        -0.7437624920284756,
        -0.7486020534719167,
        -0.7503358606998936,
        -0.7524744589003811,
        -0.7561559774699758,
        -0.7554109385502799,
        -0.7435952787076447,
        -0.5787644800587393,
        -0.7467346532104991,
        1.0
      ]
    ],
    "series": {
      "2020-01": [
        44,
        15,
        11,
        12,
        16,
        5,
        3,
        13,
        12,
        7,
        8,
        4,
        4,
        14,
        2,
        4,
        3,
        3,
        0
      ],
      "2020-02": [
        31,
        15,
        16,
        14,
        12,
        2,
        7,
        15,
        11,
        6,
        11,
        6,
        2,
        16,
        7,
        14,
        9,
        4,
        1
      ],
      "2020-03": [
        46,
        18,
        13,
        11,
        11,
        9,
        5,
        17,
        7,
        6,
        10,
        7,
        10,
        14,
        9,
        13,
        7,
        2,
        1
      ],
      "2020-04": [
        24,
        21,
        16,
        19,
        17,
        10,
        8,
        19,
        8,
        8,
        9,
        4,
        5,
        12,
        4,
        14,
        9,
        5,
        1
      ],
      "2020-05": [
        38,
        15,
        19,
        14,
        13,
        14,
        8,
        16,
        9,
        5,
        13,
        5,
        8,
        15,
        6,
        11,
        6,
        1,
        2
      ],
      "2020-06": [
        48,
        19,
        17,
        13,
        14,
        7,
        13,
        17,
        7,
        1,
        17,
        5,
        9,
        10,
        6,
        19,
        8,
        7,
        3
      ],
      "2020-07": [
        54,
        14,
        16,
        19,
        20,
        10,
        14,
        25,
        8,
        6,
        23,
        4,
        5,
        14,
        6,
        15,
        13,
        2,
        1
      ],
      "2020-08": [
        27,
        16,
        13,
        13,
        14,
        10,
        12,
        16,
        9,
        3,
        4,
        6,
        6,
        6,
        4,
        13,
        18,
        2,
        2
      ],
      "2020-09": [
        52,
        14,
        21,
        20,
        11,
        9,
        13,
        22,
        13,
        4,
        5,
        5,
        5,
        12,
        6,
        16,
        15,
        3,
        0
      ],
      "2020-10": [
        41,
        17,
        24,
        18,
        12,
        5,
        7,
        19,
        14,
        4,
        11,
        7,
        4,
        13,
        7,
        18,
        8,
        5,
        1
      ],
      "2020-11": [
        38,
        11,
        19,
        21,
        15,
        9,
        7,
        21,
        13,
        3,
        10,
        4,
        4,
        9,
        5,
        13,
        8,
        3,
        1
      ],
      "2020-12": [
        39,
        12,
        12,
        6,
        7,
        19,
        10,
        11,
        12,
        9,
        8,
        3,
        9,
        14,
        4,
        17,
        7,
        0,
        2
      ],
      "2021-01": [
        43,
        16,
        15,
        12,
        7,
        16,
        6,
        17,
        12,
        6,
        13,
        5,
        4,
        10,
        5,
        18,
        12,
        2,
        2
      ],
      "2021-02": [
        43,
        16,
        9,
        8,
        4,
        10,
        9,
        16,
        7,
        3,
        10,
        8,
        2,
        11,
        6,
        13,
        4,
        5,
        0
      ],
      "2021-03": [
        44,
        14,
        19,
        10,
        7,
        12,
        13,
        16,
        12,
        9,
        13,
        3,
        11,
        14,
        3,
        19,
        9,
        2,
        0
      ],
      "2021-04": [
        38,
        17,
        19,
        14,
        15,
        7,
        8,
        16,
        9,
        7,
        14,
        7,
        9,
        7,
        7,
        17,
        4,
        4,
        4
      ],
      "2021-05": [
        37,
        20,
        7,
        13,
        13,
        15,
        5,
        15,
        15,
        3,
        13,
        2,
        5,
        19,
        2,
        16,
        7,
        2,
        0
      ],
      "2021-06": [
        30,
        8,
        12,
        9,
        12,
        7,
        7,
        16,
        10,
        4,
        10,
        3,
        9,
        8,
        6,
        8,
        6,
        3,
        1
      ],
      "2021-07": [
        24,
        15,
        9,
        12,
        11,
        13,
        17,
        17,
        14,
        9,
        10,
        7,
        6,
        14,
        6,
        9,
        3,
        3,
        1
      ],
      "2021-08": [
        46,
        16,
        11,
        9,
        13,
        1,
        8,
        10,
        8,
        9,
        9,
        2,
        3,
        6,
        4,
        14,
        8,
        4,
        0
      ],
      "2021-09": [
        32,
        28,
        18,
        13,
        14,
        10,
        16,
        15,
        8,
        7,
        11,
        9,
        6,
        9,
        5,
        14,
        5,
        5,
        0
      ],
      "2021-10": [
        42,
        20,
        17,
        17,
        15,
        5,
        11,
        13,
        25,
        2,
        11,
        4,
        8,
        13,
        5,
        20,
        4,
        5,
        2
      ],
      "2021-11": [
        50,
        18,
        18,
        10,
        11,
        5,
        7,
        16,
        15,
        4,
        9,
        6,
        5,
        7,
        5,
        14,
        9,
        4,
        4
      ],
      "2021-12": [
        36,
        11,
        12,
        16,
        12,
        4,
        4,
        20,
        11,
        5,
        11,
        6,
        9,
        11,
        2,
        10,
        7,
        2,
        1
      ],
      "2022-01": [
        44,
        18,
        10,
        15,
        13,
        8,
        11,
        15,
        12,
        4,
        6,
        2,
        8,
        11,
        5,
        15,
        6,
        0,
        0
      ],
      "2022-02": [
        31,
        13,
        15,
        10,
        10,
        7,
        9,
        10,
        10,
        1,
        8,
        4,
        8,
        12,
        1,
        13,
        8,
        5,
        1
      ],
      "2022-03": [
        36,
        17,
        18,
        19,
        18,
        6,
        17,
        24,
        10,
        4,
        12,
        5,
        5,
        14,
        4,
        23,
        5,
        5,
        3
      ],
      "2022-04": [
        32,
        19,
        17,
        16,
        12,
        9,
        12,
        15,
        9,
        11,
        7,
        11,
        5,
        18,
        6,
        11,
        7,
        3,
        2
      ],
      "2022-05": [
        26,
        8,
        10,
        10,
        21,
        5,
        7,
        17,
        12,
        5,
        17,
        6,
        6,
        11,
        7,
        9,
        8,
        5,
        1
      ],
      "2022-06": [
        32,
        17,
        18,
        15,
        12,
        5,
        7,
        31,
        10,
        3,
        7,
        9,
        2,
        15,
        7,
        13,
        10,
        2,
        1
      ],
      "2022-07": [
        35,
        18,
        21,
        13,
        13,
        5,
        11,
        21,
        9,
        7,
        9,
        2,
        7,
        12,
        5,
        13,
        12,
        5,
        4
      ],
      "2022-08": [
        35,
        16,
        11,
        12,
        5,
        9,
        10,
        23,
        10,
        21,
        7,
        3,
        6,
        18,
        7,
        16,
        10,
        2,
        0
      ],
      "2022-09": [
        44,
        15,
        17,
        13,
        10,
        9,
        8,
        24,
        17,
        7,
        8,
        7,
        5,
        14,
        6,
        16,
        8,
        7,
        1
      ],
      "2022-10": [
        49,
        14,
        14,
        13,
        10,
        11,
        10,
        22,
        14,
        5,
        8,
        4,
        5,
        15,
        10,
        16,
        6,
        0,
        1
      ],
      "2022-11": [
        42,
        15,
        18,
        22,
        8,
        8,
        14,
        24,
        10,
        6,
        11,
        2,
        8,
        11,
        8,
        13,
        7,
        5,
        0
      ],
      "2022-12": [
        25,
        13,
        17,
        8,
        12,
        3,
        9,
        21,
        8,
        2,
        14,
        4,
        2,
        9,
        5,
        12,
        4,
        1,
        1
      ],
      "2023-01": [
        51,
        20,
        16,
        15,
        13,
        7,
        14,
        23,
        10,
        8,
        12,
        3,
        9,
        14,
        9,
        14,
        17,
        4,
        0
      ],
      "2023-02": [
        37,
        24,
        12,
        8,
        10,
        8,
        4,
        24,
        12,
        10,
        9,
        6,
        3,
        16,
        9,
        18,
        5,
        3,
        0
      ],
      "2023-03": [
        30,
        17,
        22,
        15,
        10,
        4,
        14,
        22,
        18,
        4,
        11,
        6,
        6,
        16,
        6,
        10,
        14,
        9,
        0
      ],
      "2023-04": [
        32,
        11,
        7,
        10,
        14,
        7,
        11,
        16,
        9,
        5,
        9,
        5,
        6,
        13,
        5,
        6,
        7,
        1,
        3
      ],
      "2023-05": [
        46,
        19,
        19,
        14,
        9,
        6,
        5,
        17,
        10,
        6,
        7,
        5,
        3,
        14,
        3,
        15,
        6,
        3,
        2
      ],
      "2023-06": [
        48,
        19,
        14,
        8,
        11,
        8,
        3,
        18,
        12,
        6,
        11,
        4,
        6,
        10,
        8,
        17,
        13,
        6,
        2
      ],
      "2023-07": [
        38,
        19,
        12,
        20,
        18,
        8,
        10,
        13,
        14,
        3,
        13,
        6,
        10,
        14,
        4,
        11,
        9,
        4,
        2
      ],
      "2023-08": [
        39,
        13,
        16,
        15,
        8,
        6,
        11,
        20,
        10,
        10,
        13,
        5,
        3,
        15,
        5,
        11,
        14,
        3,
        0
      ],
      "2023-09": [
        41,
        13,
        13,
        13,
        16,
        10,
        12,
        27,
        14,
        11,
        9,
        6,
        12,
        11,
        6,
        14,
        12,
        4,
        1
      ],
      "2023-10": [
        45,
        26,
        18,
        16,
        11,
        7,
        9,
        32,
        21,
        6,
        10,
        8,
        9,
        15,
        5,
        24,
        11,
        7,
        2
      ],
      "2023-11": [
        38,
        20,
        14,
        15,
        11,
        8,
        10,
        16,
        12,
        5,
        6,
        9,
        12,
        14,
        7,
        14,
        8,
        0,
        2
      ],
      "2023-12": [
        28,
        19,
        11,
        8,
        7,
        7,
        7,
        17,
        9,
        3,
        8,
        4,
        4,
        14,
        10,
