{
  "topics": {
    "data": {
      "0": {
        "name": "0_magnetic_spin_temperature_field",
        "keywords": [
          [
            "magnetic",
            0.025425276826121012
          ],
          [
            "spin",
            0.017123050510583368
          ],
          [
            "temperature",
            0.012101872068222028
          ],
          [
            "field",
            0.011848766311519708
          ],
          [
            "phase",
            0.010241272143295363
          ],
          [
            "state",
            0.009894089200722895
          ],
          [
            "order",
            0.009823454485248117
          ],
          [
            "structure",
            0.009478349703085812
          ],
          [
            "transition",
            0.009290802511016282
          ],
          [
            "electronic",
            0.00926380037775789
          ]
        ],
        "count": 5225
      },
      "1": {
        "name": "1_quantum_systems_method_state",
        "keywords": [
          [
            "quantum",
            0.026648553048827402
          ],
          [
            "systems",
            0.014543015401439529
          ],
          [
            "method",
            0.014442499287969411
          ],
          [
            "state",
            0.012628192300884333
          ],
          [
            "states",
            0.012165821904367739
          ],
          [
            "body",
            0.012013442968468787
          ],
          [
            "methods",
            0.011953027958927645
          ],
          [
            "variational",
            0.011037668740105805
          ],
          [
            "algorithm",
            0.010959470202374404
          ],
          [
            "model",
            0.01084654536679102
          ]
        ],
        "count": 1657
      },
      "2": {
        "name": "2_quantum_body_systems_dynamics",
        "keywords": [
          [
            "quantum",
            0.026471301510548804
          ],
          [
            "body",
            0.021746975661370002
          ],
          [
            "systems",
            0.019708723588669482
          ],
          [
            "dynamics",
            0.01948946124268843
          ],
          [
            "entanglement",
            0.016577108182063448
          ],
          [
            "time",
            0.015736024218528603
          ],
          [
            "model",
            0.014109778005446796
          ],
          [
            "non",
            0.013151944892315665
          ],
          [
            "states",
            0.011901227568539728
          ],
          [
            "local",
            0.00976044692729517
          ]
        ],
        "count": 1283
      },
      "3": {
        "name": "3_graphene_twisted_bilayer_bilayer graphene",
        "keywords": [
          [
            "graphene",
            0.02962183740800429
          ],
          [
            "twisted",
            0.023581688574911414
          ],
          [
            "bilayer",
            0.020450218450235428
          ],
          [
            "bilayer graphene",
            0.016826759423436692
          ],
          [
            "bands",
            0.014945182509664161
          ],
          [
            "twisted bilayer",
            0.014710652046623376
          ],
          [
            "states",
            0.01390324509318096
          ],
          [
            "angle",
            0.01387925083397319
          ],
          [
            "valley",
            0.013814372067517433
          ],
          [
            "Chern",
            0.012419874265747574
          ]
        ],
        "count": 1277
      },
      "4": {
        "name": "4_symmetry_symmetries_topological_invertible",
        "keywords": [
          [
            "symmetry",
            0.03631367949664141
          ],
          [
            "symmetries",
            0.02768514753122697
          ],
          [
            "topological",
            0.027555346093932263
          ],
          [
            "invertible",
            0.020213545484070783
          ],
          [
            "theory",
            0.019128024983355106
          ],
          [
            "non",
            0.017203477771449035
          ],
          [
            "phases",
            0.017054395010884994
          ],
          [
            "fusion",
            0.016802914949097896
          ],
          [
            "theories",
            0.016767584258139793
          ],
          [
            "gauge",
            0.016664775707105523
          ]
        ],
        "count": 877
      },
      "5": {
        "name": "5_cuprates_cuprate_pseudogap_charge",
        "keywords": [
          [
            "cuprates",
            0.025508246110105687
          ],
          [
            "cuprate",
            0.01993372169421292
          ],
          [
            "pseudogap",
            0.016875711543762034
          ],
          [
            "charge",
            0.016728495986227603
          ],
          [
            "superconducting",
            0.01513979327967287
          ],
          [
            "doping",
            0.01512582452018097
          ],
          [
            "wave",
            0.013866545571410198
          ],
          [
            "superconductivity",
            0.013850781878438297
          ],
          [
            "high",
            0.013182542606121958
          ],
          [
            "model",
            0.012904036380246767
          ]
        ],
        "count": 763
      },
      "6": {
        "name": "6_Ni_La_nickelates_superconductivity",
        "keywords": [
          [
            "Ni",
            0.04020712026282907
          ],
          [
            "La",
            0.025848416821233983
          ],
          [
            "nickelates",
            0.02320503648429269
          ],
          [
            "superconductivity",
            0.02256589408528647
          ],
          [
            "pressure",
            0.0194182270389615
          ],
          [
            "nickelate",
            0.0185092083310456
          ],
          [
            "layer",
            0.01731935193073264
          ],
          [
            "high",
            0.016356698224342037
          ],
          [
            "infinite layer",
            0.014243212516301477
          ],
          [
            "electronic",
            0.013556101415801524
          ]
        ],
        "count": 601
      },
      "7": {
        "name": "7_Hubbard_model_phase_Mott",
        "keywords": [
          [
            "Hubbard",
            0.025980118999624734
          ],
          [
            "model",
            0.023471286324613726
          ],
          [
            "phase",
            0.016844039943451246
          ],
          [
            "Mott",
            0.016129642914668296
          ],
          [
            "spin",
            0.014157074320465122
          ],
          [
            "lattice",
            0.01394833302431931
          ],
          [
            "transition",
            0.012757439993885738
          ],
          [
            "half",
            0.011709712132266648
          ],
          [
            "insulator",
            0.010990383005961859
          ],
          [
            "order",
            0.010447384493536428
          ]
        ],
        "count": 549
      },
      "8": {
        "name": "8_spin_Kitaev_phase_model",
        "keywords": [
          [
            "spin",
            0.03388396153144166
          ],
          [
            "Kitaev",
            0.02471994694486479
          ],
          [
            "phase",
            0.022491919421543462
          ],
          [
            "model",
            0.02147964188579643
          ],
          [
            "Heisenberg",
            0.019531860013678324
          ],
          [
            "quantum",
            0.015487874750030784
          ],
          [
            "lattice",
            0.015167871847367466
          ],
          [
            "spin liquid",
            0.015027225273541313
          ],
          [
            "liquid",
            0.014620049322529081
          ],
          [
            "state",
            0.014529086060988137
          ]
        ],
        "count": 519
      },
      "9": {
        "name": "9_Hall_fractional_quantum_fractional quantum",
        "keywords": [
          [
            "Hall",
            0.041104466797638704
          ],
          [
            "fractional",
            0.03394757610300495
          ],
          [
            "quantum",
            0.02629751926018045
          ],
          [
            "fractional quantum",
            0.025552649850450446
          ],
          [
            "states",
            0.020477775121997232
          ],
          [
            "edge",
            0.01930435717921978
          ],
          [
            "state",
            0.017012579158370757
          ],
          [
            "topological",
            0.01472249500732716
          ],
          [
            "composite",
            0.014553327125823003
          ],
          [
            "FQH",
            0.01295032852704626
          ]
        ],
        "count": 448
      },
      "10": {
        "name": "10_CDW_1T_charge_charge density",
        "keywords": [
          [
            "CDW",
            0.03161474236048721
          ],
          [
            "1T",
            0.024512219047900602
          ],
          [
            "charge",
            0.017975567344199073
          ],
          [
            "charge density",
            0.017186421648272557
          ],
          [
            "electronic",
            0.016906147834221105
          ],
          [
            "density",
            0.016382318017075962
          ],
          [
            "transition",
            0.015886116354211298
          ],
          [
            "phase",
            0.015475807226590733
          ],
          [
            "wave",
            0.012518190328353059
          ],
          [
            "phonon",
            0.011517981999575473
          ]
        ],
        "count": 440
      },
      "11": {
        "name": "11_holographic_black_gravity_theory",
        "keywords": [
          [
            "holographic",
            0.04273604500105917
          ],
          [
            "black",
            0.021903406796256818
          ],
          [
            "gravity",
            0.020119573125691285
          ],
          [
            "theory",
            0.01841617593840408
          ],
          [
            "dual",
            0.017893442257099643
          ],
          [
            "SYK",
            0.016254378309942075
          ],
          [
            "model",
            0.015278051430848559
          ],
          [
            "black hole",
            0.014990742177904472
          ],
          [
            "entanglement",
            0.014975259409476197
          ],
          [
            "field",
            0.01469996024401568
          ]
        ],
        "count": 375
      },
      "12": {
        "name": "12_topological_edge_critical_Hermitian",
        "keywords": [
          [
            "topological",
            0.026477812747822724
          ],
          [
            "edge",
            0.020717954150168118
          ],
          [
            "critical",
            0.020130038712520962
          ],
          [
            "Hermitian",
            0.01846673223245928
          ],
          [
            "phase",
            0.017207539753720295
          ],
          [
            "non",
            0.01706865928968909
          ],
          [
            "quantum",
            0.01645699701637849
          ],
          [
            "boundary",
            0.016035602824223723
          ],
          [
            "model",
            0.015964873610073115
          ],
          [
            "bulk",
            0.013081934521201023
          ]
        ],
        "count": 325
      },
      "13": {
        "name": "13_Weyl_topological_semimetals_surface",
        "keywords": [
          [
            "Weyl",
            0.03887315745893293
          ],
          [
            "topological",
            0.03805050490499056
          ],
          [
            "semimetals",
            0.025690528154423454
          ],
          [
            "surface",
            0.015774432762546538
          ],
          [
            "nodal",
            0.012968613516496743
          ],
          [
            "band",
            0.012956882929535804
          ],
          [
            "symmetry",
            0.012931110874208599
          ],
          [
            "materials",
            0.012193761995462573
          ],
          [
            "topology",
            0.012141506791170499
          ],
          [
            "magnetic",
            0.011520457037435114
          ]
        ],
        "count": 313
      },
      "14": {
        "name": "14_skyrmion_skyrmions_magnetic_spin",
        "keywords": [
          [
            "skyrmion",
            0.06592088763391268
          ],
          [
            "skyrmions",
            0.03728548628285443
          ],
          [
            "magnetic",
            0.034671842179317985
          ],
          [
            "spin",
            0.023721581595849438
          ],
          [
            "textures",
            0.020516115678070473
          ],
          [
            "field",
            0.017842358723965144
          ],
          [
            "topological",
            0.017757079082836424
          ],
          [
            "skyrmion crystal",
            0.016822350482764183
          ],
          [
            "crystal",
            0.014592060690168432
          ],
          [
            "magnets",
            0.014443909624209519
          ]
        ],
        "count": 295
      },
      "15": {
        "name": "15_topological_quantum_code_states",
        "keywords": [
          [
            "topological",
            0.03578749853381941
          ],
          [
            "quantum",
            0.02713833451151512
          ],
          [
            "code",
            0.026151347143229104
          ],
          [
            "states",
            0.023327793999343725
          ],
          [
            "entanglement",
            0.02241435292002947
          ],
          [
            "state",
            0.021794891336613654
          ],
          [
            "mixed",
            0.021326343559266554
          ],
          [
            "codes",
            0.019556529343327047
          ],
          [
            "topological order",
            0.01782111471224049
          ],
          [
            "phases",
            0.01737962472575839
          ]
        ],
        "count": 182
      }
    },
    "correlations": [
      [
        1.0,
        -0.6617511939903212,
        -0.6938931961039935,
        -0.734727437635033,
        -0.6870610269932966,
        -0.7103466356863632,
        -0.6396200301738215,
        -0.6837392560639411,
        -0.472684673802362,
        -0.6911091936773104,
        -0.6630966886038364,
        -0.6968532250045292,
        -0.689790973020976,
        -0.710725309413258,
        -0.27599507497818865,
        -0.7000580844389441
      ],
      [
        -0.6617511939903212,
        1.0,
        -0.15238328930218537,
        -0.7212766028269784,
        -0.3678646089151949,
        -0.6877317530576423,
        -0.7203751307731533,
        -0.5892278971438187,
        -0.364296258454456,
        -0.6327346630627656,
        -0.6946361863831183,
        -0.3089061904963467,
        -0.5969903935497123,
        -0.7085999776975694,
        -0.6918153127194051,
        -0.5577506966298169
      ],
      [
        -0.6938931961039935,
        -0.15238328930218537,
        1.0,
        -0.7234466684716705,
        -0.3527243025177211,
        -0.7062688722585274,
        -0.7333773252917507,
        -0.6109708659803532,
        -0.5941341682629195,
        -0.6468850044899487,
        -0.7076326433654803,
        -0.2822299467995612,
        -0.5994937980145154,
        -0.7096514492420567,
        -0.7070811637206196,
        -0.5566091817376663
      ],
      [
        -0.734727437635033,
        -0.7212766028269784,
        -0.7234466684716705,
        1.0,
        -0.7136235115547928,
        -0.7386740481585223,
        -0.7386999639477925,
        -0.7161510228638004,
        -0.718644007581411,
        -0.6767632756156969,
        -0.7288062690391366,
        -0.7268761601326453,
        -0.7268118718436378,
        -0.731420123845697,
        -0.7250215721806108,
        -0.7258086468929921
      ],
      [
        -0.6870610269932966,
        -0.3678646089151949,
        -0.3527243025177211,
        -0.7136235115547928,
        1.0,
        -0.705974608197834,
        -0.7284510506049819,
        -0.6364563501954638,
        -0.5945800768628411,
        -0.6734534306381743,
        -0.7013545809008657,
        -0.23486140791868482,
        -0.5681872337530213,
        -0.6264502311841895,
        -0.6976026854139097,
        -0.49058202751201374
      ],
      [
        -0.7103466356863632,
        -0.6877317530576423,
        -0.7062688722585274,
        -0.7386740481585223,
        -0.705974608197834,
        1.0,
        -0.6162887368182748,
        -0.5193228014230136,
        -0.6755285668545916,
        -0.7232143246833651,
        -0.382585164579887,
        -0.7047308342787462,
        -0.7025863568565387,
        -0.7463202229353649,
        -0.7343573745358052,
        -0.7241065737817168
      ],
      [
        -0.6396200301738215,
        -0.7203751307731533,
        -0.7333773252917507,
        -0.7386999639477925,
        -0.7284510506049819,
        -0.6162887368182748,
        1.0,
        -0.7097003789976364,
        -0.7048499104248748,
        -0.7438458906951871,
        -0.662088209153272,
        -0.7317609593662981,
        -0.7308964381750662,
        -0.7436521112508223,
        -0.7278896161495606,
        -0.7344787819081964
      ],
      [
        -0.6837392560639411,
        -0.5892278971438187,
        -0.6109708659803532,
        -0.7161510228638004,
        -0.6364563501954638,
        -0.5193228014230136,
        -0.7097003789976364,
        1.0,
        -0.4044556538523357,
        -0.7090237896711559,
        -0.6163156915566642,
        -0.6267911655635532,
        -0.5117337106148591,
        -0.7260350542162722,
        -0.7087726163507246,
        -0.6698257405129505
      ],
      [
        -0.472684673802362,
        -0.364296258454456,
        -0.5941341682629195,
        -0.718644007581411,
        -0.5945800768628411,
        -0.6755285668545916,
        -0.7048499104248748,
        -0.4044556538523357,
        1.0,
        -0.6719726748465068,
        -0.678762282565105,
        -0.61352538755044,
        -0.5403447914304552,
        -0.7083149834232021,
        -0.5070389377210079,
        -0.6083991924937131
      ],
      [
        -0.6911091936773104,
        -0.6327346630627656,
        -0.6468850044899487,
        -0.6767632756156969,
        -0.6734534306381743,
        -0.7232143246833651,
        -0.7438458906951871,
        -0.7090237896711559,
        -0.6719726748465068,
        1.0,
        -0.7177779188606619,
        -0.6864289429625597,
        -0.6644116301996672,
        -0.6623466190068459,
        -0.6779675299616752,
        -0.4629567977372203
      ],
      [
        -0.6630966886038364,
        -0.6946361863831183,
        -0.7076326433654803,
        -0.7288062690391366,
        -0.7013545809008657,
        -0.382585164579887,
        -0.662088209153272,
        -0.6163156915566642,
        -0.678762282565105,
        -0.7177779188606619,
        1.0,
        -0.7113070059664248,
        -0.6120023812630921,
        -0.7148532174868492,
        -0.7271844618803602,
        -0.7117717617606738
      ],
      [
        -0.6968532250045292,
        -0.3089061904963467,
        -0.2822299467995612,
        -0.7268761601326453,
        -0.23486140791868482,
        -0.7047308342787462,
        -0.7317609593662981,
        -0.6267911655635532,
        -0.61352538755044,
        -0.6864289429625597,
        -0.7113070059664248,
        1.0,
        -0.6221344422031609,
        -0.708833756428934,
        -0.705791056150018,
        -0.6511727045852276
      ],
      [
        -0.689790973020976,
        -0.5969903935497123,
        -0.5994937980145154,
        -0.7268118718436378,
        -0.5681872337530213,
        -0.7025863568565387,
        -0.7308964381750662,
        -0.5117337106148591,
        -0.5403447914304552,
        -0.6644116301996672,
        -0.6120023812630921,
        -0.6221344422031609,
        1.0,
        -0.6120957865631226,
        -0.7052029022741906,
        -0.5701329335405384
      ],
      [
        -0.710725309413258,
        -0.7085999776975694,
        -0.7096514492420567,
        -0.731420123845697,
        -0.6264502311841895,
        -0.7463202229353649,
        -0.7436521112508223,
        -0.7260350542162722,
        -0.7083149834232021,
        -0.6623466190068459,
        -0.7148532174868492,
        -0.708833756428934,
        -0.6120957865631226,
        1.0,
        -0.7137787943900011,
        -0.5590465730350755
      ],
      [
        -0.27599507497818865,
        -0.6918153127194051,
        -0.7070811637206196,
        -0.7250215721806108,
        -0.6976026854139097,
        -0.7343573745358052,
        -0.7278896161495606,
        -0.7087726163507246,
        -0.5070389377210079,
        -0.6779675299616752,
        -0.7271844618803602,
        -0.705791056150018,
        -0.7052029022741906,
        -0.7137787943900011,
        1.0,
        -0.7135292222015639
      ],
      [
        -0.7000580844389441,
        -0.5577506966298169,
        -0.5566091817376663,
        -0.7258086468929921,
        -0.49058202751201374,
        -0.7241065737817168,
        -0.7344787819081964,
        -0.6698257405129505,
        -0.6083991924937131,
        -0.4629567977372203,
        -0.7117717617606738,
        -0.6511727045852276,
        -0.5701329335405384,
        -0.5590465730350755,
        -0.7135292222015639,
        1.0
      ]
    ],
    "series": {
      "2020-01": [
        56,
        5,
        41,
        7,
        9,
        10,
        8,
        29,
        39,
        21,
        12,
        14,
        26,
        9,
        8,
        13
      ],
      "2020-02": [
        52,
        3,
        32,
        13,
        15,
        8,
        6,
        38,
        45,
        18,
        14,
        13,
        12,
        14,
        10,
        19
      ],
      "2020-03": [
        72,
        8,
        49,
        12,
        14,
        5,
        10,
        24,
        39,
        17,
        11,
        13,
        19,
        17,
        19,
        15
      ],
      "2020-04": [
        64,
        5,
        53,
        17,
        17,
        6,
        17,
        21,
        42,
        20,
        10,
        16,
        23,
        10,
        22,
        11
      ],
      "2020-05": [
        49,
        13,
        36,
        11,
        18,
        6,
        10,
        30,
        51,
        17,
        13,
        11,
        14,
        14,
        25,
        11
      ],
      "2020-06": [
        75,
        5,
        39,
        10,
        11,
        8,
        12,
        26,
        40,
        23,
        15,
        12,
        22,
        10,
        10,
        11
      ],
      "2020-07": [
        67,
        5,
        50,
        15,
        18,
        7,
        23,
        45,
        46,
        13,
        14,
        9,
        19,
        19,
        19,
        15
      ],
      "2020-08": [
        66,
        5,
        35,
        29,
        16,
        6,
        14,
        27,
        52,
        10,
        11,
        9,
        34,
        11,
        14,
        17
      ],
      "2020-09": [
        57,
        6,
        43,
        18,
        14,
        10,
        10,
        26,
        58,
        16,
        10,
        3,
        22,
        11,
        14,
        14
      ],
      "2020-10": [
        75,
        3,
        38,
        12,
        19,
        10,
        14,
        34,
        55,
        13,
        8,
        13,
        18,
        13,
        12,
        18
      ],
      "2020-11": [
        42,
        3,
        41,
        7,
        16,
        6,
        9,
        35,
        48,
        11,
        18,
        9,
        17,
        16,
        19,
        17
      ],
      "2020-12": [
        75,
        6,
        51,
        19,
        18,
        19,
        18,
        26,
        51,
        20,
        16,
        15,
        21,
        18,
        13,
        22
      ],
      "2021-01": [
        50,
        9,
        40,
        14,
        9,
        9,
        4,
        25,
        34,
        8,
        17,
        15,
        26,
        13,
        8,
        12
      ],
      "2021-02": [
        65,
        5,
        37,
        13,
        10,
        8,
        9,
        28,
        33,
        16,
        16,
        13,
        13,
        13,
        17,
        11
      ],
      "2021-03": [
        76,
        8,
        59,
        18,
        22,
        10,
        10,
        40,
        51,
        9,
        23,
        12,
        17,
        16,
        13,
        12
      ],
      "2021-04": [
        62,
        8,
        47,
        17,
        11,
        5,
        9,
        22,
        37,
        12,
        28,
        8,
        18,
        9,
        15,
        9
      ],
      "2021-05": [
        70,
        6,
        55,
        15,
        8,
        6,
        9,
        32,
        37,
        19,
        20,
        14,
        20,
        15,
        8,
        11
      ],
      "2021-06": [
        49,
        6,
        40,
        22,
        16,
        9,
        11,
        31,
        53,
        19,
        14,
        5,
        16,
        22,
        15,
        15
      ],
      "2021-07": [
        64,
        9,
        46,
        8,
        14,
        6,
        12,
        39,
        46,
        15,
        18,
        15,
        26,
        16,
        15,
        19
      ],
      "2021-08": [
        72,
        5,
        40,
        13,
        15,
        5,
        13,
        22,
        44,
        13,
        19,
        11,
        21,
        15,
        9,
        11
      ],
      "2021-09": [
        48,
        3,
        36,
        16,
        15,
        14,
        10,
        41,
        44,
        18,
        21,
        10,
        13,
        9,
        21,
        16
      ],
      "2021-10": [
        54,
        7,
        48,
        19,
        21,
        10,
        12,
        22,
        35,
        18,
        27,
        17,
        19,
        13,
        14,
        21
      ],
      "2021-11": [
        79,
        4,
        36,
        17,
        19,
        8,
        13,
        25,
        48,
        23,
        15,
        8,
        18,
        10,
        21,
        21
      ],
      "2021-12": [
        65,
        7,
        45,
        22,
        19,
        6,
        12,
        44,
        63,
        17,
        13,
        21,
        18,
        13,
        15,
        20
      ],
      "2022-01": [
        58,
        7,
        47,
        14,
        8,
        4,
        13,
        19,
        45,
        19,
        11,
        6,
        17,
        11,
        14,
        15
      ],
      "2022-02": [
        62,
        13,
        31,
        9,
        14,
        5,
        17,
        31,
        55,
        9,
        10,
        10,
        23,
        12,
        12,
        19
      ],
      "2022-03": [
        70,
        11,
        53,
        8,
        11,
        13,
        14,
        25,
        41,
        12,
        28,
        12,
        25,
        13,
        15,
        11
      ],
      "2022-04": [
        69,
        7,
        35,
        11,
        18,
        5,
        10,
        28,
        49,
        15,
        13,
        8,
        16,
        11,
        13,
        9
      ],
      "2022-05": [
        65,
        4,
        38,
        12,
        12,
        9,
        8,
        28,
        49,
        15,
        18,
        15,
        12,
        8,
        7,
        15
      ],
      "2022-06": [
        49,
        8,
        41,
        17,
        19,
        6,
        12,
        20,
        45,
        18,
        14,
        9,
        23,
        19,
        13,
        18
      ],
      "2022-07": [
        62,
        7,
        32,
        12,
        19,
        10,
        15,
        30,
        51,
        13,
        15,
        11,
        22,
        12,
        12,
        11
      ],
      "2022-08": [
        62,
        6,
        37,
        11,
        17,
        7,
        14,
        33,
        32,
        18,
        17,
        11,
        27,
        11,
        18,
        19
      ],
      "2022-09": [
        66,
        8,
        49,
        14,
        18,
        4,
        9,
        32,
        48,
        15,
        20,
        7,
        21,
        9,
        20,
        16
      ],
      "2022-10": [
        64,
        12,
        48,
        22,
        19,
        8,
        12,
        37,
        59,
        14,
        20,
        19,
        22,
        15,
        7,
        26
      ],
      "2022-11": [
        74,
        5,
        33,
        14,
        16,
        9,
        5,
        35,
        54,
        17,
        16,
        12,
        21,
        14,
        14,
        20
      ],
      "2022-12": [
        45,
        3,
        36,
        12,
        19,
        5,
        8,
        36,
        48,
        22,
        15,
        12,
        14,
        13,
        15,
        11
      ],
      "2023-01": [
        66,
        4,
        45,
        11,
        11,
        7,
        8,
        20,
        36,
        12,
        13,
        7,
        20,
        18,
        9,
        26
      ],
      "2023-02": [
        65,
        5,
        35,
        10,
        16,
        4,
        11,
        24,
        41,
        16,
        18,
        11,
        21,
        12,
        7,
        12
      ],
      "2023-03": [
        70,
        6,
        45,
        19,
        15,
        12,
        15,
        32,
        54,
        15,
        29,
        10,
        22,
        14,
        17,
        22
      ],
      "2023-04": [
        50,
        3,
        33,
        9,
        14,
        5,
        12,
        29,
        48,
        10,
        25,
        14,
        16,
        10,
        24,
        16
      ],
      "2023-05": [
        63,
        8,
        45,
        22,
        20,
        7,
        15,
        31,
        41,
        20,
        23,
        11,
        16,
        10,
        14,
        22
      ],
      "2023-06": [
        49,
        11,
        26,
        15,
        19,
        15,
        16,
        29,
        41,
        20,
        17,
        14,
        17,
        9,
        13,
        13
      ],
      "2023-07": [
        54,
        7,
        44,
        16,
        21,
        9,
        21,
        34,
        40,
        13,
        17,
        15,
        19,
        13,
        13,
        21
      ],
      "2023-08": [
        80,
        6,
        42,
        25,
        16,
        9,
        19,
        26,
        51,
        18,
        29,
        7,
        24,
        16,
        9,
        13
      ],
      "2023-09": [
        53,
        8,
        36,
        12,
        22,
        9,
        18,
        26,
        51,
        26,
        25,
        9,
        21,
        12,
        7,
        12
      ],
      "2023-10": [
        68,
        4,
        53,
        17,
        23,
        12,
        12,
        47,
        57,
        18,
        20,
        14,
        20,
        15,
        17,
        34
      ],
      "2023-11": [
        59,
        12,
        38,
        14,
        24,
        10,
        19,
        39,
        51,
        19,
        8,
        6,
        24,
        11,
        15,
        20
      ],
      "2023-12": [
        77,
        10,
        57,
        12,
        20,
        18,
        19,
        34,
        39,
        28,
        16,
        9,
        19,
        16,
        14,
        20
      ],
      "2024-01": [
        59,
        6,
        39,
        12,
        16,
        5,
        15,
        22,
        44,
        20,
        10,
        12,
        14,
        13,
        13,
        11
      ],
      "2024-02": [
        55,
        8,
        30,
        13,
        12,
        8,
        22,
        34,
        46,
        19,
        14,
        6,
        15,
        11,
        11,
        24
      ],
      "2024-03": [
        59,
        6,
        57,
        21,
        16,
        9,
        11,
        29,
        55,
        24,
        26,
        15,
        20,
        12,
        18,
        25
      ],
      "2024-04": [
        56,
        5,
        58,
        10,
        14,
        5,
        8,
        30,
        32,
        9,
        14,
        11,
        14,
        8,
        15,
        16
      ],
      "2024-05": [
        65,
        6,
        60,
        15,
        34,
        9,
        14,
        20,
        43,
        14,
        19,
        7,
        24,
        14,
        10,
        21
      ],
      "2024-06": [
        66,
        12,
        50,
        26,
        21,
        11,
        12,
        33,
        44,
        26,
        25,
        13,
        24,
        10,
        16,
        15
      ],
      "2024-07": [
        75,
        7,
        40,
        18,
        15,
        7,
        11,
        21,
        55,
        28,
        20,
        9,
        21,
        9,
        11,
        12
      ],
      "2024-08": [
        72,
        9,
        39,
        22,
        17,
        8,
        17,
        32,
        45,
        18,
        19,
        11,
        24,
        3,
        13,
        14
      ],
      "2024-09": [
        63,
        9,
        51,
        11,
        13,
        4,
        14,
        36,
        41,
        19,
        16,
        8,
        13,
        18,
        17,
        11
      ],
      "2024-10": [
        67,
        5,
        45,
        16,
        23,
        8,
        13,
        28,
        44,
        23,
        19,
        7,
        20,
        11,
        11,
        29
      ],
      "2024-11": [
        56,
        8,
        41,
        12,
        23,
        9,
        9,
        33,
        48,
        17,
        27,
        7,
        14,
        12,
        9,
        23
      ],
      "2024-12": [
        75,
        8,
        41,
        19,
        30,
        10,
        14,
        29,
        54,
        21,
        21,
        21,
        26,
        10,
        21,
        17
      ],
      "2025-01": [
        63,
        6,
        36,
        9,
        14,
        6,
        19,
        31,
        49,
        17,
        11,
        3,
        20,
        8,
        13,
        14
      ],
      "2025-02": [
        58,
        1,
        44,
        17,
        19,
        8,
        21,
        23,
        46,
        27,
        17,
        13,
        21,
        6,
        12,
        17
      ],
      "2025-03": [
        72,
        5,
        45,
        29,
        19,
        9,
        28,
        40,
        74,
        22,
        20,
        10,
        18,
        18,
        20,
        24
      ],
      "2025-04": [
        54,
        9,
        47,
        13,
        14,
        8,
        11,
        29,
        40,
        10,
        22,
        7,
        21,
        10,
        16,
        22
      ],
      "2025-05": [
        86,
        10,
        42,
        11,
        17,
        11,
        14,
        25,
        59,
        25,
        28,
        11,
        17,
        8,
        14,
        19
      ],
      "2025-06": [
        56,
        6,
        45,
        15,
        21,
        5,
        18,
        29,
        43,
        23,
        15,
        6,
        23,
        13,
        7,
        20
      ],
      "2025-07": [
        75,
        14,
        53,
        19,
        29,
        8,
        15,
        44,
        57,
        26,
        24,
        17,
        23,
        11,
        17,
        21
      ],
      "2025-08": [
        63,
        9,
        45,
        14,
        26,
        7,
        17,
        27,
        36,
        26,
        19,
        8,
        21,
        23,
        8,
        16
      ],
      "2025-09": [
        44,
        3,
        18,
        12,
        16,
        8,
        13,
        15,
        28,
        19,
        14,
        8,
        18,
        3,
        8,
        14
      ]
    },
    "papers": {
      "0": [
        {
          "title": "Competing Antiferromagnetic-Ferromagnetic States in $\\it{d^7}$ Kitaev Honeycomb Magnet",
          "year": "2020-06",
          "abstract": "The Kitaev model is a rare example of an analytically solvable and physically\ninstantiable Hamiltonian yielding a topological quantum spin liquid ground\nstate. Here we report signatures of Kitaev spin liquid physics in the honeycomb\nmagnet $Li_3Co_2SbO_6$, built of high-spin $\\it{d^7}$ ($Co^{2+}$) ions, in\ncontrast to the more typical low-spin $\\it{d^5}$ electron configurations in the\npresence of large spin-orbit coupling. Neutron powder diffraction measurements,\nheat capacity, and magnetization studies support the development of a\nlong-range antiferromagnetic order space group of $\\it{C_C}2/\\it{m}$, below\n$\\it{T_N}$ = 11 K at $\\it{\\mu_0H}$ = 0 T. The magnetic entropy recovered\nbetween $\\it{T}$ = 2 K and 50 K is estimated to be 0.6Rln2, in good agreement\nwith the value expected for systems close to a Kitaev quantum spin liquid\nstate. The temperature-dependent magnetic order parameter demonstrates a\n$\\beta$ value of 0.19(3), consistent with XY anisotropy and in-plane ordering,\nwith Ising-like interactions between layers. Further, we observe a spin-flop\ndriven crossover to ferromagnetic order with space group of $\\it{C}2/\\it{m}$\nunder an applied magnetic field of $\\it{\\mu_0H}$ $\\approx$ 0.7 T at $\\it{T}$ =\n2 K. Magnetic structure analysis demonstrates these magnetic states are\ncompeting at finite applied magnetic fields even below the spin-flop\ntransition. Both the $\\it{d^7}$ compass model, a quantitative comparison of the\nspecific heat of $Li_3Co_2SbO_6$, and related honeycomb cobaltates to the\nanisotropic Kitaev model further support proximity to a Kitaev spin liquid\nstate. This material demonstrates the rich playground of high-spin $\\it{d^7}$\nsystems for spin liquid candidates, and complements known $\\it{d^5}$ Ir- and\nRu-based materials.",
          "arxiv_id": "2006.03724v1"
        },
        {
          "title": "Magnetic field effects on the quantum spin liquid behaviors of NaYbS$_2$",
          "year": "2020-02",
