{
  "topics": {
    "data": {
      "0": {
        "name": "0_games_game_learning_equilibrium",
        "keywords": [
          [
            "games",
            0.026765981898880357
          ],
          [
            "game",
            0.022084508909583432
          ],
          [
            "learning",
            0.016746019074034738
          ],
          [
            "equilibrium",
            0.015911735208612325
          ],
          [
            "Nash",
            0.01505253367205424
          ],
          [
            "player",
            0.012928560260325569
          ],
          [
            "players",
            0.01131394090288755
          ],
          [
            "algorithm",
            0.011257424297748833
          ],
          [
            "agent",
            0.010820820234086703
          ],
          [
            "strategies",
            0.010760596564562219
          ]
        ],
        "count": 2087
      },
      "1": {
        "name": "1_auctions_auction_price_revenue",
        "keywords": [
          [
            "auctions",
            0.02305522677987593
          ],
          [
            "auction",
            0.02067453758062244
          ],
          [
            "price",
            0.01957083341765332
          ],
          [
            "revenue",
            0.01900829502847626
          ],
          [
            "optimal",
            0.01781469070621032
          ],
          [
            "mechanism",
            0.01557954801405478
          ],
          [
            "mechanisms",
            0.013598545784528583
          ],
          [
            "bidders",
            0.013525075611035883
          ],
          [
            "seller",
            0.01315903374803901
          ],
          [
            "online",
            0.012657705920967805
          ]
        ],
        "count": 747
      },
      "2": {
        "name": "2_allocation_agents_envy_allocations",
        "keywords": [
          [
            "allocation",
            0.03599119001262998
          ],
          [
            "agents",
            0.03515451068454624
          ],
          [
            "envy",
            0.0319017157852858
          ],
          [
            "allocations",
            0.028472396326213328
          ],
          [
            "valuations",
            0.027384553577958003
          ],
          [
            "fairness",
            0.024631734583234432
          ],
          [
            "fair",
            0.023708175947970214
          ],
          [
            "goods",
            0.02317747627487782
          ],
          [
            "EFX",
            0.022663773347622613
          ],
          [
            "items",
            0.022029176305729443
          ]
        ],
        "count": 553
      },
      "3": {
        "name": "3_voting_voters_rules_candidates",
        "keywords": [
          [
            "voting",
            0.04438491845332672
          ],
          [
            "voters",
            0.030701229487975674
          ],
          [
            "rules",
            0.027706326868759908
          ],
          [
            "candidates",
            0.025590380148802144
          ],
          [
            "rule",
            0.019184741860510907
          ],
          [
            "elections",
            0.01780401343029098
          ],
          [
            "candidate",
            0.01625631393096819
          ],
          [
            "committee",
            0.01620010642888254
          ],
          [
            "preferences",
            0.015774530792654402
          ],
          [
            "approval",
            0.01538365474887458
          ]
        ],
        "count": 535
      },
      "4": {
        "name": "4_principal_agent_information_optimal",
        "keywords": [
          [
            "principal",
            0.02405917546572023
          ],
          [
            "agent",
            0.021426650982032697
          ],
          [
            "information",
            0.018880188690480432
          ],
          [
            "optimal",
            0.015934252901334434
          ],
          [
            "sender",
            0.015413521168129668
          ],
          [
            "agents",
            0.01481604599873494
          ],
          [
            "regret",
            0.014432166307548946
          ],
          [
            "problem",
            0.013754268297388133
          ],
          [
            "receiver",
            0.013408632170194324
          ],
          [
            "learning",
            0.01191488414121893
          ]
        ],
        "count": 496
      },
      "5": {
        "name": "5_blockchain_protocol_block_transaction",
        "keywords": [
          [
            "blockchain",
            0.03010651568580309
          ],
          [
            "protocol",
            0.01965056473596044
          ],
          [
            "block",
            0.018777871930869643
          ],
          [
            "transaction",
            0.01717011775738272
          ],
          [
            "transactions",
            0.015551777316851126
          ],
          [
            "mechanism",
            0.015506909431145306
          ],
          [
            "mining",
            0.015090179553212322
          ],
          [
            "market",
            0.014494560512121437
          ],
          [
            "protocols",
            0.014336949061737311
          ],
          [
            "miners",
            0.014131726781199002
          ]
        ],
        "count": 425
      },
      "6": {
        "name": "6_games_game_player_strategies",
        "keywords": [
          [
            "games",
            0.04437735678441335
          ],
          [
            "game",
            0.025695475391787452
          ],
          [
            "player",
            0.023758788214127156
          ],
          [
            "strategies",
            0.022708152235310648
          ],
          [
            "quantum",
            0.02041479831290514
          ],
          [
            "objectives",
            0.017986325208827505
          ],
          [
            "strategy",
            0.016000296476759834
          ],
          [
            "finite",
            0.014980926321738317
          ],
          [
            "players",
            0.014724811302114872
          ],
          [
            "Games",
            0.014574903718038911
          ]
        ],
        "count": 400
      },
      "7": {
        "name": "7_matching_stable_preferences_stable matching",
        "keywords": [
          [
            "matching",
            0.06067081913329627
          ],
          [
            "stable",
            0.047139843656991726
          ],
          [
            "preferences",
            0.027776877826172438
          ],
          [
            "stable matching",
            0.024850982955421468
          ],
          [
            "matchings",
            0.024353572245970578
          ],
          [
            "problem",
            0.021781340898282868
          ],
          [
            "Stable",
            0.019354094207374363
          ],
          [
            "students",
            0.01680089954672165
          ],
          [
            "agents",
            0.016670120946911754
          ],
          [
            "markets",
            0.01631064939293857
          ]
        ],
        "count": 276
      },
      "8": {
        "name": "8_congestion_traffic_time_network",
        "keywords": [
          [
            "congestion",
            0.024453480537095736
          ],
          [
            "traffic",
            0.0183267933203793
          ],
          [
            "time",
            0.01811184266719687
          ],
          [
            "network",
            0.01773517936535392
          ],
          [
            "model",
            0.01563433849778235
          ],
          [
            "users",
            0.015246409700820826
          ],
          [
            "cost",
            0.015037917062030759
          ],
          [
            "equilibrium",
            0.014943346125189659
          ],
          [
            "routing",
            0.014822238047812276
          ],
          [
            "travel",
            0.013762105801417039
          ]
        ],
        "count": 270
      },
      "9": {
        "name": "9_LLMs_AI_human_LLM",
        "keywords": [
          [
            "LLMs",
            0.04017290613194154
          ],
          [
            "AI",
            0.03819381206948638
          ],
          [
            "human",
            0.0341011485706564
          ],
          [
            "LLM",
            0.027963571128874418
          ],
          [
            "language",
            0.026260770823586146
          ],
          [
            "models",
            0.02140795044875376
          ],
          [
            "Language",
            0.018018629732613017
          ],
          [
            "game",
            0.017750280231517607
          ],
          [
            "language models",
            0.015762665312884453
          ],
          [
            "model",
            0.01412451711131245
          ]
        ],
        "count": 179
      },
      "10": {
        "name": "10_Shapley_games_coalition_value",
        "keywords": [
          [
            "Shapley",
            0.03272687320953092
          ],
          [
            "games",
            0.03182165385069371
          ],
          [
            "coalition",
            0.030803069609092945
          ],
          [
            "value",
            0.03057981931560341
          ],
          [
            "cooperative",
            0.029498483226540462
          ],
          [
            "core",
            0.029233637101246202
          ],
          [
            "game",
            0.02124867459756154
          ],
          [
            "Shapley value",
            0.019784932238323456
          ],
          [
            "coalitions",
            0.01900474215244158
          ],
          [
            "cooperative game",
            0.016140165130957732
          ]
        ],
        "count": 154
      },
      "11": {
        "name": "11_data_Federated_learning_federated",
        "keywords": [
          [
            "data",
            0.04674691904059567
          ],
          [
            "Federated",
            0.040339743926248894
          ],
          [
            "learning",
            0.03460623207311535
          ],
          [
            "federated",
            0.03196757413150373
          ],
          [
            "model",
            0.031162209288906905
          ],
          [
            "federated learning",
            0.02637888472420067
          ],
          [
            "privacy",
            0.026116919212043014
          ],
          [
            "Learning",
            0.024717687580276357
          ],
          [
            "training",
            0.02467423825253148
          ],
          [
            "incentive",
            0.01550835242947556
          ]
        ],
        "count": 137
      },
      "12": {
        "name": "12_resource_edge_IoT_computing",
        "keywords": [
          [
            "resource",
            0.02801642768458408
          ],
          [
            "edge",
            0.02551819286942083
          ],
          [
            "IoT",
            0.019759769558650248
          ],
          [
            "computing",
            0.019719221786855017
          ],
          [
            "allocation",
            0.0186142115091633
          ],
          [
            "devices",
            0.01740559597784804
          ],
          [
            "service",
            0.017209044758191346
          ],
          [
            "resources",
            0.015953262515053593
          ],
          [
            "offloading",
            0.01594030783797831
          ],
          [
            "users",
            0.015805333898603197
          ]
        ],
        "count": 125
      },
      "13": {
        "name": "13_energy_market_electricity_trading",
        "keywords": [
          [
            "energy",
            0.0708944841584554
          ],
          [
            "market",
            0.04873159495702775
          ],
          [
            "electricity",
            0.022189638479453943
          ],
          [
            "trading",
            0.02180233453345327
          ],
          [
            "Energy",
            0.01964550995680901
          ],
          [
            "prosumers",
            0.019453624947867412
          ],
          [
            "markets",
            0.017967180530436427
          ],
          [
            "bidding",
            0.016340999112437467
          ],
          [
            "renewable",
            0.015294609463010046
          ],
          [
            "community",
            0.014721660131159655
          ]
        ],
        "count": 96
      }
    },
    "correlations": [
      [
        1.0,
        -0.5459896927133864,
        -0.5590815999892269,
        -0.576492708062936,
        -0.5017487696183052,
        -0.5262988601924761,
        0.040878868901398524,
        -0.6842450758206373,
        -0.5033925002373885,
        -0.710692002108938,
        -0.4801660051508894,
        -0.6378241497346904,
        -0.7191596763605701,
        -0.7130586155280445
      ],
      [
        -0.5459896927133864,
        1.0,
        -0.4659881663010448,
        -0.49292720850773386,
        -0.40858384405506887,
        -0.47752836086173445,
        -0.5211697346960443,
        -0.6401357954716136,
        -0.48770333971340185,
        -0.7337370274054379,
        -0.6782570164877971,
        -0.682218313231979,
        -0.7191249326182868,
        -0.6859518145325587
      ],
      [
        -0.5590815999892269,
        -0.4659881663010448,
        1.0,
        -0.49115296263534625,
        -0.34183748907599965,
        -0.5487062080042497,
        -0.5304911579955582,
        -0.5785008082020329,
        -0.5341169536023662,
        -0.7241411878885013,
        -0.6557361027877935,
        -0.6914732842549218,
        -0.6854379277791103,
        -0.7066346251480198
      ],
      [
        -0.576492708062936,
        -0.49292720850773386,
        -0.49115296263534625,
        1.0,
        -0.43366348233788854,
        -0.4929122613674743,
        -0.5429111153754256,
        -0.6324631076964841,
        -0.5222170714003166,
        -0.7366527675144039,
        -0.6987400373684425,
        -0.7118876844274777,
        -0.7411501946711502,
        -0.7360955052209432
      ],
      [
        -0.5017487696183052,
        -0.40858384405506887,
        -0.34183748907599965,
        -0.43366348233788854,
        1.0,
        -0.4663184555444708,
        -0.47363316498546304,
        -0.6133520746308385,
        -0.4599552563437037,
        -0.7210813100502977,
        -0.6716362623830138,
        -0.6697971113215642,
        -0.7291150325976735,
        -0.7121827834418627
      ],
      [
        -0.5262988601924761,
        -0.47752836086173445,
        -0.5487062080042497,
        -0.4929122613674743,
        -0.4663184555444708,
        1.0,
        -0.5406392104415805,
        -0.6884758903916022,
        -0.44579117373739485,
        -0.7392050482183643,
        -0.6992011830327969,
        -0.7035009928203706,
        -0.7251266794180466,
        -0.6829275183725609
      ],
      [
        0.040878868901398524,
        -0.5211697346960443,
        -0.5304911579955582,
        -0.5429111153754256,
        -0.47363316498546304,
        -0.5406392104415805,
        1.0,
        -0.6470397621632591,
        -0.5126293179209918,
        -0.7076146379414696,
        -0.44812088184320764,
        -0.6770836226179866,
        -0.7256363219684552,
        -0.7152175741585732
      ],
      [
        -0.6842450758206373,
        -0.6401357954716136,
        -0.5785008082020329,
        -0.6324631076964841,
        -0.6133520746308385,
        -0.6884758903916022,
        -0.6470397621632591,
        1.0,
        -0.6915967645523746,
        -0.7450868601954417,
        -0.6922705305621855,
        -0.7105323122408496,
        -0.7294487259992417,
        -0.6870204476469772
      ],
      [
        -0.5033925002373885,
        -0.48770333971340185,
        -0.5341169536023662,
        -0.5222170714003166,
        -0.4599552563437037,
        -0.44579117373739485,
        -0.5126293179209918,
        -0.6915967645523746,
        1.0,
        -0.7206491987569205,
        -0.6817565295766506,
        -0.6691989841819805,
        -0.7156828196461222,
        -0.7021888379589059
      ],
      [
        -0.710692002108938,
        -0.7337370274054379,
        -0.7241411878885013,
        -0.7366527675144039,
        -0.7210813100502977,
        -0.7392050482183643,
        -0.7076146379414696,
        -0.7450868601954417,
        -0.7206491987569205,
        1.0,
        -0.7294689273630921,
        -0.695581052780843,
        -0.7391155310547078,
        -0.7442475252667718
      ],
      [
        -0.4801660051508894,
        -0.6782570164877971,
        -0.6557361027877935,
        -0.6987400373684425,
        -0.6716362623830138,
        -0.6992011830327969,
        -0.44812088184320764,
        -0.6922705305621855,
        -0.6817565295766506,
        -0.7294689273630921,
        1.0,
        -0.6925240261276675,
        -0.7316839879973431,
        -0.7104426047898809
      ],
      [
        -0.6378241497346904,
        -0.682218313231979,
        -0.6914732842549218,
        -0.7118876844274777,
        -0.6697971113215642,
        -0.7035009928203706,
        -0.6770836226179866,
        -0.7105323122408496,
        -0.6691989841819805,
        -0.695581052780843,
        -0.6925240261276675,
        1.0,
        -0.7169261566891469,
        -0.7009057420142781
      ],
      [
        -0.7191596763605701,
        -0.7191249326182868,
        -0.6854379277791103,
        -0.7411501946711502,
        -0.7291150325976735,
        -0.7251266794180466,
        -0.7256363219684552,
        -0.7294487259992417,
        -0.7156828196461222,
        -0.7391155310547078,
        -0.7316839879973431,
        -0.7169261566891469,
        1.0,
        -0.6888748120153447
      ],
      [
        -0.7130586155280445,
        -0.6859518145325587,
        -0.7066346251480198,
        -0.7360955052209432,
        -0.7121827834418627,
        -0.6829275183725609,
        -0.7152175741585732,
        -0.6870204476469772,
        -0.7021888379589059,
        -0.7442475252667718,
        -0.7104426047898809,
        -0.7009057420142781,
        -0.6888748120153447,
        1.0
      ]
    ],
    "series": {
      "2020-01": [
        9,
        3,
        7,
        3,
        6,
        1,
        10,
        6,
        6,
        1,
        4,
        2,
        2,
        4
      ],
      "2020-02": [
        24,
        11,
        21,
        7,
        11,
        1,
        18,
        10,
        7,
        2,
        4,
        3,
        1,
        3
      ],
      "2020-03": [
        18,
        4,
        6,
        3,
        6,
        3,
        7,
        0,
        4,
        1,
        4,
        4,
        2,
        5
      ],
      "2020-04": [
        8,
        2,
        8,
        6,
        8,
        1,
        11,
        4,
        0,
        2,
        1,
        1,
        2,
        2
      ],
      "2020-05": [
        15,
        0,
        19,
        5,
        2,
        4,
        11,
        9,
        4,
        0,
        5,
        6,
        1,
        3
      ],
      "2020-06": [
        27,
        7,
        15,
        7,
        4,
        2,
        17,
        7,
        5,
        3,
        3,
        7,
        2,
        5
      ],
      "2020-07": [
        26,
        11,
        18,
        6,
        7,
        3,
        14,
        11,
        11,
        1,
        3,
        5,
        5,
        6
      ],
      "2020-08": [
        10,
        4,
        4,
        4,
        6,
        3,
        15,
        3,
        1,
        2,
        1,
        4,
        2,
        3
      ],
      "2020-09": [
        27,
        7,
        10,
        2,
        7,
        0,
        14,
        12,
        7,
        2,
        2,
        6,
        3,
        6
      ],
      "2020-10": [
        16,
        6,
        8,
        9,
        8,
        1,
        8,
        8,
        4,
        1,
        5,
        4,
        2,
        3
      ],
      "2020-11": [
        17,
        6,
        9,
        2,
        4,
        2,
        7,
        10,
        2,
        2,
        3,
        3,
        3,
        5
      ],
      "2020-12": [
        21,
        7,
        14,
        6,
        3,
        2,
        15,
        4,
        0,
        5,
        3,
        5,
        2,
        6
      ],
      "2021-01": [
        16,
        1,
        7,
        4,
        8,
        1,
        9,
        5,
        4,
        0,
        7,
        3,
        3,
        5
      ],
      "2021-02": [
        23,
        6,
        12,
        12,
        11,
        2,
        16,
        8,
        7,
        4,
        3,
        1,
        1,
        5
      ],
      "2021-03": [
        16,
        12,
        12,
        2,
        7,
        3,
        8,
        11,
        3,
        1,
        4,
        6,
        1,
        7
      ],
      "2021-04": [
        16,
        3,
        7,
        7,
        3,
        3,
        17,
        3,
        3,
        2,
        0,
        1,
        1,
        4
      ],
      "2021-05": [
        11,
        6,
        14,
        5,
        10,
        1,
        10,
        8,
        4,
        0,
        5,
        3,
        3,
        2
      ],
      "2021-06": [
        31,
        11,
        20,
        3,
        14,
        3,
        18,
        5,
        4,
        0,
        4,
        12,
        0,
        8
      ],
      "2021-07": [
        17,
        10,
        17,
        8,
        11,
        4,
        15,
        13,
        4,
        1,
        9,
        3,
        2,
        2
      ],
      "2021-08": [
        15,
        2,
        5,
        5,
        3,
        0,
        6,
        4,
        2,
        2,
        3,
        2,
        0,
        2
      ],
      "2021-09": [
        17,
        3,
        18,
        2,
        9,
        2,
        15,
        8,
        4,
        3,
        3,
        5,
        3,
        2
      ],
      "2021-10": [
        15,
        10,
        15,
        4,
        14,
        2,
        12,
        7,
        2,
        1,
        4,
        4,
        2,
        7
      ],
      "2021-11": [
        19,
        11,
        10,
        6,
        11,
        3,
        15,
        3,
        3,
        1,
        4,
        4,
        2,
        1
      ],
      "2021-12": [
        18,
        3,
        15,
        10,
        6,
        1,
        7,
        6,
        1,
        2,
        2,
        5,
        6,
        2
      ],
      "2022-01": [
        16,
        5,
        12,
        8,
        4,
        5,
        11,
        4,
        6,
        4,
        5,
        3,
        1,
        7
      ],
      "2022-02": [
        21,
        8,
        21,
        6,
        12,
        4,
        16,
        7,
        5,
        1,
        6,
        9,
        1,
        4
      ],
      "2022-03": [
        26,
        8,
        10,
        6,
        7,
        3,
        12,
        10,
        3,
        2,
        7,
        4,
        3,
        6
      ],
      "2022-04": [
        21,
        6,
        12,
        7,
        8,
        4,
        16,
        5,
        5,
        3,
        3,
        3,
        3,
        2
      ],
      "2022-05": [
        20,
        9,
        16,
        11,
        11,
        3,
        16,
        6,
        5,
        2,
        6,
        5,
        1,
        5
      ],
      "2022-06": [
        28,
        4,
        16,
        7,
        8,
        0,
        10,
        5,
        1,
        2,
        4,
        9,
        0,
        3
      ],
      "2022-07": [
        26,
        8,
        10,
        5,
        12,
        2,
        21,
        4,
        3,
        0,
        4,
        8,
        1,
        3
      ],
      "2022-08": [
        14,
        4,
        16,
        5,
        6,
        3,
        12,
        6,
        2,
        0,
        4,
        4,
        4,
        4
      ],
      "2022-09": [
        18,
        3,
        13,
        4,
        12,
        5,
        19,
        6,
        2,
        2,
        5,
        4,
        2,
        8
      ],
      "2022-10": [
        28,
        12,
        5,
        9,
        8,
        4,
        16,
        5,
        5,
        4,
        3,
        6,
        0,
        3
      ],
      "2022-11": [
        22,
        4,
        15,
        12,
        11,
        2,
        7,
        5,
        6,
        1,
        5,
        7,
        2,
        4
      ],
      "2022-12": [
        12,
        3,
        7,
        1,
        3,
        3,
        8,
        6,
        2,
        0,
        3,
        7,
        1,
        2
      ],
      "2023-01": [
        25,
        10,
        19,
        4,
        11,
        4,
        13,
        6,
        3,
        1,
        4,
        5,
        0,
        4
      ],
      "2023-02": [
        21,
        14,
        20,
        11,
        22,
        5,
        19,
        7,
        2,
        2,
        8,
        7,
        1,
        2
      ],
      "2023-03": [
        16,
        5,
        9,
        6,
        10,
        3,
        18,
        3,
        4,
        2,
        5,
        4,
        2,
        8
      ],
      "2023-04": [
        16,
        6,
        8,
        6,
        6,
        2,
        13,
        6,
        0,
        0,
        5,
        7,
        0,
        4
      ],
      "2023-05": [
        29,
        13,
        26,
        16,
        15,
        2,
        16,
        7,
        0,
        7,
        3,
        7,
        2,
        7
      ],
      "2023-06": [
        26,
        11,
        14,
        6,
        8,
        3,
        8,
        0,
        5,
        3,
        5,
        11,
        3,
        5
      ],
      "2023-07": [
        26,
        3,
        13,
        9,
        19,
        4,
        15,
        4,
        2,
        3,
        7,
        8,
        3,
        5
      ],
      "2023-08": [
        15,
        1,
        14,
        2,
        7,
        4,
        6,
        2,
        2,
        3,
        5,
        6,
        3,
        3
      ],
      "2023-09": [
        13,
        1,
        4,
        4,
        6,
        3,
        10,
        5,
        3,
        3,
        13,
        6,
        2,
        5
      ],
      "2023-10": [
        41,
        14,
        11,
        7,
        9,
        0,
        19,
        9,
        5,
        6,
        4,
        7,
        2,
        6
      ],
      "2023-11": [
        23,
        9,
        6,
        1,
        8,
        2,
        13,
        5,
        2,
        5,
        11,
        3,
        0,
        3
      ],
      "2023-12": [
        25,
        8,
        19,
        11,
        11,
        8,
        12,
        9,
        3,
        6,
        12,
        9,
        3,
        5
      ],
      "2024-01": [
        17,
        4,
        11,
        5,
        7,
        3,
        10,
        10,
        4,
        6,
        8,
        4,
        2,
        6
      ],
      "2024-02": [
        37,
        12,
        31,
        10,
        25,
        11,
        21,
        15,
        5,
        11,
        16,
        15,
        3,
        6
      ],
      "2024-03": [
        23,
        14,
        10,
        11,
        15,
        5,
        20,
        5,
        3,
        9,
        9,
        9,
        2,
        5
      ],
      "2024-04": [
        25,
        4,
        17,
        5,
        9,
        4,
        7,
        2,
        3,
        6,
        7,
        3,
        3,
        9
      ],
      "2024-05": [
        35,
        8,
        12,
        14,
        14,
        3,
        22,
        4,
        1,
        9,
        4,
        11,
        1,
        6
      ],
      "2024-06": [
        28,
        7,
        11,
        5,
        12,
        3,
        13,
        3,
        2,
        14,
        8,
        6,
        1,
        7
      ],
      "2024-07": [
        13,
        8,
        19,
        9,
        7,
        3,
        12,
        8,
        3,
        4,
        4,
        0,
        4,
        6
      ],
      "2024-08": [
        29,
        8,
        11,
        10,
        8,
        2,
        11,
        5,
        6,
        4,
        6,
        11,
        3,
        2
      ],
      "2024-09": [
        22,
        5,
        14,
        5,
        8,
        2,
        12,
        10,
        3,
        10,
        10,
        4,
        3,
        1
      ],
      "2024-10": [
        34,
        3,
        29,
        10,
        19,
        2,
        13,
        9,
        0,
        8,
        10,
        13,
        1,
        10
      ],
      "2024-11": [
        19,
        7,
        20,
        6,
        7,
        2,
        10,
        13,
        2,
        8,
        3,
        4,
        4,
        8
      ],
      "2024-12": [
        26,
        4,
        10,
        9,
        8,
        2,
        16,
        6,
        1,
        11,
        6,
        12,
        2,
        4
      ],
      "2025-01": [
        22,
        6,
        14,
        10,
        8,
        3,
        10,
        8,
        2,
        11,
        5,
        4,
        6,
        2
      ],
      "2025-02": [
        31,
        19,
        29,
        17,
        16,
        5,
        20,
        13,
        6,
        18,
        11,
        11,
        3,
        8
      ],
      "2025-03": [
        26,
        5,
        13,
        6,
        10,
        2,
        10,
        5,
        1,
        11,
        5,
        5,
        1,
        7
      ],
      "2025-04": [
        23,
        4,
        14,
        4,
        9,
        3,
        11,
        4,
        3,
        8,
        2,
        1,
        4,
        2
      ],
      "2025-05": [
        33,
        7,
        20,
        14,
        10,
        5,
        16,
        9,
        4,
        15,
        7,
        7,
        4,
        3
      ],
      "2025-06": [
        23,
        6,
        17,
        5,
        13,
        2,
        17,
        6,
        2,
        12,
        7,
        4,
        2,
        6
      ],
      "2025-07": [
        23,
        12,
        18,
        3,
        5,
        4,
        8,
        8,
        5,
        12,
        10,
        1,
        4,
        4
      ],
      "2025-08": [
        24,
        7,
        17,
        10,
        5,
        1,
        13,
        4,
        4,
        13,
        6,
        8,
        1,
        7
      ],
      "2025-09": [
        16,
        0,
        7,
        3,
        11,
        1,
        4,
        0,
        0,
        5,
        2,
        4,
        3,
        2
      ]
    },
    "papers": {
      "0": [
        {
          "title": "Public Information Representation for Adversarial Team Games",
          "year": "2022-01",
          "abstract": "The peculiarity of adversarial team games resides in the asymmetric\ninformation available to the team members during the play, which makes the\nequilibrium computation problem hard even with zero-sum payoffs. The algorithms\navailable in the literature work with implicit representations of the strategy\nspace and mainly resort to Linear Programming and column generation techniques\nto enlarge incrementally the strategy space. Such representations prevent the\nadoption of standard tools such as abstraction generation, game solving, and\nsubgame solving, which demonstrated to be crucial when solving huge, real-world\ntwo-player zero-sum games. Differently from these works, we answer the question\nof whether there is any suitable game representation enabling the adoption of\nthose tools. In particular, our algorithms convert a sequential team game with\nadversaries to a classical two-player zero-sum game. In this converted game,\nthe team is transformed into a single coordinator player who only knows\ninformation common to the whole team and prescribes to the players an action\nfor any possible private state. Interestingly, we show that our game is more\nexpressive than the original extensive-form game as any state/action\nabstraction of the extensive-form game can be captured by our representation,\nwhile the reverse does not hold. Due to the NP-hard nature of the problem, the\nresulting Public Team game may be exponentially larger than the original one.\nTo limit this explosion, we provide three algorithms, each returning an\ninformation-lossless abstraction that dramatically reduces the size of the\ntree. These abstractions can be produced without generating the original game\ntree. Finally, we show the effectiveness of the proposed approach by presenting\nexperimental results on Kuhn and Leduc Poker games, obtained by applying\nstate-of-art algorithms for two-player zero-sum games on the converted games",
          "arxiv_id": "2201.10377v1"
        },
        {
          "title": "Approximating Nash Equilibria in General-Sum Games via Meta-Learning",
          "year": "2025-04",
          "abstract": "Nash equilibrium is perhaps the best-known solution concept in game theory.\nSuch a solution assigns a strategy to each player which offers no incentive to\nunilaterally deviate. While a Nash equilibrium is guaranteed to always exist,\nthe problem of finding one in general-sum games is PPAD-complete, generally\nconsidered intractable. Regret minimization is an efficient framework for\napproximating Nash equilibria in two-player zero-sum games. However, in\ngeneral-sum games, such algorithms are only guaranteed to converge to a\ncoarse-correlated equilibrium (CCE), a solution concept where players can\ncorrelate their strategies. In this work, we use meta-learning to minimize the\ncorrelations in strategies produced by a regret minimizer. This encourages the\nregret minimizer to find strategies that are closer to a Nash equilibrium. The\nmeta-learned regret minimizer is still guaranteed to converge to a CCE, but we\ngive a bound on the distance to Nash equilibrium in terms of our meta-loss. We\nevaluate our approach in general-sum imperfect information games. Our\nalgorithms provide significantly better approximations of Nash equilibria than\nstate-of-the-art regret minimization techniques.",
          "arxiv_id": "2504.18868v1"
        },
        {
          "title": "Reinforcement Learning In Two Player Zero Sum Simultaneous Action Games",
          "year": "2021-10",
          "abstract": "Two player zero sum simultaneous action games are common in video games,\nfinancial markets, war, business competition, and many other settings. We first\nintroduce the fundamental concepts of reinforcement learning in two player zero\nsum simultaneous action games and discuss the unique challenges this type of\ngame poses. Then we introduce two novel agents that attempt to handle these\nchallenges by using joint action Deep Q-Networks (DQN). The first agent, called\nthe Best Response AgenT (BRAT), builds an explicit model of its opponent's\npolicy using imitation learning, and then uses this model to find the best\nresponse to exploit the opponent's strategy. The second agent, Meta-Nash DQN,\nbuilds an implicit model of its opponent's policy in order to produce a context\nvariable that is used as part of the Q-value calculation. An explicit minimax\nover Q-values is used to find actions close to Nash equilibrium. We find\nempirically that both agents converge to Nash equilibrium in a self-play\nsetting for simple matrix games, while also performing well in games with\nlarger state and action spaces. These novel algorithms are evaluated against\nvanilla RL algorithms as well as recent state of the art multi-agent and two\nagent algorithms. This work combines ideas from traditional reinforcement\nlearning, game theory, and meta learning.",
          "arxiv_id": "2110.04835v1"
        }
      ],
      "1": [
        {
          "title": "Bayesian Calibrated Click-Through Auction",
          "year": "2023-06",
          "abstract": "We study information design in click-through auctions, in which the\nbidders/advertisers bid for winning an opportunity to show their ads but only\npay for realized clicks. The payment may or may not happen, and its probability\nis called the click-through rate (CTR). This auction format is widely used in\nthe industry of online advertising. Bidders have private values, whereas the\nseller has private information about each bidder's CTRs. We are interested in\nthe seller's problem of partially revealing CTR information to maximize\nrevenue. Information design in click-through auctions turns out to be\nintriguingly different from almost all previous studies in this space since any\nrevealed information about CTRs will never affect bidders' bidding behaviors --\nthey will always bid their true value per click -- but only affect the\nauction's allocation and payment rule. In some sense, this makes information\ndesign effectively a constrained mechanism design problem.\n  Our first result is an FPTAS to compute an approximately optimal mechanism\nunder a constant number of bidders. The design of this algorithm leverages\nBayesian bidder values which help to ``smooth'' the seller's revenue function\nand lead to better tractability. The design of this FPTAS is complex and\nprimarily algorithmic. Our second main result pursues the design of ``simple''\nmechanisms that are approximately optimal yet more practical. We primarily\nfocus on the two-bidder situation, which is already notoriously challenging as\ndemonstrated in recent works. When bidders' CTR distribution is symmetric, we\ndevelop a simple prior-free signaling scheme, whose construction relies on a\nparameter termed optimal signal ratio. The constructed scheme provably obtains\na good approximation as long as the maximum and minimum of bidders' value\ndensity functions do not differ much.",
          "arxiv_id": "2306.06554v2"
        },
        {
          "title": "Multi-item Non-truthful Auctions Achieve Good Revenue",
          "year": "2020-02",
