{
  "topics": {
    "data": {
      "0": {
        "name": "0_blockchain_Blockchain_smart_contracts",
        "keywords": [
          [
            "blockchain",
            0.031288422326568636
          ],
          [
            "Blockchain",
            0.014666115693072178
          ],
          [
            "smart",
            0.013323761119807377
          ],
          [
            "contracts",
            0.01169118485713966
          ],
          [
            "transactions",
            0.011507207477921992
          ],
          [
            "chain",
            0.010981903936070915
          ],
          [
            "transaction",
            0.010844888632684865
          ],
          [
            "Ethereum",
            0.010757246240862939
          ],
          [
            "data",
            0.009819661006369702
          ],
          [
            "decentralized",
            0.00924932217249653
          ]
        ],
        "count": 3134
      },
      "1": {
        "name": "1_quantum_key_Quantum_encryption",
        "keywords": [
          [
            "quantum",
            0.03644430555355466
          ],
          [
            "key",
            0.014610040268680088
          ],
          [
            "Quantum",
            0.012423835728372018
          ],
          [
            "encryption",
            0.011497337407510896
          ],
          [
            "security",
            0.01100894691539314
          ],
          [
            "scheme",
            0.010380713221757052
          ],
          [
            "secure",
            0.01027436613621669
          ],
          [
            "classical",
            0.010272733601897188
          ],
          [
            "cryptographic",
            0.009229440582071096
          ],
          [
            "cryptography",
            0.008965309987549777
          ]
        ],
        "count": 3080
      },
      "2": {
        "name": "2_LLMs_LLM_models_AI",
        "keywords": [
          [
            "LLMs",
            0.026766972850754158
          ],
          [
            "LLM",
            0.018304333401254567
          ],
          [
            "models",
            0.01474795828290163
          ],
          [
            "AI",
            0.013077947858154424
          ],
          [
            "language",
            0.012818167076359892
          ],
          [
            "Language",
            0.012371875271050874
          ],
          [
            "Large",
            0.012062400401457712
          ],
          [
            "model",
            0.010566767882720469
          ],
          [
            "Models",
            0.010531415762045334
          ],
          [
            "safety",
            0.010423623541269345
          ]
        ],
        "count": 2182
      },
      "3": {
        "name": "3_privacy_DP_data_private",
        "keywords": [
          [
            "privacy",
            0.03435389734838399
          ],
          [
            "DP",
            0.02436074185760147
          ],
          [
            "data",
            0.018543041660662046
          ],
          [
            "private",
            0.018204068906336798
          ],
          [
            "differential privacy",
            0.015433046180566026
          ],
          [
            "differential",
            0.015377547626980102
          ],
          [
            "utility",
            0.011721157145877969
          ],
          [
            "Privacy",
            0.011391436902663105
          ],
          [
            "Differential",
            0.009648834293940624
          ],
          [
            "model",
            0.009477653051154727
          ]
        ],
        "count": 1775
      },
      "4": {
        "name": "4_FL_Federated_learning_model",
        "keywords": [
          [
            "FL",
            0.03236214429307436
          ],
          [
            "Federated",
            0.02669149413800849
          ],
          [
            "learning",
            0.02235669975394854
          ],
          [
            "model",
            0.020751452895011898
          ],
          [
            "privacy",
            0.020392684918188964
          ],
          [
            "federated",
            0.019493408727776065
          ],
          [
            "clients",
            0.019492205847408562
          ],
          [
            "Learning",
            0.018142405265073065
          ],
          [
            "data",
            0.01772625718248584
          ],
          [
            "federated learning",
            0.016270368536225335
          ]
        ],
        "count": 1276
      },
      "5": {
        "name": "5_adversarial_attacks_robustness_Adversarial",
        "keywords": [
          [
            "adversarial",
            0.044728439890807534
          ],
          [
            "attacks",
            0.020016812646769775
          ],
          [
            "robustness",
            0.019245582640828693
          ],
          [
            "Adversarial",
            0.019015802487708077
          ],
          [
            "examples",
            0.018076345391297165
          ],
          [
            "adversarial examples",
            0.016600893177817683
          ],
          [
            "attack",
            0.015082121644053103
          ],
          [
            "models",
            0.014298356336081383
          ],
          [
            "adversarial attacks",
            0.01377191243858265
          ],
          [
            "perturbations",
            0.012593652824717394
          ]
        ],
        "count": 1050
      },
      "6": {
        "name": "6_code_software_vulnerability_vulnerabilities",
        "keywords": [
          [
            "code",
            0.03393599935849493
          ],
          [
            "software",
            0.020836176456015112
          ],
          [
            "vulnerability",
            0.01921634345485931
          ],
          [
            "vulnerabilities",
            0.01874761947602034
          ],
          [
            "security",
            0.014346051875557821
          ],
          [
            "source",
            0.010907783608586701
          ],
          [
            "fuzzing",
            0.010437641444330879
          ],
          [
            "analysis",
            0.009251850228547995
          ],
          [
            "detection",
            0.009087146473103805
          ],
          [
            "vulnerability detection",
            0.008789602026882224
          ]
        ],
        "count": 1013
      },
      "7": {
        "name": "7_detection_network_traffic_intrusion",
        "keywords": [
          [
            "detection",
            0.022891792054260708
          ],
          [
            "network",
            0.021173485710045226
          ],
          [
            "traffic",
            0.019718556669299347
          ],
          [
            "intrusion",
            0.014178443927153063
          ],
          [
            "Detection",
            0.01350240112715079
          ],
          [
            "learning",
            0.01299813777960371
          ],
          [
            "intrusion detection",
            0.011997846028674312
          ],
          [
            "Intrusion",
            0.011645541324091358
          ],
          [
            "attacks",
            0.011004074344138134
          ],
          [
            "IDS",
            0.010781871320689786
          ]
        ],
        "count": 1004
      },
      "8": {
        "name": "8_cyber_security_cybersecurity_Cyber",
        "keywords": [
          [
            "cyber",
            0.027506174618556634
          ],
          [
            "security",
            0.01796512681702177
          ],
          [
            "cybersecurity",
            0.01622200086254131
          ],
          [
            "Cyber",
            0.012657802984541795
          ],
          [
            "threats",
            0.009374238845846573
          ],
          [
            "systems",
            0.009284962129182518
          ],
          [
            "research",
            0.008798899532851975
          ],
          [
            "risk",
            0.00824085916588931
          ],
          [
            "network",
            0.00804001343612776
          ],
          [
            "attack",
            0.007705926593384345
          ]
        ],
        "count": 874
      },
      "9": {
        "name": "9_memory_execution_hardware_cache",
        "keywords": [
          [
            "memory",
            0.022572151286276716
          ],
          [
            "execution",
            0.015955539078428973
          ],
          [
            "hardware",
            0.015557324739498302
          ],
          [
            "cache",
            0.014679446373355479
          ],
          [
            "security",
            0.01389762592649756
          ],
          [
            "software",
            0.012638581417838076
          ],
          [
            "attacks",
            0.012547064899508758
          ],
          [
            "performance",
            0.010985382673662027
          ],
          [
            "channel",
            0.010974438883319183
          ],
          [
            "code",
            0.01095740971286764
          ]
        ],
        "count": 731
      },
      "10": {
        "name": "10_malware_detection_Malware_malware detection",
        "keywords": [
          [
            "malware",
            0.06556518304784126
          ],
          [
            "detection",
            0.023023337911162994
          ],
          [
            "Malware",
            0.021697464053261797
          ],
          [
            "malware detection",
            0.0189443834321278
          ],
          [
            "Android",
            0.016109678445014684
          ],
          [
            "ransomware",
            0.01593736058991791
          ],
          [
            "learning",
            0.012929796171891338
          ],
          [
            "classification",
            0.010922594135761472
          ],
          [
            "analysis",
            0.010153194009585666
          ],
          [
            "features",
            0.010122863827056336
          ]
        ],
        "count": 720
      },
      "11": {
        "name": "11_password_DNS_users_user",
        "keywords": [
          [
            "password",
            0.020754778665232426
          ],
          [
            "DNS",
            0.017851880718744897
          ],
          [
            "users",
            0.015392788744067973
          ],
          [
            "user",
            0.014097248090665114
          ],
          [
            "web",
            0.013043492252603083
          ],
          [
            "authentication",
            0.012892290329492285
          ],
          [
            "passwords",
            0.012332534025361505
          ],
          [
            "websites",
            0.011657217475728551
          ],
          [
            "security",
            0.011161935526631176
          ],
          [
            "traffic",
            0.010598879480577311
          ]
        ],
        "count": 713
      },
      "12": {
        "name": "12_watermarking_watermark_image_watermarks",
        "keywords": [
          [
            "watermarking",
            0.03954605290125658
          ],
          [
            "watermark",
            0.03148298696465609
          ],
          [
            "image",
            0.020935036547295855
          ],
          [
            "watermarks",
            0.017028635212458017
          ],
          [
            "model",
            0.01485108808330175
          ],
          [
            "embedding",
            0.014675889428474854
          ],
          [
            "Watermarking",
            0.014344153196112652
          ],
          [
            "steganography",
            0.014173814240999224
          ],
          [
            "images",
            0.013238426112780468
          ],
          [
            "text",
            0.012490288356759423
          ]
        ],
        "count": 625
      },
      "13": {
        "name": "13_face_biometric_recognition_authentication",
        "keywords": [
          [
            "face",
            0.023379967110774974
          ],
          [
            "biometric",
            0.023154786552524082
          ],
          [
            "recognition",
            0.01736837352487745
          ],
          [
            "authentication",
            0.017144167302351503
          ],
          [
            "facial",
            0.013696899294173432
          ],
          [
            "images",
            0.012959666703739542
          ],
          [
            "user",
            0.012703631636954546
          ],
          [
            "privacy",
            0.01094898875573799
          ],
          [
            "Face",
            0.009701522709603502
          ],
          [
            "systems",
            0.009700080069922854
          ]
        ],
        "count": 583
      },
      "14": {
        "name": "14_backdoor_attacks_backdoor attacks_model",
        "keywords": [
          [
            "backdoor",
            0.045723364348648564
          ],
          [
            "attacks",
            0.022957147420291323
          ],
          [
            "backdoor attacks",
            0.019403874378993352
          ],
          [
            "model",
            0.01923032273368679
          ],
          [
            "trigger",
            0.017835348736563783
          ],
          [
            "training",
            0.017805130124998177
          ],
          [
            "Backdoor",
            0.01734414134398131
          ],
          [
            "attack",
            0.01723983565108212
          ],
          [
            "poisoning",
            0.0160694615049236
          ],
          [
            "clean",
            0.014300021387692288
          ]
        ],
        "count": 527
      },
      "15": {
        "name": "15_vehicles_vehicle_CAN_attacks",
        "keywords": [
          [
            "vehicles",
            0.02288835062691294
          ],
          [
            "vehicle",
            0.02191043273592077
          ],
          [
            "CAN",
            0.016446914794496063
          ],
          [
            "attacks",
            0.014160906324523288
          ],
          [
            "security",
            0.013295544141276082
          ],
          [
            "communication",
            0.010772024477440096
          ],
          [
            "autonomous",
            0.00999010691088342
          ],
          [
            "attack",
            0.009937542271120467
          ],
          [
            "systems",
            0.009559544245606523
          ],
          [
            "detection",
            0.009292028120059777
          ]
        ],
        "count": 512
      },
      "16": {
        "name": "16_wireless_security_networks_network",
        "keywords": [
          [
            "wireless",
            0.017977105561431176
          ],
          [
            "security",
            0.016801108597941733
          ],
          [
            "networks",
            0.01503564980547009
          ],
          [
            "network",
            0.014985256715510787
          ],
          [
            "jamming",
            0.012508594248086613
          ],
          [
            "channel",
            0.01250196545978747
          ],
          [
            "communication",
            0.011689798396211313
          ],
          [
            "layer",
            0.008881552688132097
          ],
          [
            "signal",
            0.008585577848983247
          ],
          [
            "authentication",
            0.008578945082212712
          ]
        ],
        "count": 435
      },
      "17": {
        "name": "17_speech_audio_voice_speaker",
        "keywords": [
          [
            "speech",
            0.042567720780591504
          ],
          [
            "audio",
            0.03910424556172619
          ],
          [
            "voice",
            0.02866301876245888
          ],
          [
            "speaker",
            0.02354832548950197
          ],
          [
            "ASR",
            0.015043543900353786
          ],
          [
            "attacks",
            0.013690897780408539
          ],
          [
            "adversarial",
            0.012427604843481422
          ],
          [
            "Speech",
            0.012419967713614255
          ],
          [
            "Audio",
            0.01193979776893578
          ],
          [
            "systems",
            0.011604398174351419
          ]
        ],
        "count": 386
      },
      "18": {
        "name": "18_inference_HE_privacy_computation",
        "keywords": [
          [
            "inference",
            0.026207277641285776
          ],
          [
            "HE",
            0.016412794761581927
          ],
          [
            "privacy",
            0.014894964296118385
          ],
          [
            "computation",
            0.014676124092149854
          ],
          [
            "data",
            0.01391392214730305
          ],
          [
            "MPC",
            0.013465940395354445
          ],
          [
            "secure",
            0.013444629054940675
          ],
          [
            "model",
            0.01236171436726141
          ],
          [
            "neural",
            0.011971114498906782
          ],
          [
            "learning",
            0.011385243606482472
          ]
        ],
        "count": 330
      },
      "19": {
        "name": "19_IoT_devices_security_Things",
        "keywords": [
          [
            "IoT",
            0.05930106799410459
          ],
          [
            "devices",
            0.02979899173233774
          ],
          [
            "security",
            0.02166642054093513
          ],
          [
            "Things",
            0.020385757097658802
          ],
          [
            "Internet",
            0.020287892318613786
          ],
          [
            "IoT devices",
            0.015872820943115214
          ],
          [
            "smart",
            0.01311823771684419
          ],
          [
            "home",
            0.012299335194135131
          ],
          [
            "device",
            0.01102193436598553
          ],
          [
            "data",
            0.009991028004206258
          ]
        ],
        "count": 329
      },
      "20": {
        "name": "20_hardware_design_locking_logic",
        "keywords": [
          [
            "hardware",
            0.02347785182008975
          ],
          [
            "design",
            0.021662696569434346
          ],
          [
            "locking",
            0.019521786461997443
          ],
          [
            "logic",
            0.01650858628601975
          ],
          [
            "security",
            0.0163385490327623
          ],
          [
            "circuit",
            0.014559300707120488
          ],
          [
            "circuits",
            0.013706364240350906
          ],
          [
            "Trojan",
            0.01353641949099009
          ],
          [
            "HT",
            0.013001789160768577
          ],
          [
            "Trojans",
            0.01281499711544809
          ]
        ],
        "count": 326
      },
      "21": {
        "name": "21_graph_GNNs_Graph_node",
        "keywords": [
          [
            "graph",
            0.06164795504400072
          ],
          [
            "GNNs",
            0.03332272727535518
          ],
          [
            "Graph",
            0.0328299246399243
          ],
          [
            "node",
            0.023028507951279337
          ],
          [
            "GNN",
            0.02205783222010126
          ],
          [
            "attack",
            0.01669292885161409
          ],
          [
            "graphs",
            0.01611040917838524
          ],
          [
            "attacks",
            0.014605273692624458
          ],
          [
            "nodes",
            0.014040535123819895
          ],
          [
            "Neural",
            0.013824022537978854
          ]
        ],
        "count": 304
      },
      "22": {
        "name": "22_phishing_Phishing_emails_detection",
        "keywords": [
          [
            "phishing",
            0.07118833595152056
          ],
          [
            "Phishing",
            0.027001049266255378
          ],
          [
            "emails",
            0.02209931906082489
          ],
          [
            "detection",
            0.020453429759168848
          ],
          [
            "email",
            0.017445519374067447
          ],
          [
            "URL",
            0.01597709169723227
          ],
          [
            "URLs",
            0.013921267849026423
          ],
          [
            "phishing emails",
            0.011584308317581338
          ],
          [
            "attacks",
            0.011222848389035686
          ],
          [
            "phishing detection",
            0.011197671113349386
          ]
        ],
        "count": 300
      },
      "23": {
        "name": "23_grid_power_smart_grids",
        "keywords": [
          [
            "grid",
            0.0380474025508874
          ],
          [
            "power",
            0.027723786703194288
          ],
          [
            "smart",
            0.023014329294523204
          ],
          [
            "grids",
            0.017306786781155856
          ],
          [
            "cyber",
            0.017154430276378283
          ],
          [
            "energy",
            0.016337315432858105
          ],
          [
            "smart grid",
            0.015510519796128741
          ],
          [
            "data",
            0.014979194441628488
          ],
          [
            "Smart",
            0.014340009544714665
          ],
          [
            "power grid",
            0.012798770664966595
          ]
        ],
        "count": 295
      },
      "24": {
        "name": "24_apps_Android_app_mobile",
        "keywords": [
          [
            "apps",
            0.06298927373892424
          ],
          [
            "Android",
            0.044924944508715384
          ],
          [
            "app",
            0.03945492550497279
          ],
          [
            "mobile",
            0.020098547506513503
          ],
          [
            "privacy",
            0.01937182122711974
          ],
          [
            "user",
            0.014846933735795997
          ],
          [
            "users",
            0.014259319077355528
          ],
          [
            "security",
            0.013699423448622705
          ],
          [
            "analysis",
            0.013466755529630073
          ],
          [
            "data",
            0.013262744147752855
          ]
        ],
        "count": 263
      },
      "25": {
        "name": "25_models_image_images_diffusion",
        "keywords": [
          [
            "models",
            0.03142291718251421
          ],
          [
            "image",
            0.031225032326900545
          ],
          [
            "images",
            0.025824373975869872
          ],
          [
            "diffusion",
            0.0250199087379112
          ],
          [
            "diffusion models",
            0.019647102110791563
          ],
          [
            "Diffusion",
            0.019134388198942087
          ],
          [
            "text",
            0.018136979431037405
          ],
          [
            "generation",
            0.016405747487353177
          ],
          [
            "generative",
            0.015753514415391093
          ],
          [
            "prompts",
            0.013067869335685581
          ]
        ],
        "count": 259
      },
      "26": {
        "name": "26_synthetic_data_synthetic data_privacy",
        "keywords": [
          [
            "synthetic",
            0.046561584791697655
          ],
          [
            "data",
            0.0441587973428374
          ],
          [
            "synthetic data",
            0.04008873086120226
          ],
          [
            "privacy",
            0.030326510167870552
          ],
          [
            "Synthetic",
            0.0187496531819411
          ],
          [
            "private",
            0.018348840370922145
          ],
          [
            "DP",
            0.016522004050669524
          ],
          [
            "generative",
            0.015950391217263417
          ],
          [
            "data generation",
            0.015252172675471225
          ],
          [
            "Data",
            0.013869158715160498
          ]
        ],
        "count": 237
      },
      "27": {
        "name": "27_DNN_model_DNNs_neural",
        "keywords": [
          [
            "DNN",
            0.034385920264894634
          ],
          [
            "model",
            0.01800798613217091
          ],
          [
            "DNNs",
            0.01591012658078552
          ],
          [
            "neural",
            0.01576802063006046
          ],
          [
            "Neural",
            0.01484652732240093
          ],
          [
            "hardware",
            0.014548732348679412
          ],
          [
            "accelerators",
            0.012527880429795886
          ],
          [
            "attack",
            0.012394857565338788
          ],
          [
            "models",
            0.01211960596470007
          ],
          [
            "inference",
            0.011853521645441208
          ]
        ],
        "count": 189
      }
    },
    "correlations": [
      [
        1.0,
        -0.7503380952991283,
        -0.7523181055803488,
        -0.7382160440917303,
        -0.7204094156098311,
        -0.7494251977590074,
        -0.7146166207769096,
        -0.7335669311934587,
        -0.734477493087077,
        -0.7529415613849512,
        -0.7613924645542244,
        -0.718435807775961,
        -0.7632828689231941,
        -0.7493849457571097,
        -0.7436024922680445,
        -0.739223883153297,
        -0.7147640626007159,
        -0.764490586541237,
        -0.7535951413997437,
        -0.7028108405573561,
        -0.720859932713142,
        -0.7378879055017877,
        -0.7566487342185553,
        -0.7076098858877344,
        -0.7592406366832021,
        -0.7587583010360348,
        -0.7303808590866453,
        -0.7535278610984
      ],
      [
        -0.7503380952991283,
        1.0,
        -0.7624520958983148,
        -0.7500087648277494,
        -0.7440961644016708,
        -0.7508698193624569,
        -0.729959857368874,
        -0.7546310783022615,
        -0.727818971810645,
        -0.7379989979572907,
        -0.760807955585086,
        -0.7351302252296993,
        -0.7606199206719642,
        -0.7545856882221117,
        -0.7434732606614027,
        -0.7481009753357397,
        -0.7162436565890189,
        -0.764377622911619,
        -0.7448519643250284,
        -0.7312519669757074,
        -0.7165725238979944,
        -0.7564554733867503,
        -0.7613371694606541,
        -0.7482842442112151,
        -0.7634778870537982,
        -0.7571908044492455,
        -0.7513584071524291,
        -0.7539728724778898
      ],
      [
        -0.7523181055803488,
        -0.7624520958983148,
        1.0,
        -0.7241384064498129,
        -0.7195458523678135,
        -0.6789031455527732,
        -0.6486507413592616,
        -0.7368757207793908,
        -0.7340492298174448,
        -0.7552490875290889,
        -0.7394214658086732,
        -0.7299153982653812,
        -0.7104297771029715,
        -0.7526083426710322,
        -0.6684437935464792,
        -0.732117290934678,
        -0.7455480491771425,
        -0.7541619756676603,
        -0.7314733601668608,
        -0.7475499485349926,
        -0.738089815024233,
        -0.7453131708702361,
        -0.7330278159017867,
        -0.7544026350948391,
        -0.7556886021835973,
        -0.5842315216399706,
        -0.6998389879390394,
        -0.725412818178006
      ],
      [
        -0.7382160440917303,
        -0.7500087648277494,
        -0.7241384064498129,
        1.0,
        -0.397996155856018,
        -0.7350482491754762,
        -0.7373787607447115,
        -0.7281128969317117,
        -0.7441356458927992,
        -0.752981942002257,
        -0.7577959544532054,
        -0.678671129404776,
        -0.7589513073255328,
        -0.7423569882983219,
        -0.6967024750910861,
        -0.7422649553528994,
        -0.7341231277252792,
        -0.7542738881179213,
        -0.6281611710956065,
        -0.7300856454992288,
        -0.7326149827973054,
        -0.7227624491193076,
        -0.760333490489477,
        -0.7377112993745876,
        -0.7496240000370405,
        -0.7166141778971789,
        -0.08934058143181006,
        -0.7050780083422719
      ],
      [
        -0.7204094156098311,
        -0.7440961644016708,
        -0.7195458523678135,
        -0.397996155856018,
        1.0,
        -0.6939105678552593,
        -0.7192985692018778,
        -0.6586692776426433,
        -0.7259396151558495,
        -0.7521383150297505,
        -0.742026413649733,
        -0.699890751938384,
        -0.7436060084473081,
        -0.7420819962002947,
        -0.5343960501472214,
        -0.7171945551178587,
        -0.7179115672425384,
        -0.7519197977447227,
        -0.5968027594898282,
        -0.7037362903362592,
        -0.7269932976038143,
        -0.7330833596684083,
        -0.7533956998601369,
        -0.7362974411729586,
        -0.7491108920058245,
        -0.7067440213773728,
        -0.3424026431293872,
        -0.5597320770108489
      ],
      [
        -0.7494251977590074,
        -0.7508698193624569,
        -0.6789031455527732,
        -0.7350482491754762,
        -0.6939105678552593,
        1.0,
        -0.7035835223852471,
        -0.7005135441801245,
        -0.7287533104536175,
        -0.7465555689584635,
        -0.7239422612638955,
        -0.7125710208658272,
        -0.7267787237979171,
        -0.7326313851685109,
        -0.48724748746487023,
        -0.4944540870127372,
        -0.7171437753600998,
        -0.7212550911641951,
        -0.7331735999386129,
        -0.7324276857912407,
        -0.7295280033768532,
        -0.7223500185135091,
        -0.7437882907022642,
        -0.7358906988733118,
        -0.7568213704913399,
        -0.6460638106900278,
        -0.7076812214482957,
        -0.5575558796409501
      ],
      [
        -0.7146166207769096,
        -0.729959857368874,
        -0.6486507413592616,
        -0.7373787607447115,
        -0.7192985692018778,
        -0.7035835223852471,
        1.0,
        -0.7283580643897973,
        -0.5880187256912623,
        -0.7064854781186043,
        -0.7290632260943555,
        -0.7000433759978093,
        -0.7472238500972368,
        -0.7449117527670048,
        -0.6880303486201402,
        -0.7193438137568829,
        -0.5881028397450457,
        -0.7548840872825757,
        -0.7382239473829411,
        -0.6300738023828469,
        -0.5951111758202716,
        -0.7195195877584551,
        -0.7453798256625659,
        -0.7373714270964957,
        -0.7383601632407394,
        -0.7187622925952407,
        -0.7182941939676604,
        -0.7227386301560876
      ],
      [
        -0.7335669311934587,
        -0.7546310783022615,
        -0.7368757207793908,
        -0.7281128969317117,
        -0.6586692776426433,
        -0.7005135441801245,
        -0.7283580643897973,
        1.0,
        -0.6890457681508211,
        -0.7530898111682192,
        -0.6546823561043236,
        -0.7247867767336471,
        -0.7575802288025454,
        -0.7469660174568142,
        -0.6967386371461828,
        -0.6805952424778134,
        -0.575004371383476,
        -0.7516313138454616,
        -0.651013691847343,
        -0.6015176622398261,
        -0.7303030446437754,
        -0.7084865113736731,
        -0.6669873806184934,
        -0.7230377219654462,
        -0.7517754929505134,
        -0.7304937816017573,
        -0.7066708623691504,
        -0.703177933425814
      ],
      [
        -0.734477493087077,
        -0.727818971810645,
        -0.7340492298174448,
        -0.7441356458927992,
        -0.7259396151558495,
        -0.7287533104536175,
        -0.5880187256912623,
        -0.6890457681508211,
        1.0,
        -0.7436630547028795,
        -0.7270602333108332,
        -0.7267907871629951,
        -0.7585911918892551,
        -0.7382653452420784,
        -0.7161129498541925,
        -0.7009631821678104,
        -0.48086285229309833,
        -0.7599737264406764,
        -0.7464284154977536,
        -0.5609791464274623,
        -0.5242855232471463,
        -0.7346513542750961,
        -0.7403917563328508,
        -0.6007463621725124,
        -0.7545053359361236,
        -0.7430675672956588,
        -0.732227890368923,
        -0.7404819783435703
      ],
      [
        -0.7529415613849512,
        -0.7379989979572907,
        -0.7552490875290889,
        -0.752981942002257,
        -0.7521383150297505,
        -0.7465555689584635,
        -0.7064854781186043,
        -0.7530898111682192,
        -0.7436630547028795,
        1.0,
        -0.7533131397275572,
        -0.7283511619969889,
        -0.764232053641053,
        -0.756236998933947,
        -0.7378218285160347,
        -0.7423806240305966,
        -0.7442566789758487,
        -0.765263861598739,
        -0.7438227389631168,
        -0.7354628754463662,
        -0.6490359651938203,
        -0.7574152777232526,
        -0.761894832554921,
        -0.749039436117432,
        -0.7594131070221228,
        -0.7606187811050371,
        -0.7467831291468401,
        -0.746347077588416
      ],
      [
        -0.7613924645542244,
        -0.760807955585086,
        -0.7394214658086732,
        -0.7577959544532054,
        -0.742026413649733,
        -0.7239422612638955,
        -0.7290632260943555,
        -0.6546823561043236,
        -0.7270602333108332,
        -0.7533131397275572,
        1.0,
        -0.7479026683892169,
        -0.7600013459843826,
        -0.7562246002176269,
        -0.7365910177228496,
        -0.7474521474401865,
        -0.7513991446251669,
        -0.7597847607518212,
        -0.7487016123734684,
        -0.7257835378505536,
        -0.7490519145975171,
        -0.7305436469378181,
        -0.6571420128333518,
        -0.7525396305611576,
        -0.6656444086499586,
        -0.7397608792666004,
        -0.7471500595763833,
        -0.7408436233973252
      ],
      [
        -0.718435807775961,
        -0.7351302252296993,
        -0.7299153982653812,
        -0.678671129404776,
        -0.699890751938384,
        -0.7125710208658272,
        -0.7000433759978093,
        -0.7247867767336471,
        -0.7267907871629951,
        -0.7283511619969889,
        -0.7479026683892169,
        1.0,
        -0.7536301080781002,
        -0.7198466769419694,
        -0.6961142894332281,
        -0.725547768098391,
        -0.717399179342577,
        -0.7483001846316361,
        -0.7363122850503055,
        -0.7203204826309404,
        -0.7094863761658726,
        -0.7435226844202482,
        -0.7449334216478575,
        -0.7378471652158324,
        -0.7374288424978457,
        -0.7268737595658501,
        -0.6990486798161806,
        -0.72348161225507
      ],
      [
        -0.7632828689231941,
        -0.7606199206719642,
        -0.7104297771029715,
        -0.7589513073255328,
        -0.7436060084473081,
        -0.7267787237979171,
        -0.7472238500972368,
        -0.7575802288025454,
        -0.7585911918892551,
        -0.764232053641053,
        -0.7600013459843826,
        -0.7536301080781002,
        1.0,
        -0.7488192294011986,
        -0.728215681862818,
        -0.7555636561192669,
        -0.7557623285997497,
        -0.7294620230665615,
        -0.7598112926493623,
        -0.7607770407341221,
        -0.7516243280593676,
        -0.754483828230528,
        -0.7592801486759191,
        -0.758434238945912,
        -0.7637313572376692,
        -0.561421678162173,
        -0.743910415200557,
        -0.6794364606698307
      ],
      [
        -0.7493849457571097,
        -0.7545856882221117,
        -0.7526083426710322,
        -0.7423569882983219,
        -0.7420819962002947,
        -0.7326313851685109,
        -0.7449117527670048,
        -0.7469660174568142,
        -0.7382653452420784,
        -0.756236998933947,
        -0.7562246002176269,
        -0.7198466769419694,
        -0.7488192294011986,
        1.0,
        -0.7325504612395835,
        -0.7468729964794412,
        -0.740000262608671,
        -0.727652486427822,
        -0.7441559486972602,
        -0.7408953122061064,
        -0.7460051008718931,
        -0.7609322381391896,
        -0.752196887899425,
        -0.7544740912328385,
        -0.7532823688570207,
        -0.7210660543572212,
        -0.7324920510422253,
        -0.7378400240494534
      ],
      [
        -0.7436024922680445,
        -0.7434732606614027,
        -0.6684437935464792,
        -0.6967024750910861,
        -0.5343960501472214,
        -0.48724748746487023,
        -0.6880303486201402,
        -0.6967386371461828,
        -0.7161129498541925,
        -0.7378218285160347,
        -0.7365910177228496,
        -0.6961142894332281,
        -0.728215681862818,
        -0.7325504612395835,
        1.0,
        -0.4625755890577016,
        -0.7100130639969823,
        -0.733555441892755,
        -0.7152670989273611,
        -0.7224471567980273,
        -0.7117610191465626,
        -0.7171029850320623,
        -0.7431959085694423,
        -0.7299419720052235,
        -0.7528627873592033,
        -0.6613189521190537,
        -0.620106591057359,
        -0.46680170095005974
      ],
      [
        -0.739223883153297,
        -0.7481009753357397,
        -0.732117290934678,
        -0.7422649553528994,
        -0.7171945551178587,
        -0.4944540870127372,
        -0.7193438137568829,
        -0.6805952424778134,
        -0.7009631821678104,
        -0.7423806240305966,
        -0.7474521474401865,
        -0.725547768098391,
        -0.7555636561192669,
        -0.7468729964794412,
        -0.4625755890577016,
        1.0,
        -0.7098905620758208,
        -0.7501943211718549,
        -0.7461191184832379,
        -0.7218566398228824,
        -0.7259806202794903,
        -0.7483838120946105,
        -0.7456503790639164,
        -0.7242158002046775,
        -0.7543154205568369,
        -0.733705227067796,
        -0.7283521225816281,
        -0.7170013780445421
      ],
      [
        -0.7147640626007159,
        -0.7162436565890189,
        -0.7455480491771425,
        -0.7341231277252792,
        -0.7179115672425384,
        -0.7171437753600998,
        -0.5881028397450457,
        -0.575004371383476,
        -0.48086285229309833,
        -0.7442566789758487,
        -0.7513991446251669,
        -0.717399179342577,
        -0.7557623285997497,
        -0.740000262608671,
        -0.7100130639969823,
        -0.7098905620758208,
        1.0,
        -0.756528459682725,
        -0.7439911221519553,
        -0.5413056163094111,
        -0.513543126461918,
        -0.7428201733234079,
