{
  "topics": {
    "data": {
      "0": {
        "name": "0_active_particles_time_particle",
        "keywords": [
          [
            "active",
            0.015041038562837616
          ],
          [
            "particles",
            0.013630712578095363
          ],
          [
            "time",
            0.013032022766498376
          ],
          [
            "particle",
            0.012723456555767962
          ],
          [
            "diffusion",
            0.010219880683958337
          ],
          [
            "dynamics",
            0.010177030733186593
          ],
          [
            "model",
            0.01017364817578408
          ],
          [
            "phase",
            0.009806796227783526
          ],
          [
            "density",
            0.009059745839899857
          ],
          [
            "simulations",
            0.008887741409105204
          ]
        ],
        "count": 4466
      },
      "1": {
        "name": "1_spin_model_phase_field",
        "keywords": [
          [
            "spin",
            0.020267528669551397
          ],
          [
            "model",
            0.0185769487171885
          ],
          [
            "phase",
            0.018527084148462335
          ],
          [
            "field",
            0.014084920495191404
          ],
          [
            "critical",
            0.013729290667859976
          ],
          [
            "Ising",
            0.013349803111353269
          ],
          [
            "symmetry",
            0.012315018731205867
          ],
          [
            "lattice",
            0.012150288627998478
          ],
          [
            "quantum",
            0.011692498900782668
          ],
          [
            "magnetic",
            0.01164961335469552
          ]
        ],
        "count": 2289
      },
      "2": {
        "name": "2_entropy_thermodynamic_heat_work",
        "keywords": [
          [
            "entropy",
            0.02003118671136378
          ],
          [
            "thermodynamic",
            0.018644760670451836
          ],
          [
            "heat",
            0.01720568467847514
          ],
          [
            "work",
            0.016360939994077194
          ],
          [
            "thermodynamics",
            0.01521847494127529
          ],
          [
            "time",
            0.014848145067498939
          ],
          [
            "engine",
            0.014436035400729188
          ],
          [
            "production",
            0.01417118494235209
          ],
          [
            "quantum",
            0.01394671795049979
          ],
          [
            "systems",
            0.013612908818223877
          ]
        ],
        "count": 1842
      },
      "3": {
        "name": "3_networks_network_percolation_model",
        "keywords": [
          [
            "networks",
            0.030630634842416
          ],
          [
            "network",
            0.024009660817239417
          ],
          [
            "percolation",
            0.020704915845444444
          ],
          [
            "model",
            0.020657390837819405
          ],
          [
            "social",
            0.013235904743750011
          ],
          [
            "critical",
            0.01214058341788156
          ],
          [
            "degree",
            0.01184194086634767
          ],
          [
            "nodes",
            0.011746512900906505
          ],
          [
            "random",
            0.01137604311610866
          ],
          [
            "dynamics",
            0.010242201010444481
          ]
        ],
        "count": 961
      },
      "4": {
        "name": "4_quantum_entanglement_measurement_measurements",
        "keywords": [
          [
            "quantum",
            0.039197771273874873
          ],
          [
            "entanglement",
            0.03330603166092103
          ],
          [
            "measurement",
            0.031188807127152746
          ],
          [
            "measurements",
            0.026438793981487387
          ],
          [
            "circuits",
            0.02536265533482664
          ],
          [
            "phase",
            0.01838139423446017
          ],
          [
            "unitary",
            0.016772045872893795
          ],
          [
            "transition",
            0.01623000443513419
          ],
          [
            "random",
            0.016177218217905284
          ],
          [
            "circuit",
            0.015987736217689816
          ]
        ],
        "count": 494
      },
      "5": {
        "name": "5_quantum_systems_chaotic_spectral",
        "keywords": [
          [
            "quantum",
            0.027111479490660183
          ],
          [
            "systems",
            0.021153314389972533
          ],
          [
            "chaotic",
            0.021083740722881977
          ],
          [
            "spectral",
            0.020417699406613657
          ],
          [
            "matrix",
            0.01883108013276457
          ],
          [
            "random",
            0.018658173511492814
          ],
          [
            "thermalization",
            0.01797364452181099
          ],
          [
            "time",
            0.017424544685147116
          ],
          [
            "chaos",
            0.016125523228979723
          ],
          [
            "body",
            0.015255521339164368
          ]
        ],
        "count": 370
      },
      "6": {
        "name": "6_learning_neural_networks_neural networks",
        "keywords": [
          [
            "learning",
            0.03764598359466649
          ],
          [
            "neural",
            0.03614351198431942
          ],
          [
            "networks",
            0.029682272642117053
          ],
          [
            "neural networks",
            0.02306686539374964
          ],
          [
            "network",
            0.017815535081488545
          ],
          [
            "training",
            0.01769494988707604
          ],
          [
            "brain",
            0.015710552671781706
          ],
          [
            "data",
            0.01564225773222429
          ],
          [
            "model",
            0.014131957280764289
          ],
          [
            "deep",
            0.013981801259028983
          ]
        ],
        "count": 365
      },
      "7": {
        "name": "7_body_quantum_localization_MBL",
        "keywords": [
          [
            "body",
            0.025875648605804318
          ],
          [
            "quantum",
            0.025512934435161633
          ],
          [
            "localization",
            0.01925930344037087
          ],
          [
            "MBL",
            0.016554556714612808
          ],
          [
            "dynamics",
            0.016527336563125068
          ],
          [
            "systems",
            0.015834516875656363
          ],
          [
            "model",
            0.015018595999677859
          ],
          [
            "disorder",
            0.014770791899504136
          ],
          [
            "phase",
            0.013004823178898943
          ],
          [
            "states",
            0.011719201573869013
          ]
        ],
        "count": 332
      },
      "8": {
        "name": "8_quantum_annealing_optimization_problems",
        "keywords": [
          [
            "quantum",
            0.048651068928175535
          ],
          [
            "annealing",
            0.026173632691715066
          ],
          [
            "optimization",
            0.023229307816907734
          ],
          [
            "problems",
            0.020824824338465154
          ],
          [
            "algorithm",
            0.020107560311907857
          ],
          [
            "Ising",
            0.018437863696567323
          ],
          [
            "problem",
            0.018418155562098488
          ],
          [
            "algorithms",
            0.018300082220082555
          ],
          [
            "quantum annealing",
            0.015897652254473198
          ],
          [
            "state",
            0.015360488759734867
          ]
        ],
        "count": 306
      },
      "9": {
        "name": "9_black_black hole_hole_holographic",
        "keywords": [
          [
            "black",
            0.03694749095053902
          ],
          [
            "black hole",
            0.02871780005292532
          ],
          [
            "hole",
            0.027508212101862852
          ],
          [
            "holographic",
            0.023684096062103817
          ],
          [
            "entropy",
            0.02130560104068642
          ],
          [
            "entanglement",
            0.019755269534807086
          ],
          [
            "AdS",
            0.019640119721251705
          ],
          [
            "gravity",
            0.017088210490964255
          ],
          [
            "quantum",
            0.016382745190956345
          ],
          [
            "field",
            0.015176408403626801
          ]
        ],
        "count": 293
      },
      "10": {
        "name": "10_Floquet_time_driven_systems",
        "keywords": [
          [
            "Floquet",
            0.037785478011705925
          ],
          [
            "time",
            0.030233974052623958
          ],
          [
            "driven",
            0.023419502015467546
          ],
          [
            "systems",
            0.022445239701301054
          ],
          [
            "quantum",
            0.019474422291951562
          ],
          [
            "driving",
            0.019347299484167267
          ],
          [
            "drive",
            0.018098567980501655
          ],
          [
            "frequency",
            0.017091926974771066
          ],
          [
            "time crystals",
            0.017070476347227154
          ],
          [
            "crystals",
            0.01698268517680464
          ]
        ],
        "count": 227
      },
      "11": {
        "name": "11_species_population_ecological_model",
        "keywords": [
          [
            "species",
            0.053249315227322486
          ],
          [
            "population",
            0.041298233863255894
          ],
          [
            "ecological",
            0.01914903411614086
          ],
          [
            "model",
            0.01814560774158735
          ],
          [
            "evolutionary",
            0.01653696027788649
          ],
          [
            "dynamics",
            0.014464695856193801
          ],
          [
            "environmental",
            0.014418387526590163
          ],
          [
            "populations",
            0.01353752074441273
          ],
          [
            "growth",
            0.013189985854035037
          ],
          [
            "extinction",
            0.013070105928482637
          ]
        ],
        "count": 216
      },
      "12": {
        "name": "12_hydrodynamics_hydrodynamic_integrable_GHD",
        "keywords": [
          [
            "hydrodynamics",
            0.029158218751433783
          ],
          [
            "hydrodynamic",
            0.02153279856216734
          ],
          [
            "integrable",
            0.020885022636276552
          ],
          [
            "GHD",
            0.019089737056780867
          ],
          [
            "systems",
            0.01319198513969574
          ],
          [
            "theory",
            0.012669214884770581
          ],
          [
            "Hydrodynamics",
            0.012461693166312264
          ],
          [
            "transport",
            0.011926442877411209
          ],
          [
            "time",
            0.011854088098859161
          ],
          [
            "quantum",
            0.011413787864448717
          ]
        ],
        "count": 187
      },
      "13": {
        "name": "13_equation_relativistic_Boltzmann_equations",
        "keywords": [
          [
            "equation",
            0.024842968921833516
          ],
          [
            "relativistic",
            0.021931673768266064
          ],
          [
            "Boltzmann",
            0.019061573367672037
          ],
          [
            "equations",
            0.01845165936260253
          ],
          [
            "energy",
            0.017329002757398394
          ],
          [
            "distribution",
            0.016863030616788406
          ],
          [
            "particles",
            0.013660903043490661
          ],
          [
            "kinetic",
            0.013016100271478164
          ],
          [
            "particle",
            0.012048910431183705
          ],
          [
            "non",
            0.011880582755964639
          ]
        ],
        "count": 173
      },
      "14": {
        "name": "14_exclusion_exclusion process_process_TASEP",
        "keywords": [
          [
            "exclusion",
            0.05138584173968706
          ],
          [
            "exclusion process",
            0.040111267574726044
          ],
          [
            "process",
            0.03207223442742687
          ],
          [
            "TASEP",
            0.027821038512212924
          ],
          [
            "current",
            0.02709320283047923
          ],
          [
            "asymmetric",
            0.02696449827156243
          ],
          [
            "simple exclusion",
            0.02617787319753478
          ],
          [
            "simple exclusion process",
            0.023276646274452965
          ],
          [
            "particles",
            0.01979171055573662
          ],
          [
            "simple",
            0.01906534782979512
          ]
        ],
        "count": 162
      }
    },
    "correlations": [
      [
        1.0,
        -0.34124169688137507,
        -0.45566578945846226,
        -0.4139595578904288,
        -0.6698741585360688,
        -0.43098565584239173,
        -0.7306708432967696,
        -0.301342672438193,
        -0.6907998741366856,
        -0.33799037967427903,
        -0.6625496359756029,
        -0.7226195567584478,
        -0.12322152243092828,
        -0.5565892513809424,
        -0.6913031401928904
      ],
      [
        -0.34124169688137507,
        1.0,
        -0.5408281339726206,
        -0.16570058665035203,
        -0.4385116235481289,
        -0.5031094515546793,
        -0.7113554354439642,
        -0.42170012174818183,
        -0.6441453815982563,
        -0.46686477673626336,
        -0.6530954605266232,
        -0.7251652275371518,
        -0.3589535891478079,
        -0.7066424226961994,
        -0.7046374742256907
      ],
      [
        -0.45566578945846226,
        -0.5408281339726206,
        1.0,
        -0.5183693873421297,
        -0.6709374635620364,
        -0.49920450039470277,
        -0.7312159853905577,
        -0.5018433494214452,
        -0.6845769770066574,
        -0.34418464377555397,
        -0.6652429381720546,
        -0.7385753629484706,
        -0.4537155669114604,
        -0.7184132011942382,
        -0.7054312057128118
      ],
      [
        -0.4139595578904288,
        -0.16570058665035203,
        -0.5183693873421297,
        1.0,
        -0.6712243875711882,
        -0.47882933109810266,
        -0.5804228751754966,
        -0.48044568349142064,
        -0.6854187343335696,
        -0.4317126555540647,
        -0.6713607657119658,
        -0.7130244101145284,
        -0.41593883981633256,
        -0.7203731323052556,
        -0.7070769425556457
      ],
      [
        -0.6698741585360688,
        -0.4385116235481289,
        -0.6709374635620364,
        -0.6712243875711882,
        1.0,
        -0.5295929467960441,
        -0.7314913842626238,
        -0.4969508801497555,
        -0.477573321918358,
        -0.5062096116782755,
        -0.6133853997469603,
        -0.7536724054060914,
        -0.668918658059813,
        -0.7452901312688203,
        -0.7424482376820912
      ],
      [
        -0.43098565584239173,
        -0.5031094515546793,
        -0.49920450039470277,
        -0.47882933109810266,
        -0.5295929467960441,
        1.0,
        -0.7233135672092346,
        -0.1297276835188924,
        -0.52313204736211,
        -0.39821539076741597,
        -0.3233817089341765,
        -0.7328315205036773,
        -0.40038917228158755,
        -0.7214090963713957,
        -0.7118741605808399
      ],
      [
        -0.7306708432967696,
        -0.7113554354439642,
        -0.7312159853905577,
        -0.5804228751754966,
        -0.7314913842626238,
        -0.7233135672092346,
        1.0,
        -0.7334236630604697,
        -0.7178523356094303,
        -0.7374197653791782,
        -0.7343129370176894,
        -0.73917195715988,
        -0.7388970787927298,
        -0.7522262531104544,
        -0.7525463061398878
      ],
      [
        -0.301342672438193,
        -0.42170012174818183,
        -0.5018433494214452,
        -0.48044568349142064,
        -0.4969508801497555,
        -0.1297276835188924,
        -0.7334236630604697,
        1.0,
        -0.4820073615777991,
        -0.3958370341683867,
        -0.5299003332636729,
        -0.7348110389756706,
        -0.2699252339269802,
        -0.7206844154589809,
        -0.7116093681049109
      ],
      [
        -0.6907998741366856,
        -0.6441453815982563,
        -0.6845769770066574,
        -0.6854187343335696,
        -0.477573321918358,
        -0.52313204736211,
        -0.7178523356094303,
        -0.4820073615777991,
        1.0,
        -0.6682032826871118,
        -0.6160135850901342,
        -0.7535627210427391,
        -0.6849297060431856,
        -0.738873357185414,
        -0.7424312285859769
      ],
      [
        -0.33799037967427903,
        -0.46686477673626336,
        -0.34418464377555397,
        -0.4317126555540647,
        -0.5062096116782755,
        -0.39821539076741597,
        -0.7374197653791782,
        -0.3958370341683867,
        -0.6682032826871118,
        1.0,
        -0.6705709266299142,
        -0.7413248805257939,
        -0.3089940133666114,
        -0.7274263897832179,
        -0.7138242245867705
      ],
      [
        -0.6625496359756029,
        -0.6530954605266232,
        -0.6652429381720546,
        -0.6713607657119658,
        -0.6133853997469603,
        -0.3233817089341765,
        -0.7343129370176894,
        -0.5299003332636729,
        -0.6160135850901342,
        -0.6705709266299142,
        1.0,
        -0.7403668423519854,
        -0.6662735698681025,
        -0.7216790006865096,
        -0.7178267297506684
      ],
      [
        -0.7226195567584478,
        -0.7251652275371518,
        -0.7385753629484706,
        -0.7130244101145284,
        -0.7536724054060914,
        -0.7328315205036773,
        -0.73917195715988,
        -0.7348110389756706,
        -0.7535627210427391,
        -0.7413248805257939,
        -0.7403668423519854,
        1.0,
        -0.731694445924348,
        -0.7438343868209233,
        -0.7316080654068589
      ],
      [
        -0.12322152243092828,
        -0.3589535891478079,
        -0.4537155669114604,
        -0.41593883981633256,
        -0.668918658059813,
        -0.40038917228158755,
        -0.7388970787927298,
        -0.2699252339269802,
        -0.6849297060431856,
        -0.3089940133666114,
        -0.6662735698681025,
        -0.731694445924348,
        1.0,
        -0.7204221588069624,
        -0.6970902818173433
      ],
      [
        -0.5565892513809424,
        -0.7066424226961994,
        -0.7184132011942382,
        -0.7203731323052556,
        -0.7452901312688203,
        -0.7214090963713957,
        -0.7522262531104544,
        -0.7206844154589809,
        -0.738873357185414,
        -0.7274263897832179,
        -0.7216790006865096,
        -0.7438343868209233,
        -0.7204221588069624,
        1.0,
        -0.7410179820966847
      ],
      [
        -0.6913031401928904,
        -0.7046374742256907,
        -0.7054312057128118,
        -0.7070769425556457,
        -0.7424482376820912,
        -0.7118741605808399,
        -0.7525463061398878,
        -0.7116093681049109,
        -0.7424312285859769,
        -0.7138242245867705,
        -0.7178267297506684,
        -0.7316080654068589,
        -0.6970902818173433,
        -0.7410179820966847,
        1.0
      ]
    ],
    "series": {
      "2020-01": [
        62,
        25,
        17,
        14,
        9,
        6,
        10,
        17,
        12,
        20,
        12,
        3,
        4,
        9,
        11
      ],
      "2020-02": [
        74,
        24,
        15,
        17,
        12,
        13,
        6,
        16,
        11,
        23,
        16,
        10,
        3,
        6,
        9
      ],
      "2020-03": [
        75,
        39,
        22,
        23,
        25,
        10,
        4,
        21,
        10,
        18,
        23,
        10,
        6,
        6,
        6
      ],
      "2020-04": [
        78,
        26,
        16,
        18,
        16,
        12,
        10,
        27,
        9,
        25,
        22,
        6,
        7,
        8,
        11
      ],
      "2020-05": [
        75,
        33,
        21,
        22,
        13,
        12,
        13,
        25,
        14,
        25,
        23,
        9,
        4,
        7,
        8
      ],
      "2020-06": [
        90,
        41,
        15,
        29,
        10,
        4,
        11,
        15,
        19,
        23,
        22,
        4,
        5,
        7,
        17
      ],
      "2020-07": [
        73,
        41,
        18,
        21,
        21,
        14,
        9,
        20,
        18,
        31,
        30,
        9,
        7,
        8,
        9
      ],
      "2020-08": [
        90,
        32,
        28,
        22,
        14,
        9,
        4,
        13,
        13,
        29,
        23,
        9,
        4,
        10,
        4
      ],
      "2020-09": [
        97,
        26,
        21,
        19,
        15,
        12,
        6,
        16,
        20,
        19,
        22,
        12,
        4,
        11,
        12
      ],
      "2020-10": [
        88,
        27,
        22,
        22,
        10,
        13,
        3,
        15,
        15,
        26,
        26,
        11,
        3,
        9,
        5
      ],
      "2020-11": [
        82,
        35,
        16,
        19,
        18,
        9,
        10,
        21,
        17,
        22,
        20,
        6,
        7,
        7,
        8
      ],
      "2020-12": [
        78,
        34,
        16,
        25,
        20,
        16,
        12,
        22,
        21,
        24,
        23,
        9,
        6,
        7,
        8
      ],
      "2021-01": [
        65,
        21,
        22,
        16,
        11,
        8,
        11,
        14,
        10,
        21,
        18,
        12,
        4,
        3,
        6
      ],
      "2021-02": [
        70,
        25,
        21,
        16,
        13,
        11,
        8,
        10,
        10,
        12,
        22,
        8,
        7,
        7,
        5
      ],
      "2021-03": [
        89,
        35,
        23,
        18,
        21,
        17,
        7,
        21,
        19,
        34,
        25,
        12,
        8,
        8,
        13
      ],
      "2021-04": [
        88,
        25,
        19,
        21,
        15,
        11,
        8,
        20,
        17,
        31,
        21,
        10,
        7,
        5,
        11
      ],
      "2021-05": [
        87,
        41,
        24,
        24,
        19,
        5,
        12,
        11,
        18,
        12,
        26,
        6,
        8,
        5,
        3
      ],
      "2021-06": [
        73,
        28,
        25,
        23,
        15,
        17,
        14,
        16,
        21,
        29,
        25,
        10,
        1,
        5,
        9
      ],
      "2021-07": [
        77,
        35,
        17,
        12,
        17,
        9,
        12,
        13,
        13,
        27,
        25,
        11,
        6,
        7,
        13
      ],
      "2021-08": [
        56,
        24,
        18,
        19,
        17,
        9,
        9,
        24,
        14,
        19,
        22,
        6,
        7,
        8,
        12
      ],
      "2021-09": [
        81,
        39,
        14,
        14,
        18,
        19,
        6,
        15,
        16,
        17,
        26,
        12,
        2,
        7,
        11
      ],
      "2021-10": [
        82,
        25,
        24,
        27,
        23,
        8,
        8,
        19,
        14,
        23,
        29,
        8,
        6,
        11,
        6
      ],
      "2021-11": [
        84,
        38,
        13,
        15,
        19,
        12,
        10,
        21,
        12,
        19,
        23,
        10,
        3,
        8,
        6
      ],
      "2021-12": [
        92,
        41,
        22,
        12,
        20,
        12,
        7,
        20,
        17,
        27,
        29,
        6,
        6,
        5,
        13
      ],
      "2022-01": [
        67,
        24,
        19,
        11,
        20,
        11,
        8,
        15,
        7,
        25,
        25,
        2,
        5,
        6,
        11
      ],
      "2022-02": [
        85,
        24,
        18,
        20,
        16,
        12,
        10,
        17,
        14,
        31,
        25,
        8,
        2,
        4,
        5
      ],
      "2022-03": [
        101,
        41,
        18,
        21,
        21,
        10,
        7,
        19,
        19,
        21,
        25,
        8,
        8,
        6,
        10
      ],
      "2022-04": [
        87,
        33,
        16,
        15,
        15,
        12,
        5,
        20,
        22,
        24,
        12,
        9,
        1,
        2,
        8
      ],
      "2022-05": [
        99,
        40,
        24,
        19,
        17,
        8,
        9,
        17,
        18,
        21,
        41,
        9,
        5,
        8,
        6
      ],
      "2022-06": [
        82,
        39,
        22,
        19,
        17,
        14,
        9,
        17,
        19,
        18,
        28,
        5,
        5,
        6,
        11
      ],
      "2022-07": [
        71,
        31,
        20,
        19,
        18,
        12,
        12,
        24,
        12,
        19,
        24,
        7,
        3,
        4,
        11
      ],
      "2022-08": [
        81,
        41,
        12,
        14,
        23,
        9,
        6,
        20,
        12,
        21,
        28,
        10,
        4,
        2,
        12
      ],
      "2022-09": [
        66,
        38,
        12,
        9,
        17,
        15,
        6,
        18,
        15,
        27,
        22,
        4,
        8,
        9,
        10
      ],
      "2022-10": [
        72,
        33,
        15,
        23,
        24,
        12,
        10,
        15,
        18,
        24,
        20,
        14,
        4,
        12,
        3
      ],
      "2022-11": [
        76,
        41,
        21,
        26,
        21,
        10,
        8,
        16,
        15,
        24,
        21,
        9,
        3,
        8,
        9
      ],
      "2022-12": [
        69,
        33,
        18,
        23,
        23,
        12,
        8,
        21,
        8,
        24,
        21,
        10,
        6,
        8,
        5
      ],
      "2023-01": [
        70,
        30,
        10,
        20,
        18,
        9,
        10,
        22,
        15,
        21,
        17,
        11,
        5,
        5,
        12
      ],
      "2023-02": [
        68,
        17,
        22,
        19,
        22,
        9,
        9,
        10,
        22,
        18,
        21,
        6,
        2,
        6,
        8
      ],
      "2023-03": [
        95,
        29,
        22,
        19,
        20,
        18,
        8,
        24,
        15,
        20,
        22,
        8,
        7,
        5,
        7
      ],
      "2023-04": [
        60,
        31,
        20,
        11,
        12,
        13,
        10,
        15,
        10,
        20,
        17,
        9,
        7,
        5,
        7
      ],
      "2023-05": [
        86,
        39,
        27,
        17,
        24,
        19,
        16,
        27,
        21,
        22,
        22,
        12,
        5,
        6,
        12
      ],
      "2023-06": [
        84,
        32,
        29,
        13,
        23,
        13,
        14,
        20,
        17,
        26,
        25,
        10,
        8,
        8,
        9
      ],
      "2023-07": [
        73,
        38,
        20,
        24,
        29,
        22,
        10,
        23,
        12,
        31,
        34,
        13,
        7,
        7,
        11
      ],
      "2023-08": [
        70,
        25,
        20,
        18,
        24,
        16,
        12,
        25,
        20,
        27,
        17,
        13,
        3,
        6,
        9
      ],
      "2023-09": [
        72,
        30,
        21,
        18,
        22,
        14,
        9,
        20,
        19,
        28,
        22,
        6,
        5,
        4,
        11
      ],
      "2023-10": [
        97,
        47,
        23,
        19,
        22,
        18,
        13,
        18,
        19,
        36,
        28,
        13,
        7,
        7,
        10
      ],
      "2023-11": [
        100,
        40,
        11,
        16,
        20,
        20,
        11,
        16,
        21,
        25,
        20,
        10,
        6,
        8,
        7
      ],
      "2023-12": [
        79,
        28,
        19,
        12,
        33,
        15,
        14,
        17,
        11,
        22,
        20,
        10,
        8,
        6,
        8
      ],
      "2024-01": [
        81,
        28,
        14,
        12,
        16,
        19,
        8,
        22,
        14,
        15,
        19,
        7,
        7,
        10,
        8
      ],
      "2024-02": [
        83,
        24,
        20,
        12,
        28,
        14,
        10,
        13,
        18,
        34,
        24,
        8,
        2,
        7,
        11
      ],
      "2024-03": [
        84,
        50,
        14,
        25,
        17,
        19,
        7,
        28,
        21,
        21,
        29,
        15,
        4,
        7,
        9
      ],
      "2024-04": [
        86,
        23,
        20,
        17,
        25,
        12,
        12,
        19,
        15,
        14,
        17,
        16,
        5,
        8,
        3
      ],
      "2024-05": [
        92,
        35,
        23,
        16,
        28,
        16,
        12,
        21,
        14,
        30,
        27,
        9,
        5,
        6,
        9
      ],
      "2024-06": [
        69,
        41,
        16,
        23,
        25,
        10,
        18,
        21,
        16,
        21,
        27,
        7,
        10,
        7,
        11
      ],
      "2024-07": [
        97,
        46,
        25,
        16,
        24,
        15,
        13,
        23,
        18,
        26,
        22,
        13,
        6,
        8,
        8
      ],
      "2024-08": [
        76,
        23,
        10,
        13,
        26,
        17,
        10,
        19,
        5,
        12,
        13,
        6,
        6,
        0,
        7
      ],
      "2024-09": [
        79,
        39,
        23,
        21,
        15,
        19,
        16,
        24,
        22,
        25,
        32,
        12,
        9,
        8,
        3
      ],
      "2024-10": [
        98,
        49,
        19,
        12,
        24,
        19,
        18,
        22,
        19,
        30,
        28,
        7,
        6,
        8,
        7
      ],
      "2024-11": [
        71,
        38,
        24,
        21,
        33,
        15,
        11,
        24,
        20,
        30,
        22,
        13,
        9,
        8,
        5
      ],
      "2024-12": [
        97,
        43,
        17,
        21,
        29,
        16,
        13,
        21,
        10,
        27,
        22,
        9,
        7,
        7,
        10
      ],
      "2025-01": [
        64,
        23,
        14,
        22,
        27,
        9,
        12,
        25,
        14,
        20,
        24,
        8,
        4,
        8,
        12
      ],
      "2025-02": [
        63,
        26,
        16,
        19,
        19,
        12,
        4,
        21,
        17,
        12,
        21,
        8,
        4,
        9,
        6
      ],
      "2025-03": [
        97,
        42,
        17,
        26,
        28,
        16,
        14,
        14,
        14,
        21,
        28,
        14,
        7,
        4,
        14
      ],
      "2025-04": [
        84,
        31,
        20,
        13,
        19,
        14,
        15,
        21,
        17,
        23,
        23,
        8,
        6,
        5,
        6
      ],
      "2025-05": [
        102,
        34,
        16,
        18,
        18,
        9,
        14,
        25,
        17,
        13,
        30,
        12,
        8,
        6,
        6
      ],
      "2025-06": [
        81,
        36,
        19,
        20,
        30,
        11,
        18,
        25,
        17,
        27,
        28,
        9,
        5,
        4,
        4
      ],
      "2025-07": [
        111,
        42,
        20,
        21,
        30,
        23,
        17,
        29,
        29,
        19,
        26,
        8,
        9,
        5,
        8
      ],
      "2025-08": [
        104,
        25,
        19,
        25,
        18,
        12,
        15,
        19,
        12,
        25,
        21,
        6,
        2,
        9,
        12
      ],
      "2025-09": [
        55,
        20,
        14,
        11,
        13,
        5,
        7,
        9,
        7,
        12,
        9,
        7,
        2,
        8,
        4
      ]
    },
    "papers": {
      "0": [
        {
          "title": "Resetting with stochastic return through linear confining potential",
          "year": "2020-12",
          "abstract": "We consider motion of an overdamped Brownian particle subject to stochastic\nresetting in one dimension. In contrast to the usual setting where the particle\nis instantaneously reset to a preferred location (say, the origin), here we\nconsider a finite time resetting process facilitated by an external linear\npotential $V(x)=\\lambda|x|~ (\\lambda>0)$. When resetting occurs, the trap is\nswitched on and the particle experiences a force $-\\partial_x V(x)$ which helps\nthe particle to return to the resetting location. The trap is switched off as\nsoon as the particle makes a first passage to the origin. Subsequently, the\nparticle resumes its free diffusion motion and the process keeps repeating. In\nthis set-up, the system attains a non-equilibrium steady state. We study the\nrelaxation to this steady state by analytically computing the position\ndistribution of the particle at all time and then analysing this distribution\nusing the spectral properties of the corresponding Fokker-Planck operator. As\nseen for the instantaneous resetting problem, we observe a `cone spreading'\nrelaxation with travelling fronts such that there is an inner core region\naround the resetting point that reaches the steady state, while the region\noutside the core still grows ballistically with time. In addition to the\nunusual relaxation phenomena, we compute the large deviation functions\nassociated to the corresponding probability density and find that the large\ndeviation functions describe a dynamical transition similar to what is seen\npreviously in case of instantaneous resetting. Notably, our method, based on\nspectral properties, complements the existing renewal formalism and reveals the\nintricate mathematical structure responsible for such relaxation phenomena. We\nverify our analytical results against extensive numerical simulations.",
          "arxiv_id": "2012.12878v2"
        },
        {
          "title": "Pair-distribution function of active Brownian spheres in three spatial dimensions: simulation results and analytical representation",
          "year": "2023-07",
          "abstract": "The pair-distribution function, which provides information about correlations\nin a system of interacting particles, is one of the key objects of theoretical\nsoft matter physics. In particular, it allows for microscopic insights into the\nphase behavior of active particles. While this function is by now well studied\nfor two-dimensional active matter systems, the more complex and more realistic\ncase of three-dimensional systems is not well understood by now. In this work,\nwe analyze the full pair-distribution function of spherical active Brownian\nparticles interacting via a Weeks-Chandler-Andersen potential in three spatial\ndimensions using Brownian dynamics simulations. Besides extracting the\nstructure of the pair-distribution function from the simulations, we obtain an\nanalytical representation for this function, parametrized by activity and\nconcentration, which takes into account the symmetries of a homogeneous\nstationary state. Our results are useful as input to quantitative models of\nactive Brownian particles and advance our understanding of the microstructure\nin dense active fluids.",
          "arxiv_id": "2307.14558v1"
        },
        {
          "title": "Dynamics of active particles with space-dependent swim velocity",
          "year": "2021-11",
