{
  "topics": {
    "data": {
      "0": {
        "name": "0_ASR_speech_models_model",
        "keywords": [
          [
            "ASR",
            0.022171389135551688
          ],
          [
            "speech",
            0.019631832817726857
          ],
          [
            "models",
            0.015403634909939682
          ],
          [
            "model",
            0.014734730812337853
          ],
          [
            "language",
            0.013515241318880355
          ],
          [
            "recognition",
            0.012650635635403302
          ],
          [
            "training",
            0.012266895955329822
          ],
          [
            "Speech",
            0.011935046319806804
          ],
          [
            "speech recognition",
            0.011875795587809946
          ],
          [
            "data",
            0.01145125626937477
          ]
        ],
        "count": 2224
      },
      "1": {
        "name": "1_music_generation_musical_audio",
        "keywords": [
          [
            "music",
            0.040927752914282176
          ],
          [
            "generation",
            0.018803734800690225
          ],
          [
            "musical",
            0.01753011083237159
          ],
          [
            "audio",
            0.015868409593107133
          ],
          [
            "Music",
            0.01562334691424509
          ],
          [
            "model",
            0.011902264599798084
          ],
          [
            "models",
            0.010800096938262817
          ],
          [
            "music generation",
            0.008313981663223786
          ],
          [
            "text",
            0.007850139543877808
          ],
          [
            "symbolic",
            0.007778443010348625
          ]
        ],
        "count": 1413
      },
      "2": {
        "name": "2_speech_enhancement_speech enhancement_noise",
        "keywords": [
          [
            "speech",
            0.023744753117829264
          ],
          [
            "enhancement",
            0.02031265208867178
          ],
          [
            "speech enhancement",
            0.01698731457432658
          ],
          [
            "noise",
            0.013121323830679706
          ],
          [
            "separation",
            0.01178794786130921
          ],
          [
            "network",
            0.01146981895237553
          ],
          [
            "performance",
            0.011376049109508315
          ],
          [
            "Speech",
            0.011333933858084694
          ],
          [
            "model",
            0.011326122538236146
          ],
          [
            "channel",
            0.01031309846825299
          ]
        ],
        "count": 1190
      },
      "3": {
        "name": "3_attacks_audio_detection_adversarial",
        "keywords": [
          [
            "attacks",
            0.0218709764491267
          ],
          [
            "audio",
            0.018717242013413918
          ],
          [
            "detection",
            0.017524211223808612
          ],
          [
            "adversarial",
            0.016664517083104204
          ],
          [
            "deepfake",
            0.015347937747684764
          ],
          [
            "speech",
            0.014136788490956526
          ],
          [
            "spoofing",
            0.013516806757730638
          ],
          [
            "attack",
            0.013017482713048855
          ],
          [
            "privacy",
            0.011846227239552776
          ],
          [
            "speaker",
            0.011227571618504137
          ]
        ],
        "count": 883
      },
      "4": {
        "name": "4_sound_acoustic_room_method",
        "keywords": [
          [
            "sound",
            0.027360097648070018
          ],
          [
            "acoustic",
            0.018961242731323186
          ],
          [
            "room",
            0.01578770932022825
          ],
          [
            "method",
            0.014242820119777172
          ],
          [
            "source",
            0.013900261942271641
          ],
          [
            "microphone",
            0.012829414742105083
          ],
          [
            "field",
            0.012602731539550247
          ],
          [
            "estimation",
            0.011880831209095057
          ],
          [
            "spatial",
            0.011811173840532364
          ],
          [
            "localization",
            0.011334264445707787
          ]
        ],
        "count": 720
      },
      "5": {
        "name": "5_event_sound_audio_classification",
        "keywords": [
          [
            "event",
            0.020010059853746074
          ],
          [
            "sound",
            0.01934216919120176
          ],
          [
            "audio",
            0.018637599493385403
          ],
          [
            "classification",
            0.014903006267309133
          ],
          [
            "events",
            0.012740325989165942
          ],
          [
            "sound event",
            0.012224003290782564
          ],
          [
            "SED",
            0.012021130399684879
          ],
          [
            "data",
            0.011858496134307181
          ],
          [
            "Sound",
            0.011564491003470971
          ],
          [
            "learning",
            0.010628566984117122
          ]
        ],
        "count": 616
      },
      "6": {
        "name": "6_emotion_emotion recognition_Emotion_recognition",
        "keywords": [
          [
            "emotion",
            0.03911065181115486
          ],
          [
            "emotion recognition",
            0.025118129640445064
          ],
          [
            "Emotion",
            0.024442376316334474
          ],
          [
            "recognition",
            0.019170035230070763
          ],
          [
            "Recognition",
            0.01558330207004949
          ],
          [
            "emotional",
            0.013824387515033993
          ],
          [
            "emotions",
            0.013572956353035123
          ],
          [
            "speech emotion",
            0.013329884212486884
          ],
          [
            "speech",
            0.01299148021178026
          ],
          [
            "Speech",
            0.012624988629233868
          ]
        ],
        "count": 546
      },
      "7": {
        "name": "7_audio_visual_Audio_text",
        "keywords": [
          [
            "audio",
            0.04350973116538339
          ],
          [
            "visual",
            0.022175633385142668
          ],
          [
            "Audio",
            0.0218449823876212
          ],
          [
            "text",
            0.014567508606072838
          ],
          [
            "language",
            0.012831382207972619
          ],
          [
            "captioning",
            0.012593802906017769
          ],
          [
            "models",
            0.01138340696489301
          ],
          [
            "modal",
            0.011071747873793805
          ],
          [
            "video",
            0.010747970244473224
          ],
          [
            "sound",
            0.01037779138726458
          ]
        ],
        "count": 536
      },
      "8": {
        "name": "8_speech_EEG_features_dysarthric",
        "keywords": [
          [
            "speech",
            0.02734633386535092
          ],
          [
            "EEG",
            0.018505705374072486
          ],
          [
            "features",
            0.014332769784047232
          ],
          [
            "dysarthric",
            0.013465935437039502
          ],
          [
            "articulatory",
            0.012681302272804083
          ],
          [
            "data",
            0.01069075143835785
          ],
          [
            "Speech",
            0.010477154501219886
          ],
          [
            "model",
            0.009434503156283624
          ],
          [
            "signals",
            0.008870219556339962
          ],
          [
            "disease",
            0.00870251010875215
          ]
        ],
        "count": 501
      },
      "9": {
        "name": "9_TTS_speech_style_prosody",
        "keywords": [
          [
            "TTS",
            0.03665287981481092
          ],
          [
            "speech",
            0.028050513781835297
          ],
          [
            "style",
            0.02439074575357436
          ],
          [
            "prosody",
            0.01977537165929877
          ],
          [
            "text",
            0.018883086873340976
          ],
          [
            "speaker",
            0.0167338969072943
          ],
          [
            "model",
            0.014159184563547762
          ],
          [
            "synthesis",
            0.01412336732758124
          ],
          [
            "Speech",
            0.012127817896785804
          ],
          [
            "speech synthesis",
            0.011092030351589418
          ]
        ],
        "count": 488
      },
      "10": {
        "name": "10_speaker_diarization_Speaker_speaker diarization",
        "keywords": [
          [
            "speaker",
            0.04630496177176722
          ],
          [
            "diarization",
            0.035902818489676094
          ],
          [
            "Speaker",
            0.017487031499780877
          ],
          [
            "speaker diarization",
            0.017048730976753794
          ],
          [
            "speech",
            0.016137703660024316
          ],
          [
            "speakers",
            0.015676987606870783
          ],
          [
            "multi",
            0.014793133823918921
          ],
          [
            "end",
            0.012937471857582646
          ],
          [
            "target",
            0.01271556878304788
          ],
          [
            "EEND",
            0.011961389714711642
          ]
        ],
        "count": 448
      },
      "11": {
        "name": "11_speaker_verification_speaker verification_Speaker",
        "keywords": [
          [
            "speaker",
            0.04478791889172735
          ],
          [
            "verification",
            0.02935765067057568
          ],
          [
            "speaker verification",
            0.025897259782429335
          ],
          [
            "Speaker",
            0.024186991743766515
          ],
          [
            "Verification",
            0.01354640065700206
          ],
          [
            "speaker recognition",
            0.0133370260669154
          ],
          [
            "VoxCeleb",
            0.012502411757616152
          ],
          [
            "performance",
            0.011299262070584064
          ],
          [
            "EER",
            0.01033062051348976
          ],
          [
            "embeddings",
            0.010185775842724143
          ]
        ],
        "count": 409
      },
      "12": {
        "name": "12_speech_quality_audio_neural",
        "keywords": [
          [
            "speech",
            0.019886015743992725
          ],
          [
            "quality",
            0.016900683223319505
          ],
          [
            "audio",
            0.015544294200809725
          ],
          [
            "neural",
            0.01363904982805699
          ],
          [
            "high",
            0.013090060898011612
          ],
          [
            "model",
            0.01291632205136226
          ],
          [
            "models",
            0.012108774744027674
          ],
          [
            "generative",
            0.011839267671872093
          ],
          [
            "vocoder",
            0.011130154710307493
          ],
          [
            "codecs",
            0.010784705391168749
          ]
        ],
        "count": 408
      },
      "13": {
        "name": "13_COVID_respiratory_cough_heart",
        "keywords": [
          [
            "COVID",
            0.03941796853251749
          ],
          [
            "respiratory",
            0.028365006017249225
          ],
          [
            "cough",
            0.02552835570799453
          ],
          [
            "heart",
            0.01918332895795137
          ],
          [
            "sounds",
            0.01827884379563202
          ],
          [
            "sound",
            0.016519435812333432
          ],
          [
            "detection",
            0.01401197708572074
          ],
          [
            "classification",
            0.013432810463049049
          ],
          [
            "data",
            0.01244012926510764
          ],
          [
            "lung",
            0.011769123276468795
          ]
        ],
        "count": 329
      },
      "14": {
        "name": "14_VC_conversion_voice conversion_voice",
        "keywords": [
          [
            "VC",
            0.058548903862702
          ],
          [
            "conversion",
            0.05097772272375789
          ],
          [
            "voice conversion",
            0.03877812373227338
          ],
          [
            "voice",
            0.034971910374949164
          ],
          [
            "speaker",
            0.028281835516148088
          ],
          [
            "Conversion",
            0.025298550199223037
          ],
          [
            "Voice",
            0.024249231998981106
          ],
          [
            "content",
            0.019249486194657644
          ],
          [
            "speech",
            0.01891495773876431
          ],
          [
            "shot",
            0.01421865608462649
          ]
        ],
        "count": 231
      },
      "15": {
        "name": "15_audio_effects_sound_synthesis",
        "keywords": [
          [
            "audio",
            0.02523859629168775
          ],
          [
            "effects",
            0.017136068774359595
          ],
          [
            "sound",
            0.014506403639773069
          ],
          [
            "synthesis",
            0.01355138788244272
          ],
          [
            "neural",
            0.012189883223425242
          ],
          [
            "time",
            0.010995538491496207
          ],
          [
            "model",
            0.010812480394698594
          ],
          [
            "signal",
            0.01066065764251161
          ],
          [
            "audio effects",
            0.010527973549522179
          ],
          [
            "control",
            0.010188425870138778
          ]
        ],
        "count": 213
      },
      "16": {
        "name": "16_singing_singing voice_voice_Singing",
        "keywords": [
          [
            "singing",
            0.07976979165895665
          ],
          [
            "singing voice",
            0.0445150933427692
          ],
          [
            "voice",
            0.04035592453901736
          ],
          [
            "Singing",
            0.031736792033217553
          ],
          [
            "SVS",
            0.02466843165796646
          ],
          [
            "singer",
            0.020035328401983615
          ],
          [
            "Voice",
            0.017309834594850974
          ],
          [
            "voice synthesis",
            0.01730413243334476
          ],
          [
            "pitch",
            0.0172778433480648
          ],
          [
            "singing voice synthesis",
            0.0151014348283206
          ]
        ],
        "count": 205
      },
      "17": {
        "name": "17_species_bird_classification_data",
        "keywords": [
          [
            "species",
            0.030974480416296656
          ],
          [
            "bird",
            0.023017463681159287
          ],
          [
            "classification",
            0.01913863844225731
          ],
          [
            "data",
            0.018161199505658823
          ],
          [
            "learning",
            0.01779486380740021
          ],
          [
            "monitoring",
            0.017348609202406513
          ],
          [
            "bioacoustic",
            0.016439558289558863
          ],
          [
            "detection",
            0.013988030244986594
          ],
          [
            "acoustic",
            0.012739314596504311
          ],
          [
            "animal",
            0.012667775244951959
          ]
        ],
        "count": 196
      },
      "18": {
        "name": "18_KWS_keyword_spotting_Keyword",
        "keywords": [
          [
            "KWS",
            0.057284615830958445
          ],
          [
            "keyword",
            0.04499324205154979
          ],
          [
            "spotting",
            0.032653029385081675
          ],
          [
            "Keyword",
            0.03066642141344441
          ],
          [
            "keyword spotting",
            0.02739632363724138
          ],
          [
            "Spotting",
            0.023179350442308226
          ],
          [
            "keywords",
            0.018200935046170805
          ],
          [
            "model",
            0.01462877445618381
          ],
          [
            "false",
            0.012180139672257513
          ],
          [
            "devices",
            0.011628316751265053
          ]
        ],
        "count": 164
      },
      "19": {
        "name": "19_anomalous_detection_machine_ASD",
        "keywords": [
          [
            "anomalous",
            0.03263172895353492
          ],
          [
            "detection",
            0.027090315499722774
          ],
          [
            "machine",
            0.02684658652976225
          ],
          [
            "ASD",
            0.02169608876761309
          ],
          [
            "sound",
            0.02053305769857637
          ],
          [
            "anomaly",
            0.0181093226890758
          ],
          [
            "Anomalous",
            0.017905942320475685
          ],
          [
            "data",
            0.01756387854040863
          ],
          [
            "anomalous sound",
            0.017478056582494548
          ],
          [
            "sounds",
            0.017400168588019616
          ]
        ],
        "count": 144
      },
      "20": {
        "name": "20_face_talking_lip_facial",
        "keywords": [
          [
            "face",
            0.031660934085613185
          ],
          [
            "talking",
            0.029635626034892316
          ],
          [
            "lip",
            0.02921007802733249
          ],
          [
            "facial",
            0.02311635001382437
          ],
          [
            "speech",
            0.02270773074664242
          ],
          [
            "video",
            0.020962269849535826
          ],
          [
            "audio",
            0.017471756828405915
          ],
          [
            "visual",
            0.014715176627429197
          ],
          [
            "head",
            0.014649832845100411
          ],
          [
            "3D",
            0.014167298361435916
          ]
        ],
        "count": 142
      },
      "21": {
        "name": "21_separation_source separation_source_music",
        "keywords": [
          [
            "separation",
            0.056600138001772556
          ],
          [
            "source separation",
            0.04591251227459678
          ],
          [
            "source",
            0.04091815576188457
          ],
          [
            "music",
            0.023004814283662706
          ],
          [
            "Separation",
            0.020670941611771135
          ],
          [
            "Source",
            0.018941353510295852
          ],
          [
            "music source",
            0.017102148234171343
          ],
          [
            "music source separation",
            0.016424451501949888
          ],
          [
            "Music",
            0.014971612188779983
          ],
          [
            "model",
            0.013791174403595126
          ]
        ],
        "count": 136
      },
      "22": {
        "name": "22_visual_AVSR_audio_visual speech",
        "keywords": [
          [
            "visual",
            0.05672528050235785
          ],
          [
            "AVSR",
            0.02542278090982091
          ],
          [
            "audio",
            0.024734207002142922
          ],
          [
            "visual speech",
            0.024142291240388185
          ],
          [
            "Visual",
            0.022372468462106273
          ],
          [
            "speech",
            0.019521808875458877
          ],
          [
            "recognition",
            0.018698592424342093
          ],
          [
            "lip",
            0.01792509924125371
          ],
          [
            "speech recognition",
            0.01711718399737553
          ],
          [
            "Audio",
            0.015649396002109472
          ]
        ],
        "count": 132
      }
    },
    "correlations": [
      [
        1.0,
        -0.7100573222873876,
        -0.6502571481018613,
        -0.7170335014373864,
        -0.734182024377541,
        -0.7328201533429548,
        -0.716454256511647,
        -0.7019723494439023,
        -0.5566151466887982,
        -0.6268047437448738,
        -0.6924500706268419,
        -0.7185792523680798,
        -0.6316039024331692,
        -0.7476665416975533,
        -0.7296430728555974,
        -0.7347646013895555,
        -0.7474698651777384,
        -0.6834365405426575,
        -0.7480079516532719,
        -0.7431296555226552,
        -0.6598667310834966,
        -0.7252178861730838,
        -0.3636927198614225
      ],
      [
        -0.7100573222873876,
        1.0,
        -0.7534034765651902,
        -0.7003299201401103,
        -0.744536923444465,
        -0.7092702575988208,
        -0.7383729511387,
        -0.6491076492157648,
        -0.7483773284449728,
        -0.7342470050652361,
        -0.7606723218134337,
        -0.7617241069643657,
        -0.6617472435473837,
        -0.762448678751769,
        -0.7558645963359271,
        -0.6713787657917575,
        -0.7442093918188054,
        -0.7189180670027444,
        -0.7638816211233305,
        -0.7415482636834343,
        -0.7392073242911903,
        -0.6551768191744691,
        -0.69863508112609
      ],
      [
        -0.6502571481018613,
        -0.7534034765651902,
        1.0,
        -0.7479965524847096,
        -0.7366405391649822,
        -0.7528952536511213,
        -0.7487460562236494,
        -0.7422215211216732,
        -0.5452248855143903,
        -0.6375873824691362,
        -0.71746564189586,
        -0.729521968538076,
        -0.40635226138947345,
        -0.7586292856088765,
        -0.7302911145867614,
        -0.7467253616407814,
        -0.7560262057741222,
        -0.7341054574555539,
        -0.7591109372803166,
        -0.7562519370916552,
        -0.5833772400759574,
        -0.681590661846276,
        -0.7131563335241409
      ],
      [
        -0.7170335014373864,
        -0.7003299201401103,
        -0.7479965524847096,
        1.0,
        -0.7501361506538422,
        -0.6621893197161588,
        -0.7455247267357071,
        -0.6048538172040727,
        -0.7355099130231888,
        -0.7273770427834894,
        -0.7346366206372907,
        -0.6709007745043898,
        -0.6618259979596401,
        -0.748013610809614,
        -0.7229263161705429,
        -0.5906140856394906,
        -0.7407480233503196,
        -0.7260828749360114,
        -0.7552205396691668,
        -0.6048743445917519,
        -0.7178485456842834,
        -0.7520847537132586,
        -0.6629949985270733
      ],
      [
        -0.734182024377541,
        -0.744536923444465,
        -0.7366405391649822,
        -0.7501361506538422,
        1.0,
        -0.6498677358370507,
        -0.7586773412884292,
        -0.7276799249625894,
        -0.7463655669711388,
        -0.7520177371617467,
        -0.7521961754232065,
        -0.7550041868749542,
        -0.7356231512363061,
        -0.7446336719174567,
        -0.7567282881681933,
        -0.7313020146153173,
        -0.754195136682337,
        -0.7312728562884578,
        -0.7643964792100872,
        -0.6592332089575397,
        -0.750664597008977,
        -0.6878578264705,
        -0.7176058881426413
      ],
      [
        -0.7328201533429548,
        -0.7092702575988208,
        -0.7528952536511213,
        -0.6621893197161588,
        -0.6498677358370507,
        1.0,
        -0.7493514110843045,
        -0.5918507685345205,
        -0.7549256350076698,
        -0.7537883313897227,
        -0.7564897199058048,
        -0.7582002667567735,
        -0.677694385942955,
        -0.7378709879265963,
        -0.7599369552043715,
        -0.601875445172988,
        -0.761382727657719,
        -0.6841411355089648,
        -0.7577175707451456,
        -0.6508968149775135,
        -0.739450901420349,
        -0.7336021427788042,
        -0.6770502674082657
      ],
      [
        -0.716454256511647,
        -0.7383729511387,
        -0.7487460562236494,
        -0.7455247267357071,
        -0.7586773412884292,
        -0.7493514110843045,
        1.0,
        -0.7306457557022485,
        -0.7255100516119002,
        -0.7160818087430527,
        -0.7339481901347522,
        -0.7375368973150102,
        -0.7413171050866865,
        -0.7623135430101726,
        -0.7357528227000517,
        -0.7491529854241078,
        -0.7603186049419324,
        -0.746912844820193,
        -0.7599338072781371,
        -0.7545901453274635,
        -0.7298269300448699,
        -0.7565058551620478,
        -0.7122859889205964
      ],
      [
        -0.7019723494439023,
        -0.6491076492157648,
        -0.7422215211216732,
        -0.6048538172040727,
        -0.7276799249625894,
        -0.5918507685345205,
        -0.7306457557022485,
        1.0,
        -0.7393298112516931,
        -0.7197592649978761,
        -0.7398647795662526,
        -0.7445798680506059,
        -0.6151849433704505,
        -0.7555520900128215,
        -0.7503760037719466,
        -0.4989179064540842,
        -0.754006816462506,
        -0.7114776475785658,
        -0.7536395060385328,
        -0.7326297907322221,
        -0.6462904304584217,
        -0.7296790379360694,
        -0.3382157125096034
      ],
      [
        -0.5566151466887982,
        -0.7483773284449728,
        -0.5452248855143903,
        -0.7355099130231888,
        -0.7463655669711388,
        -0.7549256350076698,
        -0.7255100516119002,
        -0.7393298112516931,
        1.0,
        -0.570162756365388,
        -0.7006925812235199,
        -0.7213372093979652,
        -0.521323091890751,
        -0.7566624207578208,
        -0.7154251602980424,
        -0.7500965769113169,
        -0.7532343314362107,
        -0.7308097187494852,
        -0.7560706840327687,
        -0.7482592480089991,
        -0.45211538402170637,
        -0.7424457718393165,
        -0.6212261477759735
      ],
      [
        -0.6268047437448738,
        -0.7342470050652361,
        -0.6375873824691362,
        -0.7273770427834894,
        -0.7520177371617467,
        -0.7537883313897227,
        -0.7160818087430527,
        -0.7197592649978761,
        -0.570162756365388,
        1.0,
        -0.6497852954200899,
        -0.6802652491883686,
        -0.55902149520897,
        -0.7615281572017274,
        -0.6261421242740529,
        -0.7412648599013301,
        -0.730018003355785,
        -0.7214341588848588,
        -0.7585133815690444,
        -0.7552328286032539,
        -0.5858500385321127,
        -0.7438349819182623,
        -0.7138783466685953
      ],
      [
        -0.6924500706268419,
        -0.7606723218134337,
        -0.71746564189586,
        -0.7346366206372907,
        -0.7521961754232065,
        -0.7564897199058048,
        -0.7339481901347522,
        -0.7398647795662526,
        -0.7006925812235199,
        -0.6497852954200899,
        1.0,
        -0.23896352846265875,
        -0.7143943308501643,
        -0.7573563653676672,
        -0.5346705925010724,
        -0.752099963132359,
        -0.7286392686416538,
        -0.7380888083425613,
        -0.7600207203528078,
        -0.7524760561439183,
        -0.7091297421391416,
        -0.7026143104442057,
        -0.7065363352837157
      ],
      [
        -0.7185792523680798,
        -0.7617241069643657,
        -0.729521968538076,
        -0.6709007745043898,
        -0.7550041868749542,
        -0.7582002667567735,
        -0.7375368973150102,
        -0.7445798680506059,
        -0.7213372093979652,
        -0.6802652491883686,
        -0.23896352846265875,
        1.0,
        -0.7255188724715804,
        -0.7578160428550289,
        -0.6084577079912425,
        -0.7561902477610594,
        -0.7329421550899898,
        -0.7367633591265882,
        -0.7507302983593437,
        -0.7518423592679173,
        -0.7126641730645806,
        -0.7434844450230262,
        -0.7284898259998251
      ],
      [
        -0.6316039024331692,
        -0.6617472435473837,
        -0.40635226138947345,
        -0.6618259979596401,
        -0.7356231512363061,
        -0.677694385942955,
        -0.7413171050866865,
        -0.6151849433704505,
        -0.521323091890751,
        -0.55902149520897,
        -0.7143943308501643,
        -0.7255188724715804,
        1.0,
        -0.7554421584650718,
        -0.70596822567249,
        -0.6111807118982733,
        -0.7345905671079842,
        -0.719159325511511,
        -0.7581434603446575,
        -0.7419484261433923,
        -0.5362245822781945,
        -0.7258884080646604,
        -0.6544587249193867
      ],
      [
        -0.7476665416975533,
        -0.762448678751769,
        -0.7586292856088765,
        -0.748013610809614,
        -0.7446336719174567,
        -0.7378709879265963,
        -0.7623135430101726,
        -0.7555520900128215,
        -0.7566624207578208,
        -0.7615281572017274,
        -0.7573563653676672,
        -0.7578160428550289,
        -0.7554421584650718,
        1.0,
        -0.7582904212444976,
        -0.757319814512628,
        -0.759212404661417,
        -0.7348292072093595,
        -0.7571139240657839,
        -0.716614767906693,
        -0.7584923587724521,
        -0.7579836893496936,
        -0.7541123075270948
      ],
      [
        -0.7296430728555974,
        -0.7558645963359271,
        -0.7302911145867614,
        -0.7229263161705429,
        -0.7567282881681933,
        -0.7599369552043715,
        -0.7357528227000517,
        -0.7503760037719466,
        -0.7154251602980424,
        -0.6261421242740529,
        -0.5346705925010724,
        -0.6084577079912425,
        -0.70596822567249,
        -0.7582904212444976,
        1.0,
        -0.7526794580138423,
        -0.5459464340097933,
        -0.747599080863226,
        -0.7628507609445335,
        -0.7567179562826967,
        -0.7181258469388507,
        -0.741677235119957,
        -0.7385886544612983
      ],
      [
        -0.7347646013895555,
        -0.6713787657917575,
        -0.7467253616407814,
        -0.5906140856394906,
        -0.7313020146153173,
        -0.601875445172988,
        -0.7491529854241078,
        -0.4989179064540842,
        -0.7500965769113169,
        -0.7412648599013301,
        -0.752099963132359,
        -0.7561902477610594,
        -0.6111807118982733,
        -0.757319814512628,
        -0.7526794580138423,
        1.0,
        -0.7482931142490085,
        -0.7381239192268487,
        -0.7590924316224636,
        -0.7370222650050149,
        -0.7191510675083794,
        -0.7407754206062751,
        -0.6180211020990956
      ],
      [
        -0.7474698651777384,
        -0.7442093918188054,
        -0.7560262057741222,
        -0.7407480233503196,
        -0.754195136682337,
        -0.761382727657719,
        -0.7603186049419324,
        -0.754006816462506,
        -0.7532343314362107,
        -0.730018003355785,
        -0.7286392686416538,
        -0.7329421550899898,
        -0.7345905671079842,
        -0.759212404661417,
        -0.5459464340097933,
        -0.7482931142490085,
        1.0,
        -0.7517705285038664,
        -0.7628446328636527,
        -0.7546851295178079,
        -0.7386357917730251,
        -0.7279690849381347,
        -0.7504176352479359
      ],
      [
        -0.6834365405426575,
        -0.7189180670027444,
        -0.7341054574555539,
        -0.7260828749360114,
        -0.7312728562884578,
        -0.6841411355089648,
        -0.746912844820193,
        -0.7114776475785658,
        -0.7308097187494852,
        -0.7214341588848588,
        -0.7380888083425613,
        -0.7367633591265882,
        -0.719159325511511,
        -0.7348292072093595,
        -0.747599080863226,
        -0.7381239192268487,
        -0.7517705285038664,
        1.0,
        -0.7527240067649443,
        -0.6324645401352081,
        -0.7341990898007482,
        -0.7343932195471248,
        -0.7199894358206499
      ],
      [
        -0.7480079516532719,
        -0.7638816211233305,
        -0.7591109372803166,
        -0.7552205396691668,
        -0.7643964792100872,
        -0.7577175707451456,
        -0.7599338072781371,
        -0.7536395060385328,
        -0.7560706840327687,
        -0.7585133815690444,
        -0.7600207203528078,
        -0.7507302983593437,
        -0.7581434603446575,
        -0.7571139240657839,
        -0.7628507609445335,
        -0.7590924316224636,
        -0.7628446328636527,
        -0.7527240067649443,
        1.0,
        -0.7577247460495755,
        -0.7586162262462244,
        -0.7648089995310915,
        -0.7554344822321459
      ],
      [
        -0.7431296555226552,
        -0.7415482636834343,
        -0.7562519370916552,
        -0.6048743445917519,
        -0.6592332089575397,
        -0.6508968149775135,
        -0.7545901453274635,
        -0.7326297907322221,
        -0.7482592480089991,
        -0.7552328286032539,
        -0.7524760561439183,
        -0.7518423592679173,
        -0.7419484261433923,
        -0.716614767906693,
        -0.7567179562826967,
        -0.7370222650050149,
        -0.7546851295178079,
        -0.6324645401352081,
        -0.7577247460495755,
        1.0,
        -0.7454035548797571,
        -0.742528168997671,
        -0.7394922955112604
      ],
      [
        -0.6598667310834966,
        -0.7392073242911903,
        -0.5833772400759574,
        -0.7178485456842834,
        -0.750664597008977,
        -0.739450901420349,
        -0.7298269300448699,
        -0.6462904304584217,
        -0.45211538402170637,
        -0.5858500385321127,
        -0.7091297421391416,
        -0.7126641730645806,
        -0.5362245822781945,
        -0.7584923587724521,
        -0.7181258469388507,
        -0.7191510675083794,
        -0.7386357917730251,
        -0.7341990898007482,
        -0.7586162262462244,
        -0.7454035548797571,
        1.0,
        -0.7406076466699167,
        -0.5889640693413712
      ],
      [
        -0.7252178861730838,
        -0.6551768191744691,
        -0.681590661846276,
        -0.7520847537132586,
        -0.6878578264705,
        -0.7336021427788042,
        -0.7565058551620478,
        -0.7296790379360694,
        -0.7424457718393165,
        -0.7438349819182623,
        -0.7026143104442057,
        -0.7434844450230262,
        -0.7258884080646604,
        -0.7579836893496936,
        -0.741677235119957,
        -0.7407754206062751,
        -0.7279690849381347,
        -0.7343932195471248,
        -0.7648089995310915,
        -0.742528168997671,
        -0.7406076466699167,
        1.0,
        -0.7189027639185184
      ],
      [
        -0.3636927198614225,
        -0.69863508112609,
        -0.7131563335241409,
        -0.6629949985270733,
        -0.7176058881426413,
        -0.6770502674082657,
        -0.7122859889205964,
        -0.3382157125096034,
        -0.6212261477759735,
        -0.7138783466685953,
        -0.7065363352837157,
        -0.7284898259998251,
        -0.6544587249193867,
        -0.7541123075270948,
        -0.7385886544612983,
        -0.6180211020990956,
        -0.7504176352479359,
        -0.7199894358206499,
        -0.7554344822321459,
        -0.7394922955112604,
        -0.5889640693413712,
        -0.7189027639185184,
        1.0
      ]
    ],
    "series": {
      "2020-01": [
        39,
        4,
        5,
        3,
        2,
        4,
        4,
        3,
        2,
        2,
        3,
        6,
        0,
        2,
        2,
        0,
        1,
        3,
        3,
        0,
        0,
        3,
        3
      ],
      "2020-02": [
        31,
        6,
        11,
        3,
        2,
        9,
        8,
        5,
        4,
        4,
        6,
        12,
        0,
        0,
        6,
        1,
        3,
        5,
        1,
        2,
        3,
        13,
        5
      ],
      "2020-03": [
        38,
        2,
        5,
        2,
        3,
        3,
        6,
        1,
        1,
        4,
        1,
        6,
        2,
        1,
        1,
        0,
        2,
        1,
        0,
        1,
        1,
        8,
        8
      ],
      "2020-04": [
        41,
        11,
        3,
        1,
        2,
        2,
        0,
        2,
        2,
        5,
        9,
        13,
        2,
        5,
        3,
        0,
        4,
        0,
        1,
        1,
        1,
        7,
        7
      ],
      "2020-05": [
        87,
        4,
        10,
        2,
        5,
        4,
        5,
        8,
        5,
        14,
        13,
        7,
        4,
        6,
        10,
        0,
        5,
        7,
        7,
        5,
        2,
        9,
        11
      ],
      "2020-06": [
        44,
        12,
        12,
        2,
        5,
        4,
        4,
        2,
        4,
        6,
        12,
        3,
        1,
        4,
        2,
        2,
        6,
        7,
        1,
        6,
        2,
        7,
        5
      ],
      "2020-07": [
        47,
        12,
        8,
        3,
        8,
        15,
        3,
        9,
        2,
        3,
        2,
        18,
        5,
        0,
        3,
        0,
        2,
        5,
        2,
        2,
        0,
        8,
        9
      ],
      "2020-08": [
        41,
        24,
        10,
        1,
        4,
        1,
        10,
        5,
        4,
        15,
        14,
        22,
        3,
        2,
        8,
        1,
        8,
        2,
        3,
        1,
        3,
        11,
        6
      ],
      "2020-09": [
        23,
        4,
        3,
        0,
        1,
        2,
        6,
        2,
        1,
        3,
        2,
        5,
        0,
        2,
        7,
        1,
        2,
        4,
        4,
        2,
        0,
        9,
        1
      ],
      "2020-10": [
        97,
        22,
        12,
        5,
        7,
        10,
        10,
        10,
        5,
        15,
        10,
        26,
        3,
        6,
        19,
        5,
        3,
        5,
        3,
        1,
        4,
        19,
        7
      ],
      "2020-11": [
        54,
        11,
        14,
        1,
        9,
        4,
        6,
        2,
        2,
