{
  "topics": {
    "data": {
      "0": {
        "name": "0_convex_bodies_Minkowski_convex bodies",
        "keywords": [
          [
            "convex",
            0.04563304925421875
          ],
          [
            "bodies",
            0.0356113578760262
          ],
          [
            "Minkowski",
            0.032175285110887436
          ],
          [
            "convex bodies",
            0.02667366436153397
          ],
          [
            "body",
            0.02623340342459277
          ],
          [
            "inequality",
            0.0241783636573341
          ],
          [
            "inequalities",
            0.020942611246470448
          ],
          [
            "convex body",
            0.017485900462615406
          ],
          [
            "volume",
            0.016328499386146007
          ],
          [
            "problem",
            0.015588711453527289
          ]
        ],
        "count": 498
      },
      "1": {
        "name": "1_spaces_curvature_metric_measure",
        "keywords": [
          [
            "spaces",
            0.03386932666830235
          ],
          [
            "curvature",
            0.02903897256709599
          ],
          [
            "metric",
            0.022546990093288963
          ],
          [
            "measure",
            0.021576130475032377
          ],
          [
            "Riemannian",
            0.021236728278156966
          ],
          [
            "Ricci",
            0.020690690752978004
          ],
          [
            "manifolds",
            0.02002747155690427
          ],
          [
            "RCD",
            0.019231880492555
          ],
          [
            "space",
            0.019216425914870255
          ],
          [
            "metric measure",
            0.01843484516932819
          ]
        ],
        "count": 464
      },
      "2": {
        "name": "2_points_polytopes_number_problem",
        "keywords": [
          [
            "points",
            0.024630295472781154
          ],
          [
            "polytopes",
            0.01744735447636477
          ],
          [
            "number",
            0.016237329573576795
          ],
          [
            "problem",
            0.015965539790717024
          ],
          [
            "point",
            0.015862116337139843
          ],
          [
            "triangle",
            0.014674701981090136
          ],
          [
            "plane",
            0.014415302896055887
          ],
          [
            "set",
            0.012845599252479092
          ],
          [
            "lattice",
            0.012404579681312566
          ],
          [
            "vertices",
            0.012291509254311661
          ]
        ],
        "count": 415
      },
      "3": {
        "name": "3_groups_group_hyperbolic_quasi",
        "keywords": [
          [
            "groups",
            0.061389304995181276
          ],
          [
            "group",
            0.033593561880228384
          ],
          [
            "hyperbolic",
            0.029372060985277393
          ],
          [
            "quasi",
            0.020009064964310333
          ],
          [
            "finite",
            0.017542545612381496
          ],
          [
            "spaces",
            0.016773220519155106
          ],
          [
            "complexes",
            0.016450022467969918
          ],
          [
            "boundary",
            0.015044255758016411
          ],
          [
            "space",
            0.01494428265110952
          ],
          [
            "subgroups",
            0.014490082510546416
          ]
        ],
        "count": 213
      },
      "4": {
        "name": "4_self_dimension_dimensions_sets",
        "keywords": [
          [
            "self",
            0.05166520358926739
          ],
          [
            "dimension",
            0.04797020234366376
          ],
          [
            "dimensions",
            0.03828473815504417
          ],
          [
            "sets",
            0.036498357887491416
          ],
          [
            "similar",
            0.03549197478247046
          ],
          [
            "fractal",
            0.032186767245338366
          ],
          [
            "Assouad",
            0.025493172225490985
          ],
          [
            "box",
            0.024345798990507816
          ],
          [
            "affine",
            0.02203986194113026
          ],
          [
            "Hausdorff",
            0.021779750240009416
          ]
        ],
        "count": 154
      },
      "5": {
        "name": "5_packing_packings_codes_bounds",
        "keywords": [
          [
            "packing",
            0.05982396144224021
          ],
          [
            "packings",
            0.03965904653781334
          ],
          [
            "codes",
            0.03705362310887403
          ],
          [
            "bounds",
            0.03541947111068728
          ],
          [
            "spherical",
            0.028971569883098538
          ],
          [
            "density",
            0.024731582113292558
          ],
          [
            "sphere",
            0.02469145520777578
          ],
          [
            "bound",
            0.020347267442050742
          ],
          [
            "upper",
            0.018119082393765442
          ],
          [
            "optimal",
            0.01637851677073967
          ]
        ],
        "count": 138
      },
      "6": {
        "name": "6_set_dimension_sets_Furstenberg",
        "keywords": [
          [
            "set",
            0.03745056775981912
          ],
          [
            "dimension",
            0.03301449795113184
          ],
          [
            "sets",
            0.032120543887107215
          ],
          [
            "Furstenberg",
            0.028920315092079818
          ],
          [
            "Kakeya",
            0.020678696071010638
          ],
          [
            "Hausdorff",
            0.019635050836406636
          ],
          [
            "projections",
            0.017522281998498163
          ],
          [
            "theorem",
            0.01699297580931695
          ],
          [
            "projection",
            0.014167192301639623
          ],
          [
            "conjecture",
            0.013976914416040999
          ]
        ],
        "count": 116
      },
      "7": {
        "name": "7_Lipschitz_metric_spaces_rectifiable",
        "keywords": [
          [
            "Lipschitz",
            0.05250041220485305
          ],
          [
            "metric",
            0.03590774991193113
          ],
          [
            "spaces",
            0.03223077798316554
          ],
          [
            "rectifiable",
            0.0316664795812464
          ],
          [
            "rectifiability",
            0.030823500747530232
          ],
          [
            "space",
            0.02654681176744625
          ],
          [
            "measure",
            0.023307463488385086
          ],
          [
            "metric spaces",
            0.022658377997517402
          ],
          [
            "metric space",
            0.01807463246934204
          ],
          [
            "bi",
            0.015042248824648262
          ]
        ],
        "count": 113
      },
      "8": {
        "name": "8_random_expected_convex_distribution",
        "keywords": [
          [
            "random",
            0.07598977013746887
          ],
          [
            "expected",
            0.028590235757111643
          ],
          [
            "convex",
            0.026692350382270046
          ],
          [
            "distribution",
            0.025470344117179754
          ],
          [
            "polytopes",
            0.024870859344589755
          ],
          [
            "Gaussian",
            0.02224685907340533
          ],
          [
            "points",
            0.020775006747831826
          ],
          [
            "hull",
            0.017709237215382062
          ],
          [
            "probability",
            0.017191396076077076
          ],
          [
            "independent",
            0.015610373031688406
          ]
        ],
        "count": 107
      },
      "9": {
        "name": "9_data_networks_distance_metric",
        "keywords": [
          [
            "data",
            0.038399118479144005
          ],
          [
            "networks",
            0.027508657632982523
          ],
          [
            "distance",
            0.02309868860908214
          ],
          [
            "metric",
            0.022714086235251237
          ],
          [
            "network",
            0.01986746182040192
          ],
          [
            "model",
            0.018060074222558908
          ],
          [
            "graphs",
            0.01719287792894001
          ],
          [
            "neural",
            0.01713774890384732
          ],
          [
            "analysis",
            0.017103866403188443
          ],
          [
            "graph",
            0.01597506818237253
          ]
        ],
        "count": 101
      },
      "10": {
        "name": "10_rigidity_rigid_frameworks_graph",
        "keywords": [
          [
            "rigidity",
            0.06764446343644574
          ],
          [
            "rigid",
            0.05607693600272994
          ],
          [
            "frameworks",
            0.052066769113199664
          ],
          [
            "graph",
            0.04500739543562712
          ],
          [
            "framework",
            0.03725623518070619
          ],
          [
            "generic",
            0.032083357746716376
          ],
          [
            "edge",
            0.03017905928839498
          ],
          [
            "graphs",
            0.02682612476096489
          ],
          [
            "vertices",
            0.023700760055806968
          ],
          [
            "symmetry",
            0.02308381609389367
          ]
        ],
        "count": 86
      },
      "11": {
        "name": "11_Heisenberg_group_intrinsic_Lipschitz",
        "keywords": [
          [
            "Heisenberg",
            0.0732950650518315
          ],
          [
            "group",
            0.04310708651152185
          ],
          [
            "intrinsic",
            0.04065515682428852
          ],
          [
            "Lipschitz",
            0.038325483815315226
          ],
          [
            "Carnot",
            0.035430437604358454
          ],
          [
            "groups",
            0.034223640516768204
          ],
          [
            "sub",
            0.027946098367556717
          ],
          [
            "graphs",
            0.026374496318241458
          ],
          [
            "horizontal",
            0.025578936215832695
          ],
          [
            "vertical",
            0.020629816394381523
          ]
        ],
        "count": 85
      },
      "12": {
        "name": "12_coarse_spaces_Roe_metric",
        "keywords": [
          [
            "coarse",
            0.14324764500953469
          ],
          [
            "spaces",
            0.049311173279624164
          ],
          [
            "Roe",
            0.03181549107994718
          ],
          [
            "metric",
            0.03176282968805761
          ],
          [
            "metric spaces",
            0.029995928441862427
          ],
          [
            "space",
            0.02892965909718786
          ],
          [
            "asymptotic",
            0.024383273773028877
          ],
          [
            "Coarse",
            0.02402537289512264
          ],
          [
            "asymptotic dimension",
            0.022487472383475024
          ],
          [
            "group",
            0.019173979790336266
          ]
        ],
        "count": 76
      },
      "13": {
        "name": "13_Hausdorff_Gromov_spaces_space",
        "keywords": [
          [
            "Hausdorff",
            0.06051349907621377
          ],
          [
            "Gromov",
            0.05804474557782683
          ],
          [
            "spaces",
            0.0562683520054089
          ],
          [
            "space",
            0.05531680803876157
          ],
          [
            "metric",
            0.04837826427066455
          ],
          [
            "metrics",
            0.03592566673720021
          ],
          [
            "ultrametric",
            0.03326678170364684
          ],
          [
            "distance",
            0.030262887224391778
          ],
          [
            "metric spaces",
            0.028928909505896622
          ],
          [
            "metrizable",
            0.024888122083390984
          ]
        ],
        "count": 74
      }
    },
    "correlations": [
      [
        1.0,
        -0.7135821145692545,
        -0.6563132037007375,
        -0.706833389028396,
        -0.702045553536121,
        -0.7149797775954705,
        -0.6212483285930068,
        -0.6980680094185125,
        -0.6346483277361037,
        -0.7333487016982507,
        -0.7363038705970414,
        -0.7045507940180615,
        -0.7613220537646421,
        -0.6998027243760445
      ],
      [
        -0.7135821145692545,
        1.0,
        -0.5743128920020455,
        -0.5603019428629206,
        -0.64977763962967,
        -0.667118220267342,
        -0.5775191821484961,
        -0.16574495961877778,
        -0.730596729318689,
        -0.6985483719623868,
        -0.6856860763246084,
        -0.6772083067000204,
        -0.5078878490065518,
        -0.2664680086934484
      ],
      [
        -0.6563132037007375,
        -0.5743128920020455,
        1.0,
        -0.5468557236488857,
        -0.6087849220206639,
        -0.6268039327004482,
        -0.4869576336170448,
        -0.5180538860754988,
        -0.6754721582118406,
        -0.6821433074914427,
        -0.6867424690459134,
        -0.6587432376926701,
        -0.7069675020432985,
        -0.5322735574452752
      ],
      [
        -0.706833389028396,
        -0.5603019428629206,
        -0.5468557236488857,
        1.0,
        -0.6514141212691188,
        -0.6532010260492163,
        -0.4781808928662288,
        -0.4069287062117082,
        -0.7244809019286884,
        -0.7347857469063668,
        -0.6752866845560987,
        -0.4591913605928968,
        -0.6376955682710768,
        -0.6056881476000294
      ],
      [
        -0.702045553536121,
        -0.64977763962967,
        -0.6087849220206639,
        -0.6514141212691188,
        1.0,
        -0.6485942127408049,
        -0.335027159213933,
        -0.6093703728327557,
        -0.6949315753603047,
        -0.7303366903353561,
        -0.705573161783047,
        -0.6915696387384522,
        -0.7168748289637747,
        -0.6263412580196233
      ],
      [
        -0.7149797775954705,
        -0.667118220267342,
        -0.6268039327004482,
        -0.6532010260492163,
        -0.6485942127408049,
        1.0,
        -0.6289436622711531,
        -0.6639148997700757,
        -0.7225789345274367,
        -0.7393196618267279,
        -0.7278212952296669,
        -0.710911007924146,
        -0.741608584681048,
        -0.7005876223781036
      ],
      [
        -0.6212483285930068,
        -0.5775191821484961,
        -0.4869576336170448,
        -0.4781808928662288,
        -0.335027159213933,
        -0.6289436622711531,
        1.0,
        -0.427005840845039,
        -0.6683791397841305,
        -0.7110526385086822,
        -0.6856857765149147,
        -0.366079377200573,
        -0.7011032557679562,
        -0.5879420185914385
      ],
      [
        -0.6980680094185125,
        -0.16574495961877778,
        -0.5180538860754988,
        -0.4069287062117082,
        -0.6093703728327557,
        -0.6639148997700757,
        -0.427005840845039,
        1.0,
        -0.7118950685690795,
        -0.671355217169187,
        -0.6957920188314763,
        -0.5939635869338322,
        -0.43517622465294115,
        -0.01326089674312031
      ],
      [
        -0.6346483277361037,
        -0.730596729318689,
        -0.6754721582118406,
        -0.7244809019286884,
        -0.6949315753603047,
        -0.7225789345274367,
        -0.6683791397841305,
        -0.7118950685690795,
        1.0,
        -0.7098670491849043,
        -0.724058724123813,
        -0.7131603131974458,
        -0.7541594502671561,
        -0.7165414203645937
      ],
      [
        -0.7333487016982507,
        -0.6985483719623868,
        -0.6821433074914427,
        -0.7347857469063668,
        -0.7303366903353561,
        -0.7393196618267279,
        -0.7110526385086822,
        -0.671355217169187,
        -0.7098670491849043,
        1.0,
        -0.7023118170514786,
        -0.7296027466776294,
        -0.7347122992034805,
        -0.6711035511855625
      ],
      [
        -0.7363038705970414,
        -0.6856860763246084,
        -0.6867424690459134,
        -0.6752866845560987,
        -0.705573161783047,
        -0.7278212952296669,
        -0.6856857765149147,
        -0.6957920188314763,
        -0.724058724123813,
        -0.7023118170514786,
        1.0,
        -0.709928417272746,
        -0.7274555903304636,
        -0.6948826475654238
      ],
      [
        -0.7045507940180615,
        -0.6772083067000204,
        -0.6587432376926701,
        -0.4591913605928968,
        -0.6915696387384522,
        -0.710911007924146,
        -0.366079377200573,
        -0.5939635869338322,
        -0.7131603131974458,
        -0.7296027466776294,
        -0.709928417272746,
        1.0,
        -0.7128578901317797,
        -0.6721342179973344
      ],
      [
        -0.7613220537646421,
        -0.5078878490065518,
        -0.7069675020432985,
        -0.6376955682710768,
        -0.7168748289637747,
        -0.741608584681048,
        -0.7011032557679562,
        -0.43517622465294115,
        -0.7541594502671561,
        -0.7347122992034805,
        -0.7274555903304636,
        -0.7128578901317797,
        1.0,
        -0.43418796475707166
      ],
      [
        -0.6998027243760445,
        -0.2664680086934484,
        -0.5322735574452752,
        -0.6056881476000294,
        -0.6263412580196233,
        -0.7005876223781036,
        -0.5879420185914385,
        -0.01326089674312031,
        -0.7165414203645937,
        -0.6711035511855625,
        -0.6948826475654238,
        -0.6721342179973344,
        -0.43418796475707166,
        1.0
      ]
    ],
    "series": {
      "2020-01": [
        10,
        4,
        7,
        4,
        2,
        3,
        3,
        6,
        2,
        1,
        0,
        0,
        4,
        4
      ],
      "2020-02": [
        9,
        2,
        10,
        3,
        6,
        7,
        4,
        8,
        0,
        1,
        3,
        4,
        2,
        7
      ],
      "2020-03": [
        10,
        4,
        6,
        5,
        7,
        5,
        4,
        0,
        5,
        3,
        8,
        1,
        1,
        8
      ],
      "2020-04": [
        17,
        5,
        13,
        5,
        6,
        3,
        2,
        4,
        4,
        1,
        2,
        7,
        3,
        11
      ],
      "2020-05": [
        17,
        7,
        6,
        1,
        8,
        4,
        4,
        5,
        2,
        1,
        4,
        2,
        1,
        8
      ],
      "2020-06": [
        19,
        6,
        5,
        2,
        4,
        5,
        8,
        5,
        5,
        0,
        3,
        3,
        1,
        2
      ],
      "2020-07": [
        17,
        8,
        7,
        5,
        9,
        4,
        4,
        4,
        10,
        2,
        3,
        5,
        4,
        6
      ],
      "2020-08": [
        19,
        5,
        5,
        4,
        6,
        5,
        4,
        2,
        2,
        1,
        4,
        3,
        2,
        7
      ],
      "2020-09": [
        12,
        8,
        11,
        5,
        8,
        0,
        8,
        6,
        3,
        0,
        7,
        4,
        3,
        6
      ],
      "2020-10": [
        20,
        6,
        7,
        8,
        5,
        4,
        3,
        4,
        4,
        2,
        3,
        1,
        0,
        6
      ],
      "2020-11": [
        11,
        1,
        5,
        4,
        4,
        3,
        5,
        7,
        0,
        1,
        1,
        3,
        2,
        4
      ],
      "2020-12": [
        21,
        5,
        10,
        5,
        5,
        1,
        4,
        3,
        1,
        2,
        1,
        4,
        3,
        6
      ],
      "2021-01": [
        12,
        4,
        7,
        4,
        4,
        0,
        1,
        2,
        2,
        2,
        1,
        1,
        1,
        8
      ],
      "2021-02": [
        11,
        2,
        7,
        5,
        3,
        0,
        6,
        7,
        1,
        0,
        2,
        1,
        2,
        9
      ],
      "2021-03": [
        18,
        3,
        5,
        5,
        5,
        3,
        1,
        6,
        1,
        1,
        2,
        2,
        1,
        3
      ],
      "2021-04": [
        11,
        6,
        4,
        1,
        2,
        5,
        4,
        6,
        4,
        1,
        1,
        2,
        1,
        9
      ],
      "2021-05": [
        10,
        8,
        5,
        4,
        1,
        2,
        3,
        4,
        3,
        1,
        4,
        3,
        1,
        12
      ],
      "2021-06": [
        17,
        2,
        5,
        2,
        1,
        2,
        8,
        6,
        2,
        2,
        5,
        4,
        1,
        9
      ],
      "2021-07": [
        9,
        5,
        5,
        3,
        7,
        4,
        5,
        4,
        0,
        1,
        3,
        3,
        2,
        9
      ],
      "2021-08": [
        18,
        4,
        6,
        1,
        5,
        4,
        2,
        4,
        0,
        1,
        5,
        2,
        0,
        7
      ],
      "2021-09": [
        17,
        6,
        6,
        6,
        5,
        1,
        6,
        9,
        3,
        1,
        2,
        3,
        2,
        6
      ],
      "2021-10": [
        9,
        5,
        10,
        4,
        4,
        4,
        8,
        5,
        2,
        3,
        5,
        0,
        2,
        7
      ],
      "2021-11": [
        16,
        3,
        8,
        0,
        7,
        4,
        7,
        3,
        2,
        1,
        1,
        1,
        2,
        6
      ],
      "2021-12": [
        21,
        3,
        7,
        5,
        5,
        4,
        7,
        3,
        5,
        3,
        1,
        0,
        2,
        10
      ],
      "2022-01": [
        11,
        4,
        11,
        2,
        6,
        2,
        4,
        5,
        3,
        1,
        4,
        0,
        1,
        7
      ],
      "2022-02": [
        15,
        8,
        7,
        2,
        4,
        8,
        4,
        3,
        4,
        1,
        4,
        2,
        0,
        5
      ],
      "2022-03": [
        16,
        6,
        16,
        3,
        8,
        2,
        7,
        3,
        5,
        2,
        1,
        2,
        3,
        5
      ],
      "2022-04": [
        9,
        9,
        9,
        2,
        6,
        2,
        8,
        6,
        3,
        1,
        0,
        3,
        0,
        8
      ],
      "2022-05": [
        9,
        2,
        4,
        2,
        3,
        4,
        5,
        9,
        2,
        1,
        1,
        4,
        1,
        7
      ],
      "2022-06": [
        18,
        4,
        8,
        7,
        2,
        4,
        2,
        4,
        4,
        1,
        2,
        2,
        3,
        9
      ],
      "2022-07": [
        12,
        8,
        4,
        5,
        4,
        5,
        7,
        5,
        1,
        6,
        4,
        2,
        1,
        7
      ],
      "2022-08": [
        10,
        3,
        6,
        3,
        5,
        1,
        6,
        10,
        3,
        3,
        1,
        2,
        0,
        8
      ],
      "2022-09": [
        17,
        7,
        4,
        4,
        5,
        3,
        3,
        4,
        2,
        2,
        2,
        2,
        0,
        6
      ],
      "2022-10": [
        21,
        8,
        3,
        3,
        2,
        4,
        5,
        4,
        1,
        0,
        4,
        1,
        0,
        8
      ],
      "2022-11": [
        14,
        7,
        5,
        5,
        2,
        11,
        5,
        1,
        1,
        2,
        0,
        2,
        1,
        9
      ],
      "2022-12": [
        13,
        11,
        9,
        6,
        4,
        4,
        4,
        8,
        2,
        1,
        4,
        1,
        2,
        9
      ],
      "2023-01": [
        12,
        7,
        3,
        3,
        2,
        0,
        7,
        5,
        2,
        0,
        2,
        0,
        0,
        4
      ],
      "2023-02": [
        12,
        8,
        4,
        3,
        5,
        5,
        3,
        3,
        2,
        0,
        1,
        1,
        2,
        11
      ],
      "2023-03": [
        19,
        8,
        9,
        4,
        2,
        3,
        8,
        5,
        3,
        1,
        1,
        1,
        2,
        12
      ],
      "2023-04": [
        17,
        10,
        5,
        3,
        4,
        1,
        6,
        5,
        3,
        1,
        1,
        3,
        0,
        7
      ],
      "2023-05": [
        18,
        3,
        5,
        3,
        3,
        8,
        10,
        5,
        0,
        2,
        5,
        3,
        3,
        7
      ],
      "2023-06": [
        16,
        5,
        7,
        3,
        4,
        2,
        8,
        6,
        1,
        0,
        3,
        1,
        1,
        7
      ],
      "2023-07": [
        17,
        2,
        9,
        2,
        2,
        0,
        4,
        2,
        3,
        2,
        3,
        3,
        4,
        7
      ],
      "2023-08": [
        15,
        13,
        10,
        2,
        6,
        3,
        5,
        3,
        1,
        0,
        5,
        3,
        3,
        11
      ],
      "2023-09": [
        14,
        4,
        11,
        4,
        4,
        2,
        3,
        6,
        2,
        1,
        0,
        1,
        0,
        11
      ],
      "2023-10": [
        20,
        2,
        6,
        6,
        2,
        5,
        8,
        6,
        1,
        1,
        3,
        1,
        1,
        5
      ],
      "2023-11": [
        12,
        4,
        7,
        6,
        3,
        3,
        2,
        11,
        2,
        0,
        2,
        1,
        2,
        4
      ],
      "2023-12": [
        15,
        5,
        7,
        4,
        6,
        3,
        5,
        4,
        0,
        1,
        3,
        2,
        2,
        8
      ],
      "2024-01": [
        7,
        8,
        9,
        6,
        6,
        2,
        6,
        3,
        3,
        0,
        2,
        1,
        4,
        5
      ],
      "2024-02": [
        19,
        9,
        4,
        2,
        2,
        3,
        4,
        3,
        3,
        0,
        4,
        2,
        1,
        7
      ],
      "2024-03": [
        13,
        6,
        6,
        1,
        4,
        3,
        13,
        4,
        1,
        4,
        5,
        2,
        1,
        4
      ],
      "2024-04": [
        9,
        9,
        5,
        8,
        6,
        3,
        8,
        4,
        3,
        1,
        1,
        1,
        0,
        7
      ],
      "2024-05": [
        11,
        7,
        7,
        7,
        1,
        6,
        7,
        3,
        3,
        2,
        4,
        2,
        2,
        5
      ],
      "2024-06": [
        12,
        7,
        8,
        4,
        6,
        2,
        5,
        3,
        3,
        0,
        2,
        1,
        2,
        13
      ],
      "2024-07": [
        27,
        2,
        4,
        5,
        5,
        4,
        5,
        3,
        6,
        1,
        4,
        6,
        1,
        11
      ],
      "2024-08": [
        16,
        8,
        10,
        5,
        4,
        1,
        7,
        4,
        2,
        4,
        4,
        2,
        0,
        6
      ],
      "2024-09": [
        13,
        8,
        8,
        3,
        6,
        2,
        4,
        6,
        3,
        2,
        1,
        0,
        1,
        9
      ],
      "2024-10": [
        14,
        4,
        6,
        7,
        6,
        3,
        10,
        6,
        5,
        1,
        5,
        2,
        1,
        8
      ],
      "2024-11": [
        17,
        5,
        7,
        5,
        4,
        2,
        8,
        5,
        3,
        1,
        1,
        0,
        3,
        8
      ],
      "2024-12": [
        12,
        8,
        7,
        4,
        5,
        6,
        12,
        8,
        6,
        0,
        2,
        0,
        2,
        15
      ],
      "2025-01": [
        22,
        7,
        5,
        2,
        5,
        3,
        4,
        6,
        5,
        2,
        3,
        1,
        0,
        8
      ],
      "2025-02": [
        17,
        8,
        2,
        4,
        7,
        4,
        5,
        3,
        1,
        1,
        4,
        2,
        2,
        10
      ],
      "2025-03": [
        20,
        9,
        5,
        7,
        5,
        5,
        1,
        7,
        1,
        2,
        3,
        1,
        2,
        8
      ],
      "2025-04": [
        20,
        9,
        4,
        5,
        2,
        3,
        3,
        5,
        1,
        3,
        1,
        3,
        2,
        6
      ],
      "2025-05": [
        20,
        8,
        5,
        8,
        9,
        3,
        5,
        13,
        4,
        1,
        5,
        2,
        2,
        10
      ],
      "2025-06": [
        16,
        9,
        6,
        5,
        4,
        3,
        5,
        5,
        1,
        3,
        6,
        1,
        2,
        9
      ],
      "2025-07": [
        11,
        2,
        7,
        3,
        1,
        1,
        5,
        4,
        3,
        3,
        3,
        3,
        1,
        12
      ],
      "2025-08": [
        16,
        1,
        8,
        3,
        10,
        0,
        2,
        4,
        5,
        2,
        4,
        3,
        2,
        9
      ],
      "2025-09": [
        4,
        3,
        4,
        3,
        3,
        2,
        6,
        5,
        4,
        2,
        3,
        3,
        1,
        2
      ]
    },
    "papers": {
      "0": [
        {
          "title": "Weighted Brunn-Minkowski Theory I: On Weighted Surface Area Measures",
          "year": "2022-12",
          "abstract": "The Brunn-Minkowski theory in convex geometry concerns, among other things,\nthe volumes, mixed volumes, and surface area measures of convex bodies. We\nstudy generalizations of these concepts to Borel measures with density in\n$\\mathbb{R}^n$-- in particular, the weighted versions of mixed volumes (the\nso-called mixed measures) when dealing with up to three distinct convex bodies.\nWe then formulate and analyze weighted versions of classical surface area\nmeasures, and obtain a new integral formula for the mixed measure of three\nbodies. As an application, we prove a B\\'ezout-type inequality for rotational\ninvariant log-concave measures, generalizing a result by Artstein-Avidan,\nFlorentin and Ostrover. The results are new and interesting even for the\nspecial case of the standard Gaussian measure.",
          "arxiv_id": "2212.13522v2"
        },
        {
          "title": "A note on the reduction of the slicing problem to centrally symmetric convex bodies",
          "year": "2022-10",
          "abstract": "In this paper, we obtain the best possible value of the absolute constant $C$\nsuch that for every isotropic convex body $K \\subseteq \\mathbb{R}^n$ the\nfollowing inequality (which was proved by Klartag and reduces the hyperplane\nconjecture to centrally symmetric convex bodies) is satisfied: $$ L_K\\leq\nCL_{K_{n+2}(g_K)}. $$ Here $L_K$ denotes the isotropic constant of $K$, $g_K$\nits covariogram function, which is log-concave, and, for any log-concave\nfunction $g$, $K_{n+2}(g)$ is a convex body associated to the log-concave\nfunction $g$, which belongs to a uniparametric family introduced by Ball. In\norder to obtain this inequality, sharp inclusion results between the convex\nbodies in this family are obtained whenever $g$ satisfies a better type of\nconcavity than the log-concavity, as $g_K$ is, indeed $\\frac{1}{n}$-concave.",
          "arxiv_id": "2210.09137v1"
        },
        {
          "title": "On the $L_p$ Brunn-Minkowski theory and the $L_p$ Minkowski problem for $C$-coconvex sets",
          "year": "2022-04",
          "abstract": "Let $C$ be a pointed closed convex cone in $\\mathbb{R}^n$ with vertex at the\norigin $o$ and having nonempty interior. The set $A\\subset C$ is $C$-coconvex\nif the volume of $A$ is finite and $A^{\\bullet}=C\\setminus A$ is a closed\nconvex set. For $0<p<1$, the $p$-co-sum of $C$-coconvex sets is introduced, and\nthe corresponding $L_p$ Brunn-Minkowski inequality for $C$-coconvex sets is\nestablished. We also define the $L_p$ surface area measures, for $0\\neq p\\in\n\\mathbb{R}$, of certain $C$-coconvex sets, which are critical in deriving a\nvariational formula of the volume of the Wulff shape associated with a family\nof functions obtained from the $p$-co-sum. This motivates the $L_p$ Minkowski\nproblem aiming to characterize the $L_p$ surface area measures of $C$-coconvex\nsets. The existence of solutions to the $L_p$ Minkowski problem for all $0\\neq\np\\in \\mathbb{R}$ is established. The $L_p$ Minkowski inequality for $0<p<1$ is\nproved and is used to obtain the uniqueness of the solutions to the $L_p$\nMinkowski problem for $0<p<1$.\n  For $p=0$, we introduce $(1-\\tau)\\diamond A_1\\oplus_0\\tau\\diamond A_2$, the\nlog-co-sum of two $C$-coconvex sets $A_{1}$ and $A_{2}$ with respect to $\\tau\n\\in(0, 1)$, and prove the log-Brunn-Minkowski inequality of $C$-coconvex sets.\nThe log-Minkowski inequality is also obtained and is applied to prove the\nuniqueness of the solutions to the log-Minkowski problem that characterizes the\ncone-volume measures of $C$-coconvex sets. Our result solves an open problem\nraised by Schneider in [Schneider, Adv. Math., 332 (2018), pp. 199-219].",
          "arxiv_id": "2204.00860v1"
        }
      ],
      "1": [
        {
          "title": "Collapsed Ricci limit spaces as non-collapsed $RCD$ spaces",
          "year": "2020-02",
          "abstract": "In this short note we provide several conjectures on the regularity of\nmeasured Gromov-Hausdorff limit spaces of Riemannian manifolds with Ricci\ncurvature bounded below, from the point of view of the synthetic treatment of\nlower bounds on Ricci curvature for metric measure spaces.",
          "arxiv_id": "2002.08612v3"
        },
        {
          "title": "Rigidity and almost rigidity of Sobolev inequalities on compact spaces with lower Ricci curvature bounds",
          "year": "2021-08",
          "abstract": "We prove that if $M$ is a closed $n$-dimensional Riemannian manifold, $n \\ge\n3$, with ${\\rm Ric}\\ge n-1$ and for which the optimal constant in the critical\nSobolev inequality equals the one of the $n$-dimensional sphere $\\mathbb{S}^n$,\nthen $M$ is isometric to $\\mathbb{S}^n$. An almost-rigidity result is also\nestablished, saying that if equality is almost achieved, then $M$ is close in\nthe measure Gromov-Hausdorff sense to a spherical suspension. These statements\nare obtained in the ${\\rm RCD}$-setting of (possibly non-smooth) metric measure\nspaces satisfying synthetic lower Ricci curvature bounds.\n  An independent result of our analysis is the characterization of the best\nconstant in the Sobolev inequality on any compact ${\\rm CD}$ space, extending\nto the non-smooth setting a classical result by Aubin. Our arguments are based\non a new concentration compactness result for mGH-converging sequences of ${\\rm\nRCD}$ spaces and on a Polya-Szego inequality of Euclidean-type in ${\\rm CD}$\nspaces.\n  As an application of the technical tools developed we prove both an existence\nresult for the Yamabe equation and the continuity of the generalized Yamabe\nconstant under measure Gromov-Hausdorff convergence, in the ${\\rm\nRCD}$-setting.",
          "arxiv_id": "2108.02135v2"
        },
        {
          "title": "Weak Laplacian bounds and minimal boundaries in non-smooth spaces with Ricci curvature lower bounds",
          "year": "2021-07",
          "abstract": "The goal of the paper is four-fold. In the setting of non-smooth spaces with\nRicci curvature lower bounds (more precisely RCD(K,N) metric measure spaces):\n  - we develop an intrinsic theory of Laplacian bounds in viscosity sense and\nin a pointwise, heat flow related, sense, showing their equivalence also with\nLaplacian bounds in distributional sense;\n  - relying on these tools, we establish a PDE principle relating lower Ricci\ncurvature bounds to the preservation of Laplacian lower bounds under the\nevolution via the $p$-Hopf-Lax semigroup, for general exponents\n$p\\in[1,\\infty)$. This principle admits a broad range of applications, going\nmuch beyond the topic of the present paper;\n  - we prove sharp Laplacian bounds on the distance function from a set\n(locally) minimizing the perimeter with a flexible technique, not involving any\nregularity theory; this corresponds to vanishing mean curvature in the smooth\nsetting and encodes also information about the second variation of the area;\n  - we initiate a regularity theory for boundaries of sets (locally) minimizing\nthe perimeter, obtaining sharp dimension estimates for their singular sets,\nquantitative estimates of independent interest even in the smooth setting and\ntopological regularity away from the singular set.\n  The class of RCD(K,N) metric measure spaces includes as remarkable\nsub-classes: measured Gromov-Hausdorff limits of smooth manifolds with lower\nRicci curvature bounds and finite dimensional Alexandrov spaces with lower\nsectional curvature bounds. Most of the results are new also in these\nframeworks. Moreover, the tools that we develop here have applications to\nclassical questions in Geometric Analysis on smooth, non compact Riemannian\nmanifolds with lower Ricci curvature bounds.",
          "arxiv_id": "2107.12344v3"
        }
      ],
      "2": [
        {
          "title": "Generalised Erdős distance theory on graphs",
          "year": "2025-05",
