{
  "topics": {
    "data": {
      "0": {
        "name": "0_code_LLMs_models_tasks",
        "keywords": [
          [
            "code",
            0.026112029315627394
          ],
          [
            "LLMs",
            0.018101209080969106
          ],
          [
            "models",
            0.013248991593216713
          ],
          [
            "tasks",
            0.012399877979388022
          ],
          [
            "generation",
            0.011977897468757503
          ],
          [
            "language",
            0.011181677422876759
          ],
          [
            "LLM",
            0.010977331214520169
          ],
          [
            "Code",
            0.010608471096069435
          ],
          [
            "code generation",
            0.009831864481477872
          ],
          [
            "programming",
            0.00879238697209395
          ]
        ],
        "count": 2575
      },
      "1": {
        "name": "1_systems_safety_IoT_Systems",
        "keywords": [
          [
            "systems",
            0.02080374805063655
          ],
          [
            "safety",
            0.018996360113269058
          ],
          [
            "IoT",
            0.01168986175514111
          ],
          [
            "Systems",
            0.010730275791115084
          ],
          [
            "testing",
            0.010603277113619346
          ],
          [
            "autonomous",
            0.010482052045219546
          ],
          [
            "scenarios",
            0.009982616789486538
          ],
          [
            "approach",
            0.009615197999256945
          ],
          [
            "paper",
            0.009604138805959919
          ],
          [
            "driving",
            0.009464091370499403
          ]
        ],
        "count": 1205
      },
      "2": {
        "name": "2_software_development_research_Software",
        "keywords": [
          [
            "software",
            0.027262309638869168
          ],
          [
            "development",
            0.016104216656878462
          ],
          [
            "research",
            0.016041188625284374
          ],
          [
            "Software",
            0.015085314545247626
          ],
          [
            "engineering",
            0.01374413848666192
          ],
          [
            "study",
            0.0136586129542492
          ],
          [
            "teams",
            0.013538603835451801
          ],
          [
            "software engineering",
            0.01319766227894607
          ],
          [
            "agile",
            0.012220444294332108
          ],
          [
            "software development",
            0.011758733433227865
          ]
        ],
        "count": 779
      },
      "3": {
        "name": "3_apps_app_Android_privacy",
        "keywords": [
          [
            "apps",
            0.030321571017525875
          ],
          [
            "app",
            0.02780533870214166
          ],
          [
            "Android",
            0.02423912181774085
          ],
          [
            "privacy",
            0.01861252327326721
          ],
          [
            "mobile",
            0.0165589247594822
          ],
          [
            "user",
            0.014801453059508385
          ],
          [
            "game",
            0.012153386978920747
          ],
          [
            "data",
            0.010888960033161825
          ],
          [
            "users",
            0.010720186519849295
          ],
          [
            "developers",
            0.0100909793957397
          ]
        ],
        "count": 743
      },
      "4": {
        "name": "4_test_tests_testing_test cases",
        "keywords": [
          [
            "test",
            0.049052205823120344
          ],
          [
            "tests",
            0.021023248734910925
          ],
          [
            "testing",
            0.020759853665747476
          ],
          [
            "test cases",
            0.013904570697776316
          ],
          [
            "cases",
            0.013778963539331794
          ],
          [
            "Test",
            0.013184737695604446
          ],
          [
            "coverage",
            0.012822564927678498
          ],
          [
            "generation",
            0.011346368691452413
          ],
          [
            "unit",
            0.01031791199636173
          ],
          [
            "approach",
            0.00956828960704144
          ]
        ],
        "count": 713
      },
      "5": {
        "name": "5_Rust_programs_program_verification",
        "keywords": [
          [
            "Rust",
            0.02287798116151447
          ],
          [
            "programs",
            0.018384178664641763
          ],
          [
            "program",
            0.018294179530402688
          ],
          [
            "verification",
            0.016862554855429968
          ],
          [
            "memory",
            0.014012697855249735
          ],
          [
            "proof",
            0.012673454560146565
          ],
          [
            "language",
            0.012480928524224203
          ],
          [
            "code",
            0.010994053313596862
          ],
          [
            "analysis",
            0.010207395793758
          ],
          [
            "formal",
            0.009787102838869034
          ]
        ],
        "count": 461
      },
      "6": {
        "name": "6_requirements_Requirements_RE_software",
        "keywords": [
          [
            "requirements",
            0.05517560354707932
          ],
          [
            "Requirements",
            0.023837469652974383
          ],
          [
            "RE",
            0.018534659320177258
          ],
          [
            "software",
            0.01416312580136144
          ],
          [
            "engineering",
            0.012489743259716957
          ],
          [
            "requirements engineering",
            0.010964654051380985
          ],
          [
            "development",
            0.009718431423464192
          ],
          [
            "requirement",
            0.009689516736356844
          ],
          [
            "quality",
            0.00955916117389932
          ],
          [
            "user",
            0.009111086005255878
          ]
        ],
        "count": 395
      },
      "7": {
        "name": "7_security_software_dependencies_vulnerabilities",
        "keywords": [
          [
            "security",
            0.044596019474868645
          ],
          [
            "software",
            0.02138110180755675
          ],
          [
            "dependencies",
            0.017084666455889155
          ],
          [
            "vulnerabilities",
            0.016543100838122913
          ],
          [
            "packages",
            0.01599576120628935
          ],
          [
            "dependency",
            0.013701668982327669
          ],
          [
            "package",
            0.012921422867119975
          ],
          [
            "Security",
            0.012440239315202188
          ],
          [
            "developers",
            0.011073636147836866
          ],
          [
            "supply",
            0.010710749935154135
          ]
        ],
        "count": 389
      },
      "8": {
        "name": "8_smart_contracts_blockchain_smart contracts",
        "keywords": [
          [
            "smart",
            0.05410972121168034
          ],
          [
            "contracts",
            0.052702320184492106
          ],
          [
            "blockchain",
            0.04350483891438077
          ],
          [
            "smart contracts",
            0.03978555783255978
          ],
          [
            "contract",
            0.03493090371794917
          ],
          [
            "smart contract",
            0.024137858295557556
          ],
          [
            "Ethereum",
            0.021350195302391226
          ],
          [
            "Smart",
            0.021172532546940005
          ],
          [
            "Blockchain",
            0.01742469203836695
          ],
          [
            "vulnerabilities",
            0.015588902379189517
          ]
        ],
        "count": 371
      },
      "9": {
        "name": "9_microservices_cloud_microservice_applications",
        "keywords": [
          [
            "microservices",
            0.03509536895297276
          ],
          [
            "cloud",
            0.028437295800048137
          ],
          [
            "microservice",
            0.025510732057634575
          ],
          [
            "applications",
            0.01644519774459038
          ],
          [
            "serverless",
            0.014508550628479321
          ],
          [
            "application",
            0.014106328012437296
          ],
          [
            "Microservices",
            0.013668422766434091
          ],
          [
            "service",
            0.01316893765315334
          ],
          [
            "architecture",
            0.012102530786806467
          ],
          [
            "systems",
            0.011682162357259183
          ]
        ],
        "count": 339
      },
      "10": {
        "name": "10_vulnerability_vulnerabilities_vulnerability detection_detection",
        "keywords": [
          [
            "vulnerability",
            0.04514470685179436
          ],
          [
            "vulnerabilities",
            0.024678589947069396
          ],
          [
            "vulnerability detection",
            0.02099503515799008
          ],
          [
            "detection",
            0.02053994645371718
          ],
          [
            "Vulnerability",
            0.017862208350676246
          ],
          [
            "code",
            0.01587663098435486
          ],
          [
            "security",
            0.015418901312857475
          ],
          [
            "vulnerable",
            0.012672264577996323
          ],
          [
            "learning",
            0.011632998734350343
          ],
          [
            "models",
            0.010994989610814227
          ]
        ],
        "count": 335
      },
      "11": {
        "name": "11_ML_Machine_machine learning_learning",
        "keywords": [
          [
            "ML",
            0.07449001930853243
          ],
          [
            "Machine",
            0.022991485350766117
          ],
          [
            "machine learning",
            0.022250183810018233
          ],
          [
            "learning",
            0.021965369595185667
          ],
          [
            "machine",
            0.021568450302874156
          ],
          [
            "Learning",
            0.018423511838619896
          ],
          [
            "data",
            0.018099903869665174
          ],
          [
            "systems",
            0.01686075387442939
          ],
          [
            "MLOps",
            0.016438319071609347
          ],
          [
            "model",
            0.014462721018070562
          ]
        ],
        "count": 295
      },
      "12": {
        "name": "12_DNN_DL_Deep_DNNs",
        "keywords": [
          [
            "DNN",
            0.0346714268173825
          ],
          [
            "DL",
            0.024272455678617046
          ],
          [
            "Deep",
            0.021591349126866728
          ],
          [
            "DNNs",
            0.019435640283508714
          ],
          [
            "test",
            0.018224156003099838
          ],
          [
            "model",
            0.016726230511181106
          ],
          [
            "testing",
            0.014905215464481548
          ],
          [
            "Neural",
            0.014789959963368631
          ],
          [
            "neural",
            0.014619588468944242
          ],
          [
            "inputs",
            0.014137472971118056
          ]
        ],
        "count": 253
      },
      "13": {
        "name": "13_bug_defect_prediction_reports",
        "keywords": [
          [
            "bug",
            0.034369737827349374
          ],
          [
            "defect",
            0.027756993508151927
          ],
          [
            "prediction",
            0.02636882591391418
          ],
          [
            "reports",
            0.01992290761841924
          ],
          [
            "defect prediction",
            0.019443265259420684
          ],
          [
            "issue",
            0.01626782106206544
          ],
          [
            "bug reports",
            0.015181000309534504
          ],
          [
            "software",
            0.014861865036619366
          ],
          [
            "models",
            0.013005969256307908
          ],
          [
            "projects",
            0.011901395650927432
          ]
        ],
        "count": 245
      },
      "14": {
        "name": "14_log_logs_anomaly_parsing",
        "keywords": [
          [
            "log",
            0.06991358431675175
          ],
          [
            "logs",
            0.027921280441842024
          ],
          [
            "anomaly",
            0.02362994872755447
          ],
          [
            "parsing",
            0.019020180819951032
          ],
          [
            "Log",
            0.018580380358498395
          ],
          [
            "data",
            0.016605047921496634
          ],
          [
            "detection",
            0.016561029140819576
          ],
          [
            "log parsing",
            0.012259402331691423
          ],
          [
            "systems",
            0.01112489686707399
          ],
          [
            "anomalies",
            0.010902698237681818
          ]
        ],
        "count": 234
      },
      "15": {
        "name": "15_refactoring_code_developers_refactorings",
        "keywords": [
          [
            "refactoring",
            0.0475990297925992
          ],
          [
            "code",
            0.028568035619079044
          ],
          [
            "developers",
            0.01823085338638079
          ],
          [
            "refactorings",
            0.017880459094576834
          ],
          [
            "review",
            0.01663882095331273
          ],
          [
            "software",
            0.016045603924154904
          ],
          [
            "SATD",
            0.015019092516591446
          ],
          [
            "debt",
            0.013818352809435497
          ],
          [
            "Refactoring",
            0.013639627640437382
          ],
          [
            "quality",
            0.012325229834621965
          ]
        ],
        "count": 225
      },
      "16": {
        "name": "16_quantum_Quantum_quantum software_computing",
        "keywords": [
          [
            "quantum",
            0.1393039323233231
          ],
          [
            "Quantum",
            0.05614252251960186
          ],
          [
            "quantum software",
            0.03533650579169919
          ],
          [
            "computing",
            0.028740954840834713
          ],
          [
            "classical",
            0.027879165406594
          ],
          [
            "software",
            0.0258347486050244
          ],
          [
            "quantum computing",
            0.023416541667335505
          ],
          [
            "programs",
            0.01789077173248893
          ],
          [
            "computers",
            0.015496297897309323
          ],
          [
            "circuit",
            0.015371240381360155
          ]
        ],
        "count": 221
      },
      "17": {
        "name": "17_scientific_software_data_research",
        "keywords": [
          [
            "scientific",
            0.027358941830640103
          ],
          [
            "software",
            0.01926139883272446
          ],
          [
            "data",
            0.01684849057840917
          ],
          [
            "research",
            0.015953313071460765
          ],
          [
            "HPC",
            0.01537905622971054
          ],
          [
            "workflows",
            0.015323149450334955
          ],
          [
            "reproducibility",
            0.014748043954419946
          ],
          [
            "notebooks",
            0.014319429954464703
          ],
          [
            "Jupyter",
            0.012785766848152502
          ],
          [
            "computational",
            0.012312472007344106
          ]
        ],
        "count": 217
      },
      "18": {
        "name": "18_process_business_modeling_Process",
        "keywords": [
          [
            "process",
            0.05088969364708593
          ],
          [
            "business",
            0.02762179749956969
          ],
          [
            "modeling",
            0.02723161539875496
          ],
          [
            "Process",
            0.021611231388350874
          ],
          [
            "TM",
            0.02136580831894808
          ],
          [
            "processes",
            0.02102401702339238
          ],
          [
            "model",
            0.0202861595925476
          ],
          [
            "event",
            0.018557642458877692
          ],
          [
            "models",
            0.014565669837630659
          ],
          [
            "business process",
            0.014321743745945512
          ]
        ],
        "count": 206
      },
      "19": {
        "name": "19_OSS_projects_source_open",
        "keywords": [
          [
            "OSS",
            0.048934374990298304
          ],
          [
            "projects",
            0.03330195174402746
          ],
          [
            "source",
            0.025675087999305967
          ],
          [
            "open",
            0.025466489461488297
          ],
          [
            "open source",
            0.024985346028827623
          ],
          [
            "Open",
            0.021410838475734488
          ],
          [
            "software",
            0.019681021015494737
          ],
          [
            "GitHub",
            0.018773161729443617
          ],
          [
            "project",
            0.01791386976246215
          ],
          [
            "Source",
            0.01749217805143197
          ]
        ],
        "count": 199
      },
      "20": {
        "name": "20_code_models_security_LLMs",
        "keywords": [
          [
            "code",
            0.035383945677860115
          ],
          [
            "models",
            0.02312297826026167
          ],
          [
            "security",
            0.020262653760141174
          ],
          [
            "LLMs",
            0.017971554934982457
          ],
          [
            "adversarial",
            0.016995288574964174
          ],
          [
            "Code",
            0.0154510690358764
          ],
          [
            "generation",
            0.014127536612948093
          ],
          [
            "code generation",
            0.01370899926701213
          ],
          [
            "attacks",
            0.012435978051028954
          ],
          [
            "generated",
            0.012011094727497963
          ]
        ],
        "count": 173
      },
      "21": {
        "name": "21_fuzzing_Fuzzing_fuzzers_coverage",
        "keywords": [
          [
            "fuzzing",
            0.05726114185692315
          ],
          [
            "Fuzzing",
            0.02785638583331969
          ],
          [
            "fuzzers",
            0.027200531904491156
          ],
          [
            "coverage",
            0.021159546009541737
          ],
          [
            "bugs",
            0.0210751314220266
          ],
          [
            "fuzzer",
            0.020434791945180646
          ],
          [
            "fuzz",
            0.0160958469782078
          ],
          [
            "testing",
            0.015735080399415225
          ],
          [
            "AFL",
            0.015210075315994083
          ],
          [
            "inputs",
            0.014386153393049566
          ]
        ],
        "count": 164
      },
      "22": {
        "name": "22_AI_systems_ethical_development",
        "keywords": [
          [
            "AI",
            0.0892374043273809
          ],
          [
            "systems",
            0.026572119426835916
          ],
          [
            "ethical",
            0.01650988599188527
          ],
          [
            "development",
            0.015754376686030674
          ],
          [
            "ethics",
            0.014071168457942346
          ],
          [
            "software",
            0.0133253849576948
          ],
          [
            "Artificial",
            0.012167599122319855
          ],
          [
            "intelligence",
            0.011568801154578711
          ],
          [
            "challenges",
            0.011086808408182073
          ],
          [
            "engineering",
            0.010870585122979712
          ]
        ],
        "count": 159
      },
      "23": {
        "name": "23_comments_review_code_comment",
        "keywords": [
          [
            "comments",
            0.042654552613536234
          ],
          [
            "review",
            0.03804305696212045
          ],
          [
            "code",
            0.03683819085606641
          ],
          [
            "comment",
            0.03060847173433705
          ],
          [
            "code review",
            0.02593685287634439
          ],
          [
            "Code",
            0.0190412344423989
          ],
          [
            "quality",
            0.013010291232946811
          ],
          [
            "Review",
            0.012359692698215194
          ],
          [
            "reviews",
            0.012166269705038013
          ],
          [
            "reviewers",
            0.011690339059527256
          ]
        ],
        "count": 156
      }
    },
    "correlations": [
      [
        1.0,
        -0.7302082714676481,
        -0.6661738593258151,
        -0.7393537500588594,
        -0.6348505493668437,
        -0.7129524047839347,
        -0.697073716587956,
        -0.6829200512195901,
        -0.7445364801364535,
        -0.739015662552764,
        -0.6896441444940911,
        -0.7149297505863804,
        -0.7166858813883462,
        -0.7051828509698823,
        -0.7403355742677284,
        -0.48144071369926367,
        -0.7610283786647565,
        -0.7156191300869496,
        -0.6838591401132718,
        -0.6675483339160431,
        0.6663716256933871,
        -0.7256879357473508,
        -0.6426784789558846,
        -0.4655269911010258
      ],
      [
        -0.7302082714676481,
        1.0,
        -0.6972784680983282,
        -0.7559284607821082,
        -0.6995034209894913,
        -0.7383649616714211,
        -0.6905487593066516,
        -0.6992549066904585,
        -0.7451055143158992,
        -0.7304034499891658,
        -0.7515902493395933,
        -0.7228203227424324,
        -0.7070417447487448,
        -0.7448655113559548,
        -0.7471138204053882,
        -0.73924066268467,
        -0.7598098544438732,
        -0.712120391502857,
        -0.7109615114411217,
        -0.7273845983368803,
        -0.7269480070992753,
        -0.7411635858382706,
        -0.5576899957046819,
        -0.7418253482742456
      ],
      [
        -0.6661738593258151,
        -0.6972784680983282,
        1.0,
        -0.7425505555750143,
        -0.6959128127640524,
        -0.7385722288415113,
        -0.670253169739061,
        -0.45246519351910996,
        -0.7483749832952568,
        -0.7312480297817152,
        -0.7383291096603781,
        -0.703356025049312,
        -0.7292297573799637,
        -0.7264893222620126,
        -0.754122242717306,
        -0.676373893436405,
        -0.7439463053562583,
        -0.5280656568133324,
        -0.6545949366409101,
        -0.6683958279337117,
        -0.6621069985863348,
        -0.747755986245525,
        -0.6769926896929306,
        -0.6794967824065737
      ],
      [
        -0.7393537500588594,
        -0.7559284607821082,
        -0.7425505555750143,
        1.0,
        -0.7342839104478571,
        -0.7640579565120165,
        -0.7292722356057266,
        -0.7190260711508671,
        -0.7559952803350951,
        -0.7438302820952647,
        -0.7472239675110585,
        -0.7461870132568205,
        -0.7464031853470512,
        -0.7321422848212769,
        -0.7576753043446641,
        -0.7367067455361537,
        -0.7640647201880431,
        -0.7482383589796635,
        -0.7481338639179023,
        -0.7437800166552231,
        -0.7376997399428247,
        -0.7520553188851377,
        -0.750913790353722,
        -0.7373765087021962
      ],
      [
        -0.6348505493668437,
        -0.6995034209894913,
        -0.6959128127640524,
        -0.7342839104478571,
        1.0,
        -0.7046953771425075,
        -0.7115946761745201,
        -0.7167537426684576,
        -0.7527463360635269,
        -0.7442473275044316,
        -0.7435851864585665,
        -0.7216444991466087,
        -0.6220327294142163,
        -0.7110386700021647,
        -0.7522790576263396,
        -0.7041458365061355,
        -0.7559046044037784,
        -0.7180793160029298,
        -0.7147569520997511,
        -0.7004466990553952,
        -0.6377723972247338,
        -0.669275096731832,
        -0.7228818062273111,
        -0.7158451885283512
      ],
      [
        -0.7129524047839347,
        -0.7383649616714211,
        -0.7385722288415113,
        -0.7640579565120165,
        -0.7046953771425075,
        1.0,
        -0.7440828491123462,
        -0.7355724993453228,
        -0.7517277002976139,
        -0.7510432876970562,
        -0.7398527591068733,
        -0.7521791251151364,
        -0.7396550730559814,
        -0.7416619588560699,
        -0.7620330813885801,
        -0.7304869025802836,
        -0.7566932443399197,
        -0.7344444534290471,
        -0.7295190005416543,
        -0.7318748457100803,
        -0.7093459140990989,
        -0.712382760523828,
        -0.7511789649799306,
        -0.7425366721614851
      ],
      [
        -0.697073716587956,
        -0.6905487593066516,
        -0.670253169739061,
        -0.7292722356057266,
        -0.7115946761745201,
        -0.7440828491123462,
        1.0,
        -0.7013216687984376,
        -0.7484591557845761,
        -0.7290034212581761,
        -0.7547098211989849,
        -0.7233128621651937,
        -0.7382613438500284,
        -0.752985925762649,
        -0.7607222948484509,
        -0.7369695491308752,
        -0.7598056256319643,
        -0.7183655569605591,
        -0.6803641100755168,
        -0.730096122921764,
        -0.6986117862383692,
        -0.7578874949999805,
        -0.7005257907485742,
        -0.732705775528059
      ],
      [
        -0.6829200512195901,
        -0.6992549066904585,
        -0.45246519351910996,
        -0.7190260711508671,
        -0.7167537426684576,
        -0.7355724993453228,
        -0.7013216687984376,
        1.0,
        -0.7196030235911444,
        -0.7180608198176186,
        -0.5408657452652265,
        -0.7224132718127638,
        -0.7367804190092878,
        -0.7353562568271703,
        -0.7478227448591463,
        -0.6899512492420462,
        -0.7575477709508025,
        -0.5726430066461683,
        -0.6967617787413529,
        -0.652457567942587,
        -0.6377164428475164,
        -0.7209875675171977,
        -0.707710058389053,
        -0.6998577235871517
      ],
      [
        -0.7445364801364535,
        -0.7451055143158992,
        -0.7483749832952568,
        -0.7559952803350951,
        -0.7527463360635269,
        -0.7517277002976139,
        -0.7484591557845761,
        -0.7196030235911444,
        1.0,
        -0.7504409304259312,
        -0.7030335494690892,
        -0.7570532906199104,
        -0.7607294137015936,
        -0.761394294002351,
        -0.759403338214026,
        -0.7506011121310252,
        -0.7632629733113413,
        -0.7529130949462697,
        -0.7380693881282083,
        -0.7509713539238336,
        -0.7425200549508726,
        -0.7416154552796753,
        -0.7510380701509493,
        -0.7501508627930589
      ],
      [
        -0.739015662552764,
        -0.7304034499891658,
        -0.7312480297817152,
        -0.7438302820952647,
        -0.7442473275044316,
        -0.7510432876970562,
        -0.7290034212581761,
        -0.7180608198176186,
        -0.7504409304259312,
        1.0,
        -0.7555590094902809,
        -0.7389700714992554,
        -0.7520261195066567,
        -0.7603403930645054,
        -0.7330081098111181,
        -0.733836660733702,
        -0.7545287759147618,
        -0.7247051681633456,
        -0.7279489698857984,
        -0.7286436903342183,
        -0.7383070879609444,
        -0.7509761373582671,
        -0.7355351052860764,
        -0.7440161883047649
      ],
      [
        -0.6896441444940911,
        -0.7515902493395933,
        -0.7383291096603781,
        -0.7472239675110585,
        -0.7435851864585665,
        -0.7398527591068733,
        -0.7547098211989849,
        -0.5408657452652265,
        -0.7030335494690892,
        -0.7555590094902809,
        1.0,
        -0.7354775742865183,
        -0.7195031216611477,
        -0.739139083110322,
        -0.7599874536350011,
        -0.7200189234227432,
        -0.7644155955538593,
        -0.7454930732324987,
        -0.7441051846064005,
        -0.7080961875085106,
        -0.6763279329817931,
        -0.713733554133478,
        -0.741588329080463,
        -0.7205132981096167
      ],
      [
        -0.7149297505863804,
        -0.7228203227424324,
        -0.703356025049312,
        -0.7461870132568205,
        -0.7216444991466087,
        -0.7521791251151364,
        -0.7233128621651937,
        -0.7224132718127638,
        -0.7570532906199104,
        -0.7389700714992554,
        -0.7354775742865183,
        1.0,
        -0.7135586013764987,
        -0.7106486550489051,
        -0.7445672214213161,
        -0.7238501962844696,
        -0.7494226853113615,
        -0.711368745141282,
        -0.7187111343323984,
        -0.7103272242773636,
        -0.7073908829117252,
        -0.7498309854487893,
        -0.6798982079444706,
        -0.7120510317720221
      ],
      [
        -0.7166858813883462,
        -0.7070417447487448,
        -0.7292297573799637,
        -0.7464031853470512,
        -0.6220327294142163,
        -0.7396550730559814,
        -0.7382613438500284,
        -0.7367804190092878,
        -0.7607294137015936,
        -0.7520261195066567,
        -0.7195031216611477,
        -0.7135586013764987,
        1.0,
        -0.7104093060295309,
        -0.7477269605257914,
        -0.7202795879988783,
        -0.760403713015237,
        -0.7306536867988066,
        -0.7273166240274023,
        -0.7369887026668297,
        -0.7000842737195125,
        -0.7168985122981153,
        -0.7342882878207969,
        -0.7209938649515666
      ],
      [
        -0.7051828509698823,
        -0.7448655113559548,
        -0.7264893222620126,
        -0.7321422848212769,
        -0.7110386700021647,
        -0.7416619588560699,
        -0.752985925762649,
        -0.7353562568271703,
        -0.761394294002351,
        -0.7603403930645054,
        -0.739139083110322,
        -0.7106486550489051,
        -0.7104093060295309,
        1.0,
        -0.7537914614630328,
        -0.7066201125491351,
        -0.757929890245214,
        -0.7301522369384118,
        -0.724442477443295,
        -0.6853186452165414,
        -0.7026122394522822,
        -0.6885586586152415,
        -0.7472256138264516,
        -0.7160897720212853
      ],
      [
        -0.7403355742677284,
        -0.7471138204053882,
        -0.754122242717306,
        -0.7576753043446641,
        -0.7522790576263396,
        -0.7620330813885801,
        -0.7607222948484509,
        -0.7478227448591463,
        -0.759403338214026,
        -0.7330081098111181,
        -0.7599874536350011,
        -0.7445672214213161,
        -0.7477269605257914,
        -0.7537914614630328,
        1.0,
        -0.751981027016535,
        -0.7645938261183569,
        -0.7486718514814221,
        -0.717706856688838,
        -0.7427995217022003,
        -0.7400431300848682,
        -0.7624053293457846,
        -0.7551825749674382,
        -0.7541759044707248
      ],
      [
        -0.48144071369926367,
        -0.73924066268467,
        -0.676373893436405,
        -0.7367067455361537,
        -0.7041458365061355,
        -0.7304869025802836,
        -0.7369695491308752,
        -0.6899512492420462,
        -0.7506011121310252,
        -0.733836660733702,
        -0.7200189234227432,
        -0.7238501962844696,
        -0.7202795879988783,
        -0.7066201125491351,
        -0.751981027016535,
        1.0,
        -0.75999975006916,
        -0.7190206702719988,
        -0.7092819340134175,
        -0.6483680998334949,
        -0.4600323011071741,
        -0.7364846555055511,
        -0.7285184556466666,
        -0.31757415828709307
      ],
      [
        -0.7610283786647565,
        -0.7598098544438732,
        -0.7439463053562583,
        -0.7640647201880431,
        -0.7559046044037784,
        -0.7566932443399197,
        -0.7598056256319643,
        -0.7575477709508025,
        -0.7632629733113413,
        -0.7545287759147618,
        -0.7644155955538593,
        -0.7494226853113615,
        -0.760403713015237,
        -0.757929890245214,
        -0.7645938261183569,
        -0.75999975006916,
        1.0,
        -0.7531070859526308,
        -0.7611646367247142,
        -0.7605336506489151,
        -0.7607693422455577,
        -0.7608607583364244,
        -0.7540514880968616,
        -0.7633862272691867
      ],
      [
        -0.7156191300869496,
        -0.712120391502857,
        -0.5280656568133324,
        -0.7482383589796635,
        -0.7180793160029298,
        -0.7344444534290471,
        -0.7183655569605591,
        -0.5726430066461683,
        -0.7529130949462697,
        -0.7247051681633456,
        -0.7454930732324987,
        -0.711368745141282,
        -0.7306536867988066,
        -0.7301522369384118,
        -0.7486718514814221,
        -0.7190206702719988,
        -0.7531070859526308,
        1.0,
        -0.6944131210455936,
        -0.6959305643479952,
        -0.7134874971426732,
        -0.7489767227699886,
        -0.7294472184738843,
        -0.7195222893126005
      ],
      [
        -0.6838591401132718,
        -0.7109615114411217,
        -0.6545949366409101,
        -0.7481338639179023,
        -0.7147569520997511,
        -0.7295190005416543,
        -0.6803641100755168,
        -0.6967617787413529,
        -0.7380693881282083,
        -0.7279489698857984,
        -0.7441051846064005,
        -0.7187111343323984,
        -0.7273166240274023,
        -0.724442477443295,
        -0.717706856688838,
        -0.7092819340134175,
        -0.7611646367247142,
        -0.6944131210455936,
        1.0,
        -0.7121197197432185,
        -0.6796381312110666,
        -0.752259645677533,
        -0.715957124034889,
        -0.7144719741604135
      ],
      [
        -0.6675483339160431,
        -0.7273845983368803,
        -0.6683958279337117,
        -0.7437800166552231,
        -0.7004466990553952,
        -0.7318748457100803,
        -0.730096122921764,
        -0.652457567942587,
        -0.7509713539238336,
        -0.7286436903342183,
        -0.7080961875085106,
        -0.7103272242773636,
        -0.7369887026668297,
        -0.6853186452165414,
        -0.7427995217022003,
        -0.6483680998334949,
        -0.7605336506489151,
        -0.6959305643479952,
        -0.7121197197432185,
        1.0,
        -0.6626050703701818,
        -0.7281383263446713,
        -0.7175255563985949,
        -0.6610864761601002
      ],
      [
        0.6663716256933871,
        -0.7269480070992753,
        -0.6621069985863348,
        -0.7376997399428247,
        -0.6377723972247338,
        -0.7093459140990989,
        -0.6986117862383692,
        -0.6377164428475164,
        -0.7425200549508726,
        -0.7383070879609444,
        -0.6763279329817931,
        -0.7073908829117252,
        -0.7000842737195125,
        -0.7026122394522822,
        -0.7400431300848682,
        -0.4600323011071741,
        -0.7607693422455577,
        -0.7134874971426732,
        -0.6796381312110666,
        -0.6626050703701818,
        1.0,
        -0.7267378484563314,
        -0.6418817294493019,
        -0.4438904346308661
      ],
      [
        -0.7256879357473508,
        -0.7411635858382706,
        -0.747755986245525,
        -0.7520553188851377,
        -0.669275096731832,
        -0.712382760523828,
        -0.7578874949999805,
        -0.7209875675171977,
        -0.7416154552796753,
        -0.7509761373582671,
        -0.713733554133478,
        -0.7498309854487893,
        -0.7168985122981153,
        -0.6885586586152415,
        -0.7624053293457846,
        -0.7364846555055511,
        -0.7608607583364244,
        -0.7489767227699886,
        -0.752259645677533,
        -0.7281383263446713,
        -0.7267378484563314,
        1.0,
        -0.7550991790298845,
        -0.7450317765413961
      ],
      [
        -0.6426784789558846,
        -0.5576899957046819,
        -0.6769926896929306,
        -0.750913790353722,
        -0.7228818062273111,
        -0.7511789649799306,
        -0.7005257907485742,
        -0.707710058389053,
        -0.7510380701509493,
        -0.7355351052860764,
        -0.741588329080463,
        -0.6798982079444706,
        -0.7342882878207969,
        -0.7472256138264516,
        -0.7551825749674382,
        -0.7285184556466666,
        -0.7540514880968616,
        -0.7294472184738843,
        -0.715957124034889,
        -0.7175255563985949,
        -0.6418817294493019,
        -0.7550991790298845,
        1.0,
        -0.717270786463396
      ],
      [
        -0.4655269911010258,
        -0.7418253482742456,
        -0.6794967824065737,
        -0.7373765087021962,
        -0.7158451885283512,
        -0.7425366721614851,
        -0.732705775528059,
        -0.6998577235871517,
        -0.7501508627930589,
        -0.7440161883047649,
        -0.7205132981096167,
        -0.7120510317720221,
        -0.7209938649515666,
        -0.7160897720212853,
        -0.7541759044707248,
        -0.31757415828709307,
        -0.7633862272691867,
        -0.7195222893126005,
        -0.7144719741604135,
        -0.6610864761601002,
        -0.4438904346308661,
        -0.7450317765413961,
        -0.717270786463396,
        1.0
      ]
    ],
    "series": {
      "2020-01": [
        15,
        4,
        6,
        4,
        9,
        3,
        7,
        4,
        5,
        3,
        0,
        6,
        2,
        1,
        3,
        3,
        1,
        1,
        4,
        4,
        1,
        2,
        3,
        2
      ],
      "2020-02": [
        18,
        2,
        10,
        5,
        12,
        1,
        6,
        2,
        6,
        3,
        0,
        6,
        4,
        1,
        0,
        5,
        0,
        1,
        1,
        7,
        4,
        1,
        0,
        0
