{
  "topics": {
    "data": {
      "0": {
        "name": "0_theory_algebra_algebras_Lie",
        "keywords": [
          [
            "theory",
            0.017415327817629337
          ],
          [
            "algebra",
            0.017191904981916462
          ],
          [
            "algebras",
            0.01456939324019542
          ],
          [
            "Lie",
            0.011643497120846587
          ],
          [
            "theories",
            0.01150111331746006
          ],
          [
            "gauge",
            0.011328611572439808
          ],
          [
            "space",
            0.009618096236304614
          ],
          [
            "quantum",
            0.008663301095560981
          ],
          [
            "field",
            0.008495157908491226
          ],
          [
            "group",
            0.008132762552019732
          ]
        ],
        "count": 3152
      },
      "1": {
        "name": "1_equations_solutions_equation_model",
        "keywords": [
          [
            "equations",
            0.017956642868243132
          ],
          [
            "solutions",
            0.015454487246920598
          ],
          [
            "equation",
            0.013251118793240915
          ],
          [
            "model",
            0.013025231379411977
          ],
          [
            "fluid",
            0.012087517546814966
          ],
          [
            "flow",
            0.01190285266382474
          ],
          [
            "boundary",
            0.011309303674022343
          ],
          [
            "problem",
            0.011034052454525135
          ],
          [
            "time",
            0.010657242295421268
          ],
          [
            "solution",
            0.010381138655917903
          ]
        ],
        "count": 1800
      },
      "2": {
        "name": "2_random_model_time_process",
        "keywords": [
          [
            "random",
            0.0191487091476851
          ],
          [
            "model",
            0.019113096586490623
          ],
          [
            "time",
            0.013088903517150127
          ],
          [
            "process",
            0.01288493655451818
          ],
          [
            "percolation",
            0.012092066642491734
          ],
          [
            "critical",
            0.011971820276476867
          ],
          [
            "limit",
            0.010875288032147615
          ],
          [
            "models",
            0.010381626989863125
          ],
          [
            "large",
            0.009495680434088523
          ],
          [
            "Brownian",
            0.008914792438781896
          ]
        ],
        "count": 1535
      },
      "3": {
        "name": "3_spacetime_black_Einstein_field",
        "keywords": [
          [
            "spacetime",
            0.020082990223801386
          ],
          [
            "black",
            0.01932968751442632
          ],
          [
            "Einstein",
            0.016173132472428266
          ],
          [
            "field",
            0.015446610652499125
          ],
          [
            "scalar",
            0.014480293490459095
          ],
          [
            "gravity",
            0.014445839178951897
          ],
          [
            "spacetimes",
            0.014393676462488791
          ],
          [
            "hole",
            0.013944927346800553
          ],
          [
            "black hole",
            0.013839867916131895
          ],
          [
            "gravitational",
            0.012894870514668253
          ]
        ],
        "count": 1522
      },
      "4": {
        "name": "4_operators_operator_potentials_magnetic",
        "keywords": [
          [
            "operators",
            0.026564789181197132
          ],
          [
            "operator",
            0.020536520850582433
          ],
          [
            "potentials",
            0.01498865495847686
          ],
          [
            "magnetic",
            0.014125205885759417
          ],
          [
            "spectral",
            0.013020078657746523
          ],
          [
            "potential",
            0.012903820245868811
          ],
          [
            "eigenvalues",
            0.012287026394451691
          ],
          [
            "spectrum",
            0.011674181921807672
          ],
          [
            "functions",
            0.010469671630230963
          ],
          [
            "Dirac",
            0.01034827693982672
          ]
        ],
        "count": 1252
      },
      "5": {
        "name": "5_quantum_states_entanglement_state",
        "keywords": [
          [
            "quantum",
            0.052326854267251935
          ],
          [
            "states",
            0.027578517968542854
          ],
          [
            "entanglement",
            0.01924487788261768
          ],
          [
            "state",
            0.017463140153161586
          ],
          [
            "information",
            0.016815555628909264
          ],
          [
            "channels",
            0.013383077562709166
          ],
          [
            "entropy",
            0.012168947311553071
          ],
          [
            "qubit",
            0.011883267233802581
          ],
          [
            "channel",
            0.01140327849869908
          ],
          [
            "Quantum",
            0.011399950369014412
          ]
        ],
        "count": 931
      },
      "6": {
        "name": "6_systems_Hamiltonian_equations_problem",
        "keywords": [
          [
            "systems",
            0.022665333485836204
          ],
          [
            "Hamiltonian",
            0.019977073674951693
          ],
          [
            "equations",
            0.018856005616111088
          ],
          [
            "problem",
            0.015516823332083271
          ],
          [
            "contact",
            0.015058178393197482
          ],
          [
            "body",
            0.014304255941884687
          ],
          [
            "Lagrangian",
            0.013836399302221266
          ],
          [
            "symmetries",
            0.012319738965924438
          ],
          [
            "Lie",
            0.011612849625477135
          ],
          [
            "nonholonomic",
            0.011342449577835279
          ]
        ],
        "count": 736
      },
      "7": {
        "name": "7_Toda_equations_integrable_systems",
        "keywords": [
          [
            "Toda",
            0.020158033529476864
          ],
          [
            "equations",
            0.019730342970846727
          ],
          [
            "integrable",
            0.01858189390528609
          ],
          [
            "systems",
            0.018522740716145233
          ],
          [
            "equation",
            0.01691781247913712
          ],
          [
            "Hamiltonian",
            0.013573296236255139
          ],
          [
            "solutions",
            0.013041961581144621
          ],
          [
            "non",
            0.012794580915984139
          ],
          [
            "Lax",
            0.01060061490082113
          ],
          [
            "type",
            0.010143434944050381
          ]
        ],
        "count": 716
      },
      "8": {
        "name": "8_random_matrices_matrix_ensemble",
        "keywords": [
          [
            "random",
            0.032927389080532644
          ],
          [
            "matrices",
            0.03163956599005534
          ],
          [
            "matrix",
            0.025054574388218172
          ],
          [
            "ensemble",
            0.02040052437006713
          ],
          [
            "ensembles",
            0.019565147071372923
          ],
          [
            "random matrices",
            0.015430201280264427
          ],
          [
            "Gaussian",
            0.014866099319232466
          ],
          [
            "moments",
            0.01431772865733156
          ],
          [
            "random matrix",
            0.014286305991031267
          ],
          [
            "eigenvalues",
            0.01393979156694761
          ]
        ],
        "count": 652
      },
      "9": {
        "name": "9_equation_solutions_nonlinear_soliton",
        "keywords": [
          [
            "equation",
            0.04044030278225779
          ],
          [
            "solutions",
            0.03165188472234295
          ],
          [
            "nonlinear",
            0.02921543634963666
          ],
          [
            "soliton",
            0.026383999277821667
          ],
          [
            "problem",
            0.017887448688758197
          ],
          [
            "solution",
            0.016709916988889153
          ],
          [
            "wave",
            0.016396819464900708
          ],
          [
            "equations",
            0.014879414239243481
          ],
          [
            "waves",
            0.013774825890902552
          ],
          [
            "solitons",
            0.01364062100546489
          ]
        ],
        "count": 630
      },
      "10": {
        "name": "10_quantum_systems_dynamics_time",
        "keywords": [
          [
            "quantum",
            0.04038507403649389
          ],
          [
            "systems",
            0.02361800206933214
          ],
          [
            "dynamics",
            0.01937161493530636
          ],
          [
            "time",
            0.018507928958379445
          ],
          [
            "state",
            0.015261788881621961
          ],
          [
            "local",
            0.014188993016448142
          ],
          [
            "states",
            0.013770427660950437
          ],
          [
            "Markovian",
            0.012568263661133927
          ],
          [
            "quantum systems",
            0.01243600199957946
          ],
          [
            "body",
            0.012320292420429337
          ]
        ],
        "count": 388
      },
      "11": {
        "name": "11_wave_scattering_problem_method",
        "keywords": [
          [
            "wave",
            0.020219626002161695
          ],
          [
            "scattering",
            0.020208285433679633
          ],
          [
            "problem",
            0.015500915558438522
          ],
          [
            "method",
            0.015183655165465236
          ],
          [
            "frequency",
            0.015177128344370006
          ],
          [
            "waves",
            0.012803208617662187
          ],
          [
            "field",
            0.011728007472616288
          ],
          [
            "inverse",
            0.011288065626732801
          ],
          [
            "numerical",
            0.010950715382681681
          ],
          [
            "equation",
            0.010929057891002838
          ]
        ],
        "count": 374
      },
      "12": {
        "name": "12_Bose_energy_density_gas",
        "keywords": [
          [
            "Bose",
            0.0296338748648068
          ],
          [
            "energy",
            0.02475124362882651
          ],
          [
            "density",
            0.020565263197939516
          ],
          [
            "gas",
            0.019698844286244927
          ],
          [
            "ground",
            0.01926378474058432
          ],
          [
            "state",
            0.018501815980569977
          ],
          [
            "ground state",
            0.017911274092691068
          ],
          [
            "interacting",
            0.01771970872567149
          ],
          [
            "body",
            0.017275600564229752
          ],
          [
            "Hartree",
            0.014793140201864757
          ]
        ],
        "count": 369
      },
      "13": {
        "name": "13_topological_symmetry_phases_lattice",
        "keywords": [
          [
            "topological",
            0.040757611418660994
          ],
          [
            "symmetry",
            0.0356285480291366
          ],
          [
            "phases",
            0.02722008496311455
          ],
          [
            "lattice",
            0.019399582716218847
          ],
          [
            "quantum",
            0.018790027128357607
          ],
          [
            "models",
            0.015702903050064887
          ],
          [
            "symmetries",
            0.014962971394834091
          ],
          [
            "theory",
            0.014465263297148204
          ],
          [
            "fusion",
            0.014268320005048638
          ],
          [
            "model",
            0.014267244782988906
          ]
        ],
        "count": 366
      },
      "14": {
        "name": "14_topological_edge_Hermitian_band",
        "keywords": [
          [
            "topological",
            0.041726959274087976
          ],
          [
            "edge",
            0.023841746662166964
          ],
          [
            "Hermitian",
            0.02201470763530019
          ],
          [
            "band",
            0.02046939743997124
          ],
          [
            "bulk",
            0.01991940660471492
          ],
          [
            "non",
            0.019181886835372114
          ],
          [
            "insulators",
            0.01793325460767424
          ],
          [
            "systems",
            0.015661346838404894
          ],
          [
            "topology",
            0.013935395814977767
          ],
          [
            "states",
            0.013542406557855194
          ]
        ],
        "count": 340
      },
      "15": {
        "name": "15_graphs_graph_walks_quantum",
        "keywords": [
          [
            "graphs",
            0.050745386653295865
          ],
          [
            "graph",
            0.0477376540986049
          ],
          [
            "walks",
            0.038353209719527714
          ],
          [
            "quantum",
            0.0378186902051293
          ],
          [
            "walk",
            0.032985696365499514
          ],
          [
            "quantum walks",
            0.02740205956621384
          ],
          [
            "quantum walk",
            0.02326225289614642
          ],
          [
            "quantum graphs",
            0.019707764160674605
          ],
          [
            "vertices",
            0.014496043408937224
          ],
          [
            "time",
            0.014468952373590653
          ]
        ],
        "count": 240
      },
      "16": {
        "name": "16_quantum_theory_Hilbert_Quantum",
        "keywords": [
          [
            "quantum",
            0.03363838262308268
          ],
          [
            "theory",
            0.02194025130896709
          ],
          [
            "Hilbert",
            0.015589705727896615
          ],
          [
            "Quantum",
            0.015325426605266416
          ],
          [
            "space",
            0.015290549336636013
          ],
          [
            "operator",
            0.015195426671900108
          ],
          [
            "operators",
            0.014691593278624807
          ],
          [
            "quantum mechanics",
            0.01345698922879476
          ],
          [
            "mechanics",
            0.012915368666670415
          ],
          [
            "algebra",
            0.012826378645173489
          ]
        ],
        "count": 225
      }
    },
    "correlations": [
      [
        1.0,
        -0.6615392536947453,
        -0.1784040507414988,
        -0.6827490955801996,
        -0.23169417889663857,
        -0.6769162153719446,
        -0.6512299627027437,
        -0.6396957628946323,
        -0.6745954778568755,
        -0.6916097664043526,
        -0.657467867525718,
        -0.6923609139098958,
        -0.5792286019073808,
        -0.678733661607748,
        -0.6928389448213514,
        -0.7152772610467486,
        -0.3619678126018081
      ],
      [
        -0.6615392536947453,
        1.0,
        -0.6559778932116522,
        -0.6851786584478254,
        -0.6663616420263252,
        -0.738838699030685,
        -0.49943401184612835,
        -0.48313490537406145,
        -0.7136598658171975,
        -0.32240507588243694,
        -0.6837371816477342,
        -0.6706030466623008,
        -0.6829649730083371,
        -0.7322464851370643,
        -0.738645037422073,
        -0.7471854677322525,
        -0.5866530929667777
      ],
      [
        -0.1784040507414988,
        -0.6559778932116522,
        1.0,
        -0.6918105554313895,
        -0.16320214700501667,
        -0.6937976636696996,
        -0.6611720772145503,
        -0.6527336302390093,
        -0.6352363183687038,
        -0.6723904254036362,
        -0.6423601486912047,
        -0.6893141472851014,
        -0.4309119536973287,
        -0.6808839334492167,
        -0.6961677406995415,
        -0.6646981680414743,
        -0.6658778566380985
      ],
      [
        -0.6827490955801996,
        -0.6851786584478254,
        -0.6918105554313895,
        1.0,
        -0.7019126678399342,
        -0.7439307954134509,
        -0.7042366829790145,
        -0.6990220853147702,
        -0.7195009425971043,
        -0.7225853906439896,
        -0.7096351086887143,
        -0.6754318237417527,
        -0.7084821658129237,
        -0.7391451777180343,
        -0.74218596087778,
        -0.7583485946111486,
        -0.6931856180714644
      ],
      [
        -0.23169417889663857,
        -0.6663616420263252,
        -0.16320214700501667,
        -0.7019126678399342,
        1.0,
        -0.6892193154679258,
        -0.6657693769971724,
        -0.653735594118822,
        -0.6770189257347479,
        -0.5934712791001436,
        -0.6592380594296665,
        -0.6841049691858127,
        -0.465943143427626,
        -0.7101373684055596,
        -0.704274733610503,
        -0.7024563637477617,
        -0.6525793502745305
      ],
      [
        -0.6769162153719446,
        -0.738838699030685,
        -0.6937976636696996,
        -0.7439307954134509,
        -0.6892193154679258,
        1.0,
        -0.7147775768400288,
        -0.7184566989647315,
        -0.7144420281162904,
        -0.7364632458966986,
        -0.3998922952791141,
        -0.7485301990337285,
        -0.7081076172408813,
        -0.7073787905549029,
        -0.7215051394865952,
        -0.6603333112633512,
        -0.4995179160885964
      ],
      [
        -0.6512299627027437,
        -0.49943401184612835,
        -0.6611720772145503,
        -0.7042366829790145,
        -0.6657693769971724,
        -0.7147775768400288,
        1.0,
        -0.0024788500495356164,
        -0.7155973954040138,
        -0.6605929027686961,
        -0.5705960982196309,
        -0.7011576956522358,
        -0.6915938345987573,
        -0.7239369778042616,
        -0.7231925189671655,
        -0.7424536422595638,
        -0.667565775509989
      ],
      [
        -0.6396957628946323,
        -0.48313490537406145,
        -0.6527336302390093,
        -0.6990220853147702,
        -0.653735594118822,
        -0.7184566989647315,
        -0.0024788500495356164,
        1.0,
        -0.7073240944511082,
        -0.4996336887189342,
        -0.5837246473174005,
        -0.6881450955587393,
        -0.6902550136550821,
        -0.719134982673087,
        -0.7269964071995456,
        -0.742258322699763,
        -0.6828231324076285
      ],
      [
        -0.6745954778568755,
        -0.7136598658171975,
        -0.6352363183687038,
        -0.7195009425971043,
        -0.6770189257347479,
        -0.7144420281162904,
        -0.7155973954040138,
        -0.7073240944511082,
        1.0,
        -0.7408325093248822,
        -0.6966946511569794,
        -0.6937082874364653,
        -0.6861617283900707,
        -0.7425629518010708,
        -0.7052897689674924,
        -0.7230081753005475,
        -0.7056782145672612
      ],
      [
        -0.6916097664043526,
        -0.32240507588243694,
        -0.6723904254036362,
        -0.7225853906439896,
        -0.5934712791001436,
        -0.7364632458966986,
        -0.6605929027686961,
        -0.4996336887189342,
        -0.7408325093248822,
        1.0,
        -0.7017463098481947,
        -0.6476191496873698,
        -0.6944126069779275,
        -0.7409057508162027,
        -0.7397841695192262,
        -0.7471621941617446,
        -0.7153569418517258
      ],
      [
        -0.657467867525718,
        -0.6837371816477342,
        -0.6423601486912047,
        -0.7096351086887143,
        -0.6592380594296665,
        -0.3998922952791141,
        -0.5705960982196309,
        -0.5837246473174005,
        -0.6966946511569794,
        -0.7017463098481947,
        1.0,
        -0.710364502791766,
        -0.6623221802416417,
        -0.713308435622277,
        -0.7107919127530402,
        -0.6697535671804968,
        -0.590080852232594
      ],
      [
        -0.6923609139098958,
        -0.6706030466623008,
        -0.6893141472851014,
        -0.6754318237417527,
        -0.6841049691858127,
        -0.7485301990337285,
        -0.7011576956522358,
        -0.6881450955587393,
        -0.6937082874364653,
        -0.6476191496873698,
        -0.710364502791766,
        1.0,
        -0.6864039634260402,
        -0.7534625865695523,
        -0.7446405013893647,
        -0.7543856344433171,
        -0.7060956483777767
      ],
      [
        -0.5792286019073808,
        -0.6829649730083371,
        -0.4309119536973287,
        -0.7084821658129237,
        -0.465943143427626,
        -0.7081076172408813,
        -0.6915938345987573,
        -0.6902550136550821,
        -0.6861617283900707,
        -0.6944126069779275,
        -0.6623221802416417,
        -0.6864039634260402,
        1.0,
        -0.7174530494524576,
        -0.7195301594529064,
        -0.729499585505472,
        -0.6939548877880106
      ],
      [
        -0.678733661607748,
        -0.7322464851370643,
        -0.6808839334492167,
        -0.7391451777180343,
        -0.7101373684055596,
        -0.7073787905549029,
        -0.7239369778042616,
        -0.719134982673087,
        -0.7425629518010708,
        -0.7409057508162027,
        -0.713308435622277,
        -0.7534625865695523,
        -0.7174530494524576,
        1.0,
        -0.45420788025521663,
        -0.740049469438282,
        -0.687444986673036
      ],
      [
        -0.6928389448213514,
        -0.738645037422073,
        -0.6961677406995415,
        -0.74218596087778,
        -0.704274733610503,
        -0.7215051394865952,
        -0.7231925189671655,
        -0.7269964071995456,
        -0.7052897689674924,
        -0.7397841695192262,
        -0.7107919127530402,
        -0.7446405013893647,
        -0.7195301594529064,
        -0.45420788025521663,
        1.0,
        -0.7344665710497968,
        -0.7042115644621245
      ],
      [
        -0.7152772610467486,
        -0.7471854677322525,
        -0.6646981680414743,
        -0.7583485946111486,
        -0.7024563637477617,
        -0.6603333112633512,
        -0.7424536422595638,
        -0.742258322699763,
        -0.7230081753005475,
        -0.7471621941617446,
        -0.6697535671804968,
        -0.7543856344433171,
        -0.729499585505472,
        -0.740049469438282,
        -0.7344665710497968,
        1.0,
        -0.687184731375067
      ],
      [
        -0.3619678126018081,
        -0.5866530929667777,
        -0.6658778566380985,
        -0.6931856180714644,
        -0.6525793502745305,
        -0.4995179160885964,
        -0.667565775509989,
        -0.6828231324076285,
        -0.7056782145672612,
        -0.7153569418517258,
        -0.590080852232594,
        -0.7060956483777767,
        -0.6939548877880106,
        -0.687444986673036,
        -0.7042115644621245,
        -0.687184731375067,
        1.0
      ]
    ],
    "series": {
      "2020-01": [
        83,
        3,
        20,
        3,
        18,
        13,
        15,
        10,
        7,
        28,
        18,
        4,
        22,
        6,
        10,
        10,
        13
      ],
      "2020-02": [
        105,
        4,
        11,
        5,
        20,
        11,
        19,
        6,
        13,
        31,
        22,
        4,
        20,
        2,
        11,
        15,
        14
      ],
      "2020-03": [
        120,
        5,
        19,
        6,
        27,
        23,
        26,
        12,
        13,
        29,
        15,
        4,
        26,
        9,
        14,
        19,
        17
      ],
      "2020-04": [
        117,
        3,
        22,
        9,
        27,
        19,
        19,
        7,
        12,
        31,
        19,
        3,
        17,
        10,
        12,
        10,
        19
      ],
      "2020-05": [
        114,
        7,
        17,
        8,
        22,
        14,
        16,
        10,
        18,
        37,
        11,
        1,
        25,
        10,
        8,
        13,
        17
      ],
      "2020-06": [
        116,
        5,
        22,
        10,
        38,
        23,
        19,
        13,
        12,
        37,
        20,
        3,
        11,
        10,
        11,
        17,
        18
      ],
      "2020-07": [
        124,
        6,
        27,
        10,
        24,
        16,
        21,
        12,
        15,
        32,
        13,
        2,
        29,
        13,
        11,
        18,
        11
      ],
      "2020-08": [
        117,
        5,
        14,
        5,
        20,
        24,
        20,
        11,
        21,
        32,
        14,
        2,
        19,
        7,
        13,
        19,
        17
      ],
      "2020-09": [
        113,
        7,
        15,
        10,
        25,
        27,
        18,
        10,
        17,
        30,
        11,
        2,
        12,
        8,
        12,
        9,
        14
      ],
      "2020-10": [
        117,
        7,
        17,
        9,
        27,
        25,
        17,
        9,
        21,
        29,
        16,
        3,
        18,
        15,
        16,
        12,
        15
      ],
      "2020-11": [
        129,
        8,
        30,
        2,
        21,
        27,
        18,
        10,
        18,
        18,
        15,
        0,
        21,
        15,
        6,
        15,
        11
      ],
      "2020-12": [
        129,
        6,
        21,
        5,
        30,
        31,
        14,
        7,
        18,
        23,
        16,
        4,
        28,
        10,
        15,
        23,
        25
      ],
      "2021-01": [
        85,
        5,
        25,
        8,
        19,
        18,
        23,
        12,
        11,
        21,
        16,
        0,
        19,
        8,
        10,
        10,
        23
      ],
      "2021-02": [
        89,
        8,
        16,
        10,
        28,
        26,
        19,
        11,
        8,
        21,
        10,
        0,
        22,
        8,
        9,
        16,
        13
      ],
      "2021-03": [
        124,
        6,
        19,
        3,
        25,
        20,
        25,
        9,
        17,
        45,
        16,
        3,
        12,
        8,
        10,
        11,
        28
      ],
      "2021-04": [
        125,
        3,
        22,
        6,
        23,
        28,
        26,
        8,
        11,
        33,
        18,
        3,
        19,
        8,
        11,
        9,
        13
      ],
      "2021-05": [
        91,
        7,
        18,
        10,
        26,
        29,
        14,
        8,
        14,
        28,
        10,
        3,
        17,
        10,
        12,
        14,
        15
      ],
      "2021-06": [
        107,
        6,
        20,
        5,
        22,
        15,
        21,
        5,
        25,
        24,
        13,
        2,
        27,
        16,
        14,
        9,
        17
      ],
      "2021-07": [
        116,
        4,
        20,
        14,
        20,
        25,
        21,
        6,
        14,
        32,
        14,
        1,
        18,
        13,
        16,
        20,
        22
      ],
      "2021-08": [
        117,
        7,
        19,
        12,
        27,
        19,
        14,
        8,
        15,
        24,
        21,
        4,
        16,
        5,
        9,
        14,
        21
      ],
      "2021-09": [
        113,
        4,
        11,
        5,
        29,
        15,
        32,
        11,
        17,
        36,
        14,
        1,
        9,
        19,
        9,
        16,
        13
      ],
      "2021-10": [
        101,
        5,
        17,
        3,
        16,
        21,
        19,
        13,
        15,
        18,
        14,
        6,
        12,
        11,
        9,
        15,
        6
      ],
      "2021-11": [
        116,
        6,
        23,
        6,
        19,
        27,
        17,
        12,
        13,
        28,
        9,
        1,
        19,
        11,
        7,
        16,
        22
      ],
      "2021-12": [
        124,
        6,
        21,
        13,
        25,
        23,
        18,
        6,
        20,
        41,
        14,
        3,
        23,
        15,
        12,
        17,
        30
      ],
      "2022-01": [
        99,
        7,
        12,
        4,
        21,
        17,
        16,
        9,
        18,
        37,
        18,
        3,
        15,
        9,
        11,
        12,
        15
      ],
      "2022-02": [
        108,
        3,
        22,
        3,
        25,
        22,
        12,
        4,
        13,
        36,
        16,
        2,
        16,
        12,
        7,
        11,
        16
      ],
      "2022-03": [
        117,
        10,
        24,
        10,
        25,
        15,
        20,
        14,
        15,
        20,
        19,
        6,
        27,
        8,
        15,
        18,
        17
      ],
      "2022-04": [
        92,
        5,
        18,
        6,
        19,
        29,
        25,
        8,
        9,
        27,
        21,
        4,
        16,
        5,
        7,
        11,
        19
      ],
      "2022-05": [
        105,
        4,
        15,
        5,
        22,
        25,
        18,
        8,
        12,
        35,
        13,
        3,
        18,
        12,
        9,
        10,
        9
      ],
      "2022-06": [
        105,
        10,
        19,
        15,
        28,
        13,
        29,
        4,
        19,
        31,
        16,
        2,
        20,
        10,
        13,
        14,
        12
      ],
      "2022-07": [
        110,
        2,
        12,
        9,
        27,
        14,
        24,
        7,
        14,
        25,
        15,
        3,
        25,
        9,
        6,
        15,
        13
      ],
      "2022-08": [
        100,
        9,
        20,
        8,
        27,
        21,
        24,
        11,
        12,
        21,
        21,
        0,
        21,
        11,
        7,
        13,
        15
      ],
      "2022-09": [
        103,
        3,
        20,
        10,
        23,
        43,
        23,
        7,
        13,
        25,
        21,
        0,
        20,
        7,
        7,
        12,
        13
      ],
      "2022-10": [
        98,
        12,
        17,
        8,
        27,
        33,
        21,
        13,
        19,
        29,
        16,
        4,
        23,
        14,
        14,
        12,
        17
      ],
      "2022-11": [
        118,
        9,
        30,
        12,
        26,
        28,
        19,
        17,
        13,
        37,
        6,
        4,
        20,
        12,
        9,
        14,
        17
      ],
      "2022-12": [
        137,
        3,
        20,
        14,
        29,
        29,
        21,
        15,
        14,
        40,
        18,
        1,
        20,
        10,
        16,
        17,
        25
      ],
      "2023-01": [
        109,
        8,
        15,
        12,
        9,
        20,
        26,
        12,
        16,
        21,
        6,
        2,
        20,
        9,
        8,
        10,
        17
      ],
      "2023-02": [
        111,
        6,
        20,
        9,
        17,
        22,
        22,
        13,
        12,
        25,
        10,
        1,
        14,
        2,
        12,
        8,
        17
      ],
      "2023-03": [
        143,
        10,
        29,
        8,
        19,
        24,
        23,
        9,
        12,
        34,
        16,
        1,
        17,
        5,
        11,
        13,
        22
      ],
      "2023-04": [
        113,
        9,
        16,
        7,
        23,
        24,
        21,
        14,
        10,
        37,
        22,
        1,
        25,
        10,
        8,
        12,
        16
      ],
      "2023-05": [
        121,
        7,
        22,
        6,
        28,
        28,
        16,
        13,
        14,
        48,
        13,
        1,
        20,
        12,
        9,
        8,
        21
      ],
      "2023-06": [
        126,
        8,
        23,
        2,
        29,
        27,
        12,
        7,
        14,
        21,
        17,
        2,
        16,
        22,
        13,
        24,
        23
      ],
      "2023-07": [
        129,
        8,
        27,
        12,
        25,
        18,
        30,
        13,
        17,
        35,
        12,
        2,
        23,
        13,
        9,
        10,
        18
      ],
      "2023-08": [
        128,
        8,
        19,
        8,
        20,
        20,
        13,
        8,
        16,
        30,
        19,
        3,
        17,
        9,
        13,
        13,
        17
      ],
      "2023-09": [
        128,
        6,
        21,
        10,
        23,
        25,
        22,
        13,
        19,
        32,
        19,
        1,
        18,
        12,
        16,
        9,
        22
      ],
      "2023-10": [
        144,
        10,
        29,
        12,
        21,
        18,
        27,
        6,
        14,
        39,
        23,
        1,
        25,
        12,
        15,
        12,
        20
      ],
      "2023-11": [
        131,
        7,
        23,
        11,
        23,
        22,
        18,
        11,
        10,
        21,
        13,
        4,
        23,
        10,
        12,
        10,
        21
      ],
      "2023-12": [
        167,
        5,
        24,
        12,
        19,
        38,
        23,
        12,
        19,
        28,
        18,
        0,
        25,
        13,
        16,
        18,
        35
      ],
      "2024-01": [
        112,
        6,
        24,
        9,
        22,
        30,
        24,
        7,
        9,
        28,
        14,
        6,
        20,
        14,
        9,
        15,
        25
      ],
      "2024-02": [
        133,
        11,
        21,
        11,
        32,
        21,
        14,
        11,
        13,
        31,
        15,
        6,
        12,
        7,
        10,
        14,
        24
      ],
      "2024-03": [
        134,
        9,
        22,
        7,
        29,
        33,
        21,
        11,
        15,
        23,
        19,
        4,
        19,
        18,
        15,
        10,
        22
      ],
      "2024-04": [
        122,
        6,
        16,
        10,
        16,
        26,
        18,
        13,
        8,
        40,
        14,
        3,
        14,
        12,
        8,
        12,
        26
      ],
      "2024-05": [
        125,
        8,
        25,
        12,
        31,
        19,
        17,
        13,
        12,
        40,
        23,
        3,
        20,
        20,
        10,
        10,
        25
      ],
      "2024-06": [
        131,
        7,
        12,
        5,
        22,
        21,
        19,
        15,
        6,
        29,
        22,
        3,
        13,
        13,
        13,
        18,
        18
      ],
      "2024-07": [
        131,
        9,
        27,
        15,
        25,
        26,
        25,
        15,
        17,
        32,
        22,
        4,
        18,
        10,
        20,
        12,
        25
      ],
      "2024-08": [
        126,
        8,
        20,
        10,
        21,
        31,
        21,
        10,
        11,
        26,
        17,
        7,
        25,
        12,
        14,
        16,
        23
      ],
      "2024-09": [
        131,
        12,
        22,
        7,
        31,
        31,
        25,
        7,
        18,
        41,
        25,
        1,
        24,
        11,
        8,
        18,
        23
      ],
      "2024-10": [
        157,
        10,
        21,
        11,
        24,
        30,
        28,
        16,
        21,
        37,
        20,
        2,
        21,
        22,
        17,
        14,
        24
      ],
      "2024-11": [
        137,
        5,
        22,
        10,
        22,
        45,
        22,
        8,
        20,
        34,
        21,
        4,
        24,
        16,
        10,
        14,
        26
      ],
      "2024-12": [
        170,
        9,
        25,
        8,
        28,
        45,
        34,
        11,
        14,
        29,
        17,
        2,
        11,
        22,
        19,
        22,
        24
      ],
      "2025-01": [
        122,
        6,
        16,
        11,
        19,
        33,
        16,
        10,
        16,
        36,
        13,
        0,
        27,
        10,
        9,
        9,
        17
      ],
      "2025-02": [
        118,
        9,
        27,
        17,
        16,
        26,
        18,
        8,
        16,
        33,
        7,
        0,
        12,
        12,
        8,
        9,
        21
      ],
      "2025-03": [
        112,
        10,
        24,
        11,
        26,
        14,
        29,
        13,
        24,
        33,
        24,
        3,
        17,
        13,
        15,
        13,
        26
      ],
      "2025-04": [
        140,
        9,
        11,
        10,
        21,
        24,
        28,
        12,
        12,
        27,
        18,
        2,
        18,
        18,
        12,
        6,
        21
      ],
      "2025-05": [
        126,
        10,
        22,
        9,
        29,
        29,
        27,
        11,
        17,
        35,
        21,
        3,
        21,
        9,
        18,
        17,
        22
      ],
      "2025-06": [
        147,
        11,
        17,
        8,
        19,
        27,
        32,
        7,
        12,
        32,
        18,
        2,
        20,
        21,
        14,
        15,
        25
      ],
      "2025-07": [
        161,
        8,
        27,
        11,
        26,
        23,
        18,
        14,
        17,
        39,
        26,
        4,
        20,
        17,
        16,
        15,
        18
      ],
      "2025-08": [
        121,
        9,
        25,
        11,
        21,
        28,
        20,
        9,
        23,
        28,
        20,
        3,
        11,
        19,
        16,
        15,
        26
      ],
      "2025-09": [
        78,
        3,
        15,
        5,
