{
  "topics": {
    "data": {
      "0": {
        "name": "0_learning_FL_Federated_data",
        "keywords": [
          [
            "learning",
            0.026684755767024726
          ],
          [
            "FL",
            0.026347195424449073
          ],
          [
            "Federated",
            0.02184942545277005
          ],
          [
            "data",
            0.02161478428777967
          ],
          [
            "model",
            0.02073766691030648
          ],
          [
            "Learning",
            0.01819011127709714
          ],
          [
            "training",
            0.01736623654987861
          ],
          [
            "federated",
            0.016150968607434143
          ],
          [
            "clients",
            0.015862064567013952
          ],
          [
            "communication",
            0.015587683789806694
          ]
        ],
        "count": 2919
      },
      "1": {
        "name": "1_blockchain_consensus_protocol_protocols",
        "keywords": [
          [
            "blockchain",
            0.030510013462267307
          ],
          [
            "consensus",
            0.02210825455905496
          ],
          [
            "protocol",
            0.017600937203726914
          ],
          [
            "protocols",
            0.015980387323805804
          ],
          [
            "Byzantine",
            0.014471619100613727
          ],
          [
            "systems",
            0.013441037665851023
          ],
          [
            "Blockchain",
            0.013350725395727911
          ],
          [
            "In",
            0.012510637887217388
          ],
          [
            "transactions",
            0.012189546905224505
          ],
          [
            "network",
            0.011448111080009968
          ]
        ],
        "count": 1937
      },
      "2": {
        "name": "2_training_inference_models_model",
        "keywords": [
          [
            "training",
            0.02053347506769602
          ],
          [
            "inference",
            0.019322481087760877
          ],
          [
            "models",
            0.017545066928547803
          ],
          [
            "model",
            0.01459192493221712
          ],
          [
            "LLM",
            0.014351008131942282
          ],
          [
            "GPU",
            0.014342776136640907
          ],
          [
            "memory",
            0.013247511163321962
          ],
          [
            "DNN",
            0.01109072086343347
          ],
          [
            "performance",
            0.011031672574859064
          ],
          [
            "large",
            0.010294157999758687
          ]
        ],
        "count": 1889
      },
      "3": {
        "name": "3_cloud_resource_computing_Cloud",
        "keywords": [
          [
            "cloud",
            0.030818969448936494
          ],
          [
            "resource",
            0.016559491346797944
          ],
          [
            "computing",
            0.01575273918098106
          ],
          [
            "Cloud",
            0.01543581639539256
          ],
          [
            "serverless",
            0.014384234665099232
          ],
          [
            "applications",
            0.013337036786468474
          ],
          [
            "performance",
            0.012752244735232288
          ],
          [
            "service",
            0.012584091387715383
          ],
          [
            "carbon",
            0.012431579454921704
          ],
          [
            "energy",
            0.011323005504174442
          ]
        ],
        "count": 933
      },
      "4": {
        "name": "4_HPC_performance_applications_MPI",
        "keywords": [
          [
            "HPC",
            0.02527330446792558
          ],
          [
            "performance",
            0.02118827414871761
          ],
          [
            "applications",
            0.015626761083708925
          ],
          [
            "MPI",
            0.014780970586537033
          ],
          [
            "data",
            0.012812417721531192
          ],
          [
            "systems",
            0.012145674821177376
          ],
          [
            "programming",
            0.01081860554543785
          ],
          [
            "GPU",
            0.010422456271840266
          ],
          [
            "scientific",
            0.010340931003680767
          ],
          [
            "computing",
            0.010334209511182232
          ]
        ],
        "count": 926
      },
      "5": {
        "name": "5_edge_computing_IoT_network",
        "keywords": [
          [
            "edge",
            0.020869138566216788
          ],
          [
            "computing",
            0.019273124210862348
          ],
          [
            "IoT",
            0.019229339377165654
          ],
          [
            "network",
            0.013852839561768629
          ],
          [
            "applications",
            0.013423771454730716
          ],
          [
            "data",
            0.013128804519387752
          ],
          [
            "Edge",
            0.012609041377824322
          ],
          [
            "cloud",
            0.012000858594436732
          ],
          [
            "time",
            0.011631118147799746
          ],
          [
            "fog",
            0.011447305561422604
          ]
        ],
        "count": 820
      },
      "6": {
        "name": "6_data_memory_storage_performance",
        "keywords": [
          [
            "data",
            0.035289462959758267
          ],
          [
            "memory",
            0.027040482753909273
          ],
          [
            "storage",
            0.01680040821738816
          ],
          [
            "performance",
            0.016176292567902418
          ],
          [
            "systems",
            0.012946741881232765
          ],
          [
            "Data",
            0.012780209156466127
          ],
          [
            "processing",
            0.012526862295176454
          ],
          [
            "applications",
            0.00950709049671682
          ],
          [
            "high",
            0.009333555118071855
          ],
          [
            "paper",
            0.009142576124822895
          ]
        ],
        "count": 680
      },
      "7": {
        "name": "7_algorithm_rounds_graph_round",
        "keywords": [
          [
            "algorithm",
            0.034146966434897306
          ],
          [
            "rounds",
            0.02890716599790385
          ],
          [
            "graph",
            0.02703236080939008
          ],
          [
            "round",
            0.02634707744897965
          ],
          [
            "algorithms",
            0.02603806149901486
          ],
          [
            "complexity",
            0.024756737512452096
          ],
          [
            "graphs",
            0.02340606892656185
          ],
          [
            "distributed",
            0.022881104903418294
          ],
          [
            "problem",
            0.02271079780407259
          ],
          [
            "problems",
            0.020894429520320966
          ]
        ],
        "count": 376
      },
      "8": {
        "name": "8_GPU_performance_simulations_solver",
        "keywords": [
          [
            "GPU",
            0.02383501204305222
          ],
          [
            "performance",
            0.021736770692036632
          ],
          [
            "simulations",
            0.018406199627049157
          ],
          [
            "solver",
            0.017107554016778843
          ],
          [
            "code",
            0.016936764699091663
          ],
          [
            "GPUs",
            0.016406405841179892
          ],
          [
            "parallel",
            0.01586323348291804
          ],
          [
            "method",
            0.012785555325975117
          ],
          [
            "computational",
            0.012604062564359593
          ],
          [
            "high",
            0.011707921070144765
          ]
        ],
        "count": 303
      },
      "9": {
        "name": "9_graph_graphs_algorithms_algorithm",
        "keywords": [
          [
            "graph",
            0.05314708991727893
          ],
          [
            "graphs",
            0.03198560426638529
          ],
          [
            "algorithms",
            0.024857179380738496
          ],
          [
            "algorithm",
            0.022517221736905794
          ],
          [
            "parallel",
            0.021695960483548604
          ],
          [
            "Graph",
            0.01568369130741892
          ],
          [
            "memory",
            0.013887992201148228
          ],
          [
            "vertices",
            0.01352384772221663
          ],
          [
            "processing",
            0.012928061202442899
          ],
          [
            "partitioning",
            0.012064226196023998
          ]
        ],
        "count": 267
      },
      "10": {
        "name": "10_robots_algorithm_problem_agents",
        "keywords": [
          [
            "robots",
            0.07581027926403826
          ],
          [
            "algorithm",
            0.03252632566024684
          ],
          [
            "problem",
            0.03130341878079128
          ],
          [
            "agents",
            0.02959518352093593
          ],
          [
            "time",
            0.024818382805838247
          ],
          [
            "robot",
            0.0247615266182572
          ],
          [
            "nodes",
            0.024598482303301823
          ],
          [
            "node",
            0.02400800624131017
          ],
          [
            "graph",
            0.021562287164589956
          ],
          [
            "agent",
            0.017693417569481024
          ]
        ],
        "count": 229
      },
      "11": {
        "name": "11_quantum_Quantum_quantum computing_computing",
        "keywords": [
          [
            "quantum",
            0.14001293247511898
          ],
          [
            "Quantum",
            0.04896854611461885
          ],
          [
            "quantum computing",
            0.02707452512706997
          ],
          [
            "computing",
            0.02639952548613726
          ],
          [
            "classical",
            0.026062322776187776
          ],
          [
            "circuit",
            0.01887682761206519
          ],
          [
            "circuits",
            0.01834179175032626
          ],
          [
            "computers",
            0.016130938787778878
          ],
          [
            "qubits",
            0.015542130111615626
          ],
          [
            "quantum computers",
            0.014205564701559205
          ]
        ],
        "count": 227
      },
      "12": {
        "name": "12_matrix_sparse_matrices_tensor",
        "keywords": [
          [
            "matrix",
            0.03825404151802329
          ],
          [
            "sparse",
            0.026156294835255944
          ],
          [
            "matrices",
            0.02274815664274491
          ],
          [
            "tensor",
            0.022722137064923504
          ],
          [
            "SpMV",
            0.020135429230142908
          ],
          [
            "memory",
            0.019995973580320923
          ],
          [
            "Sparse",
            0.019069355913717344
          ],
          [
            "performance",
            0.01814053855301972
          ],
          [
            "Tensor",
            0.016645275790993803
          ],
          [
            "multiplication",
            0.01635201360995144
          ]
        ],
        "count": 226
      },
      "13": {
        "name": "13_GNN_graph_training_Graph",
        "keywords": [
          [
            "GNN",
            0.06267284408775245
          ],
          [
            "graph",
            0.04405195698244153
          ],
          [
            "training",
            0.03372382410870809
          ],
          [
            "Graph",
            0.03313431696408203
          ],
          [
            "GNNs",
            0.030601713498169585
          ],
          [
            "graphs",
            0.02536774103038625
          ],
          [
            "GPU",
            0.0194593147871554
          ],
          [
            "Neural",
            0.016981516942828834
          ],
          [
            "sampling",
            0.013323489277325387
          ],
          [
            "data",
            0.012830956397856171
          ]
        ],
        "count": 176
      }
    },
    "correlations": [
      [
        1.0,
        -0.7054406483605904,
        -0.6297071777352887,
        -0.7237594555672728,
        -0.6967691372038191,
        -0.6830153781456547,
        -0.507809453855755,
        -0.6975586009056969,
        -0.6960573781582516,
        -0.7036830131598419,
        -0.7017873812774506,
        -0.7592322172887849,
        -0.7401016768367747,
        -0.6692880990125376
      ],
      [
        -0.7054406483605904,
        1.0,
        -0.736557386657188,
        -0.7387794197678506,
        -0.7093227223490984,
        -0.7308993659199229,
        -0.6950961452087081,
        -0.6846993241508648,
        -0.7022087158972654,
        -0.7131920587652008,
        -0.7011827264160991,
        -0.7579041654057121,
        -0.7517329561354975,
        -0.7450767436734944
      ],
      [
        -0.6297071777352887,
        -0.736557386657188,
        1.0,
        -0.7249382675785507,
        -0.714103863565686,
        -0.7172981426425051,
        -0.7026590145310391,
        -0.746532902461666,
        -0.7009202906809828,
        -0.7314432188011805,
        -0.7439168509808531,
        -0.7622732562734713,
        -0.7312774052046214,
        -0.5991190976593317
      ],
      [
        -0.7237594555672728,
        -0.7387794197678506,
        -0.7249382675785507,
        1.0,
        -0.6956295373828644,
        -0.5138414582805452,
        -0.7027156045713063,
        -0.7453181598987735,
        -0.7198125418663579,
        -0.738612177782408,
        -0.7347832404946484,
        -0.7539625701003514,
        -0.7540914257814968,
        -0.7484709799233092
      ],
      [
        -0.6967691372038191,
        -0.7093227223490984,
        -0.714103863565686,
        -0.6956295373828644,
        1.0,
        -0.7167017455327551,
        -0.48062939299484764,
        -0.7265823502524035,
        -0.3259182365718285,
        -0.7047562022992322,
        -0.7257567560192786,
        -0.7459245686220146,
        -0.7202252426300467,
        -0.7356594700521366
      ],
      [
        -0.6830153781456547,
        -0.7308993659199229,
        -0.7172981426425051,
        -0.5138414582805452,
        -0.7167017455327551,
        1.0,
        -0.6956565975239892,
        -0.7348784992734032,
        -0.7266726227688387,
        -0.7298361087820987,
        -0.721961029035149,
        -0.7591172622788467,
        -0.754233749626384,
        -0.7446860532434625
      ],
      [
        -0.507809453855755,
        -0.6950961452087081,
        -0.7026590145310391,
        -0.7027156045713063,
        -0.48062939299484764,
        -0.6956565975239892,
        1.0,
        -0.708918871872464,
        -0.4543461846256823,
        -0.6901964927477444,
        -0.7175622971061636,
        -0.7512828315436076,
        -0.6338177239267393,
        -0.7252121642452793
      ],
      [
        -0.6975586009056969,
        -0.6846993241508648,
        -0.746532902461666,
        -0.7453181598987735,
        -0.7265823502524035,
        -0.7348784992734032,
        -0.708918871872464,
        1.0,
        -0.7189508018141767,
        -0.2888289216686219,
        -0.4618528938356057,
        -0.7492221550315448,
        -0.7239264388828768,
        -0.6687468519537725
      ],
      [
        -0.6960573781582516,
        -0.7022087158972654,
        -0.7009202906809828,
        -0.7198125418663579,
        -0.3259182365718285,
        -0.7266726227688387,
        -0.4543461846256823,
        -0.7189508018141767,
        1.0,
        -0.6909839916604066,
        -0.7142538087373917,
        -0.7513028330439462,
        -0.7084114217741313,
        -0.7288898767933023
      ],
      [
        -0.7036830131598419,
        -0.7131920587652008,
        -0.7314432188011805,
        -0.738612177782408,
        -0.7047562022992322,
        -0.7298361087820987,
        -0.6901964927477444,
        -0.2888289216686219,
        -0.6909839916604066,
        1.0,
        -0.5246602798571783,
        -0.7530591979834065,
        -0.7023415113658156,
        -0.38854775041084
      ],
      [
        -0.7017873812774506,
        -0.7011827264160991,
        -0.7439168509808531,
        -0.7347832404946484,
        -0.7257567560192786,
        -0.721961029035149,
        -0.7175622971061636,
        -0.4618528938356057,
        -0.7142538087373917,
        -0.5246602798571783,
        1.0,
        -0.7583221804501581,
        -0.7295744489093103,
        -0.7244804681342873
      ],
      [
        -0.7592322172887849,
        -0.7579041654057121,
        -0.7622732562734713,
        -0.7539625701003514,
        -0.7459245686220146,
        -0.7591172622788467,
        -0.7512828315436076,
        -0.7492221550315448,
        -0.7513028330439462,
        -0.7530591979834065,
        -0.7583221804501581,
        1.0,
        -0.7470891227840115,
        -0.7591988931345113
      ],
      [
        -0.7401016768367747,
        -0.7517329561354975,
        -0.7312774052046214,
        -0.7540914257814968,
        -0.7202252426300467,
        -0.754233749626384,
        -0.6338177239267393,
        -0.7239264388828768,
        -0.7084114217741313,
        -0.7023415113658156,
        -0.7295744489093103,
        -0.7470891227840115,
        1.0,
        -0.7288254289685359
      ],
      [
        -0.6692880990125376,
        -0.7450767436734944,
        -0.5991190976593317,
        -0.7484709799233092,
        -0.7356594700521366,
        -0.7446860532434625,
        -0.7252121642452793,
        -0.6687468519537725,
        -0.7288898767933023,
        -0.38854775041084,
        -0.7244804681342873,
        -0.7591988931345113,
        -0.7288254289685359,
        1.0
      ]
    ],
    "series": {
      "2020-01": [
        47,
        25,
        4,
        11,
        13,
        10,
        17,
        13,
        3,
        13,
        4,
        2,
        5,
        1
      ],
      "2020-02": [
        74,
        24,
        5,
        2,
        21,
        9,
        16,
        18,
        8,
        20,
        4,
        2,
        14,
        2
      ],
      "2020-03": [
        56,
        20,
        0,
        11,
        14,
        7,
        25,
        21,
        5,
        14,
        9,
        2,
        5,
        0
      ],
      "2020-04": [
        50,
        30,
        3,
        16,
        18,
        18,
        21,
        12,
        5,
        11,
        10,
        2,
        3,
        0
      ],
      "2020-05": [
        51,
        23,
        3,
        11,
        15,
        12,
        18,
        17,
        8,
        14,
        8,
        0,
        4,
        4
      ],
      "2020-06": [
        68,
        26,
        7,
        13,
        19,
        10,
        19,
        13,
        5,
        14,
        3,
        1,
        8,
        3
      ],
      "2020-07": [
        68,
        25,
        9,
        7,
        20,
        9,
        19,
        15,
        3,
        11,
        12,
        1,
        5,
        5
      ],
      "2020-08": [
        62,
        15,
        5,
        14,
        19,
        8,
        16,
        15,
        4,
        17,
        9,
        3,
        6,
        3
      ],
      "2020-09": [
        46,
        18,
        3,
        5,
        14,
        10,
        17,
        13,
        8,
        19,
        13,
        3,
        7,
        1
      ],
      "2020-10": [
        87,
        33,
        5,
        6,
        30,
        13,
        15,
        12,
        7,
        24,
        9,
        1,
        9,
        6
      ],
      "2020-11": [
        67,
        17,
        5,
        9,
        12,
        6,
        13,
        13,
        6,
        14,
        9,
        2,
        4,
        3
      ],
      "2020-12": [
        61,
        14,
        6,
        9,
        21,
        16,
        16,
        12,
        3,
        19,
        8,
        2,
        5,
        1
      ],
      "2021-01": [
        53,
        24,
        2,
        14,
        14,
        13,
        7,
        5,
        3,
        7,
        6,
        1,
        2,
        1
      ],
      "2021-02": [
        88,
        16,
        5,
        10,
        15,
        10,
        15,
        25,
        2,
        17,
        9,
        2,
        3,
        2
      ],
      "2021-03": [
        66,
        20,
        4,
        7,
        23,
        9,
        13,
        11,
        4,
        17,
        5,
        1,
        4,
        3
      ],
      "2021-04": [
        82,
        22,
        5,
        10,
        17,
        16,
        11,
        7,
        5,
        13,
        10,
        1,
        6,
        5
      ],
      "2021-05": [
        70,
        20,
        9,
        12,
        18,
        14,
        20,
        24,
        5,
        15,
        9,
        1,
        6,
        4
      ],
      "2021-06": [
        86,
        15,
        5,
        10,
        17,
        8,
        16,
        19,
        2,
        14,
        6,
        6,
        6,
        3
      ],
      "2021-07": [
        74,
        25,
        3,
        7,
        19,
        13,
        13,
        3,
        4,
        11,
        5,
        4,
        9,
        1
      ],
      "2021-08": [
        79,
        17,
        3,
        12,
        14,
        11,
        17,
        16,
        6,
        14,
        7,
        0,
        6,
        2
      ],
      "2021-09": [
        69,
        23,
        4,
        9,
        19,
        14,
        10,
        7,
        3,
        18,
        11,
        4,
        6,
        3
      ],
      "2021-10": [
        68,
        15,
        5,
        10,
        10,
        6,
        16,
        8,
        5,
        16,
        8,
        4,
        5,
        2
      ],
      "2021-11": [
        59,
        17,
        4,
        12,
        8,
        10,
        20,
        9,
        1,
        15,
        4,
        1,
        3,
        3
      ],
      "2021-12": [
        57,
        22,
        4,
        17,
        24,
        13,
        13,
        9,
        7,
        9,
        7,
        2,
        5,
        7
      ],
      "2022-01": [
        65,
        10,
        7,
        10,
        13,
        11,
        20,
        5,
        4,
        8,
        2,
        5,
        2,
        1
      ],
      "2022-02": [
        55,
        20,
        4,
        12,
        5,
        4,
        11,
        17,
        2,
        16,
        6,
        2,
        8,
        4
      ],
      "2022-03": [
        52,
        25,
        2,
        13,
        22,
        12,
        17,
        6,
        3,
        13,
        9,
        3,
        10,
        1
      ],
      "2022-04": [
        75,
        13,
        3,
        9,
        12,
        12,
        9,
        12,
        3,
        11,
        4,
        0,
        8,
        4
      ],
      "2022-05": [
        86,
        24,
        5,
        14,
        15,
        9,
        20,
        12,
        4,
        18,
        9,
        6,
        8,
        5
      ],
      "2022-06": [
        73,
        22,
        7,
        13,
        16,
        5,
        21,
        6,
        4,
        6,
        9,
        2,
        9,
        1
      ],
      "2022-07": [
        76,
        18,
        5,
        8,
        13,
        9,
        7,
        6,
        2,
        11,
        10,
        5,
        10,
        5
      ],
      "2022-08": [
        69,
        26,
        5,
        7,
        11,
        14,
        13,
        12,
        7,
        21,
        5,
        4,
        4,
        1
      ],
      "2022-09": [
        48,
        16,
        7,
        4,
        21,
        6,
        11,
        4,
        2,
        14,
        7,
        8,
        8,
        5
      ],
      "2022-10": [
        66,
        17,
        7,
        13,
        14,
        13,
        14,
        11,
        0,
        10,
        14,
        6,
        5,
        1
      ],
      "2022-11": [
        78,
        10,
        4,
        12,
        20,
        11,
        12,
        17,
        7,
        12,
        9,
        4,
        4,
        10
      ],
      "2022-12": [
        57,
        14,
        4,
        6,
        13,
        8,
        15,
        4,
        10,
        10,
        5,
        2,
        3,
        1
      ],
      "2023-01": [
        54,
        18,
        3,
        9,
        15,
        6,
        20,
        15,
        2,
        14,
        9,
        2,
        5,
        3
      ],
      "2023-02": [
        55,
        20,
        2,
        7,
        12,
        11,
        7,
        12,
        1,
        18,
        8,
        1,
        8,
        4
      ],
      "2023-03": [
        80,
        17,
        5,
        10,
        20,
        11,
        9,
        14,
        5,
        12,
        8,
        5,
        7,
        9
      ],
      "2023-04": [
        60,
        13,
        7,
        9,
        21,
        10,
        15,
        9,
        6,
        14,
        8,
        2,
        4,
        4
      ],
      "2023-05": [
        100,
        37,
        6,
        12,
        20,
        10,
        17,
        23,
        4,
        20,
        7,
        3,
        2,
        10
      ],
      "2023-06": [
        102,
        11,
        6,
        7,
        20,
        9,
        13,
        6,
        7,
        19,
        4,
        1,
        6,
        4
      ],
      "2023-07": [
        85,
        21,
        6,
        8,
        15,
        11,
        7,
        13,
        1,
        17,
        4,
        4,
        8,
        2
      ],
      "2023-08": [
        78,
        24,
        4,
        7,
        19,
        7,
        13,
        9,
        8,
        15,
        10,
        9,
        5,
        3
      ],
      "2023-09": [
        81,
        22,
        11,
        13,
        17,
        12,
        19,
        8,
        6,
        15,
        5,
        3,
        4,
        7
      ],
      "2023-10": [
        92,
        26,
        11,
        10,
        19,
        16,
        16,
        7,
        2,
        13,
        4,
        2,
        6,
        7
      ],
      "2023-11": [
        94,
        15,
        11,
        14,
        15,
        13,
        23,
        12,
        1,
        15,
        13,
        7,
        5,
        11
      ],
      "2023-12": [
        83,
        16,
        20,
        6,
        16,
        10,
        12,
        9,
        7,
        15,
        7,
        5,
        6,
        5
      ],
      "2024-01": [
        95,
        14,
        15,
        18,
        14,
        12,
        7,
        6,
        3,
        15,
        4,
        6,
        10,
        3
      ],
      "2024-02": [
        91,
        19,
        14,
        10,
        13,
        10,
        8,
        11,
        5,
        18,
        7,
        3,
        7,
        9
      ],
      "2024-03": [
        116,
        17,
        15,
        11,
        23,
        11,
        13,
        9,
        3,
        11,
        4,
        10,
        9,
        5
      ],
      "2024-04": [
        89,
        19,
        14,
        15,
        21,
        10,
        13,
        5,
        3,
        17,
        8,
        10,
        7,
        8
      ],
      "2024-05": [
        149,
        35,
        17,
        13,
        15,
        21,
        16,
        30,
        5,
        18,
        11,
        8,
        8,
        2
      ],
      "2024-06": [
        114,
        14,
        23,
        15,
        24,
        17,
        13,
        7,
        12,
        13,
        2,
        7,
        7,
        9
      ],
      "2024-07": [
        99,
        28,
        24,
        9,
        19,
        10,
        10,
        5,
        3,
        12,
        7,
        9,
        6,
        4
      ],
      "2024-08": [
        81,
        14,
        16,
        8,
        21,
        7,
        14,
        12,
        0,
        15,
        7,
        6,
        9,
        5
      ],
      "2024-09": [
        96,
        19,
        17,
        8,
        22,
        12,
        15,
        8,
        6,
        8,
        2,
        7,
        8,
        6
      ],
      "2024-10": [
        109,
        26,
        29,
        14,
        23,
        12,
        16,
        12,
        7,
        20,
        10,
        7,
        2,
        3
      ],
      "2024-11": [
        97,
        22,
        23,
        15,
        14,
        21,
        13,
        10,
        5,
        16,
        5,
        5,
        6,
        4
      ],
      "2024-12": [
        96,
        21,
        25,
        7,
        21,
        12,
        18,
        15,
        4,
        14,
        7,
        11,
        3,
        9
      ],
      "2025-01": [
        103,
        25,
        22,
        14,
        16,
        4,
        22,
        7,
        5,
        12,
        3,
        5,
        8,
        7
      ],
      "2025-02": [
        95,
        19,
        30,
        20,
        22,
        11,
        14,
        17,
        9,
        15,
        5,
        3,
        7,
        2
      ],
      "2025-03": [
        131,
        19,
        42,
        12,
        25,
        13,
        17,
        8,
        6,
        17,
        4,
        4,
        12,
        5
      ],
      "2025-04": [
        103,
        24,
        33,
        13,
        16,
        11,
        10,
        22,
        4,
        19,
        4,
        11,
        7,
        9
      ],
      "2025-05": [
        120,
        21,
        44,
        21,
        23,
        8,
        23,
        14,
        5,
        14,
        5,
        14,
        7,
        6
      ],
      "2025-06": [
        111,
        19,
        29,
        11,
        19,
        9,
        16,
        14,
        5,
        10,
        5,
        12,
        13,
        3
      ],
      "2025-07": [
        104,
        21,
        28,
        16,
        25,
        15,
        13,
        13,
        12,
        24,
        7,
        6,
        12,
        4
      ],
      "2025-08": [
        110,
        19,
        32,
        10,
        24,
        11,
        17,
        9,
        6,
        9,
        10,
        11,
        8,
        4
      ],
      "2025-09": [
        50,
        20,
        13,
        8,
        14,
        4,
        6,
        5,
        1,
        7,
        12,
        4,
        3,
        4
      ]
    },
    "papers": {
      "0": [
        {
          "title": "Comparative assessment of federated and centralized machine learning",
          "year": "2022-02",
          "abstract": "Federated Learning (FL) is a privacy preserving machine learning scheme,\nwhere training happens with data federated across devices and not leaving them\nto sustain user privacy. This is ensured by making the untrained or partially\ntrained models to reach directly the individual devices and getting locally\ntrained \"on-device\" using the device owned data, and the server aggregating all\nthe partially trained model learnings to update a global model. Although almost\nall the model learning schemes in the federated learning setup use gradient\ndescent, there are certain characteristic differences brought about by the\nnon-IID nature of the data availability, that affects the training in\ncomparison to the centralized schemes. In this paper, we discuss the various\nfactors that affect the federated learning training, because of the non-IID\ndistributed nature of the data, as well as the inherent differences in the\nfederating learning approach as against the typical centralized gradient\ndescent techniques. We empirically demonstrate the effect of number of samples\nper device and the distribution of output labels on federated learning. In\naddition to the privacy advantage we seek through federated learning, we also\nstudy if there is a cost advantage while using federated learning frameworks.\nWe show that federated learning does have an advantage in cost when the model\nsizes to be trained are not reasonably large. All in all, we present the need\nfor careful design of model for both performance and cost.",
          "arxiv_id": "2202.01529v1"
        },
        {
          "title": "Edge Association Strategies for Synthetic Data Empowered Hierarchical Federated Learning with Non-IID Data",
          "year": "2025-06",
          "abstract": "In recent years, Federated Learning (FL) has emerged as a widely adopted\nprivacy-preserving distributed training approach, attracting significant\ninterest from both academia and industry. Research efforts have been dedicated\nto improving different aspects of FL, such as algorithm improvement, resource\nallocation, and client selection, to enable its deployment in distributed edge\nnetworks for practical applications. One of the reasons for the poor FL model\nperformance is due to the worker dropout during training as the FL server may\nbe located far away from the FL workers. To address this issue, an Hierarchical\nFederated Learning (HFL) framework has been introduced, incorporating an\nadditional layer of edge servers to relay communication between the FL server\nand workers. While the HFL framework improves the communication between the FL\nserver and workers, large number of communication rounds may still be required\nfor model convergence, particularly when FL workers have non-independent and\nidentically distributed (non-IID) data. Moreover, the FL workers are assumed to\nfully cooperate in the FL training process, which may not always be true in\npractical situations. To overcome these challenges, we propose a\nsynthetic-data-empowered HFL framework that mitigates the statistical issues\narising from non-IID local datasets while also incentivizing FL worker\nparticipation. In our proposed framework, the edge servers reward the FL\nworkers in their clusters for facilitating the FL training process. To improve\nthe performance of the FL model given the non-IID local datasets of the FL\nworkers, the edge servers generate and distribute synthetic datasets to FL\nworkers within their clusters. FL workers determine which edge server to\nassociate with, considering the computational resources required to train on\nboth their local datasets and the synthetic datasets.",
          "arxiv_id": "2506.18259v1"
        },
        {
          "title": "Latency Aware Semi-synchronous Client Selection and Model Aggregation for Wireless Federated Learning",
          "year": "2022-10",
          "abstract": "Federated learning (FL) is a collaborative machine learning framework that\nrequires different clients (e.g., Internet of Things devices) to participate in\nthe machine learning model training process by training and uploading their\nlocal models to an FL server in each global iteration. Upon receiving the local\nmodels from all the clients, the FL server generates a global model by\naggregating the received local models. This traditional FL process may suffer\nfrom the straggler problem in heterogeneous client settings, where the FL\nserver has to wait for slow clients to upload their local models in each global\niteration, thus increasing the overall training time. One of the solutions is\nto set up a deadline and only the clients that can upload their local models\nbefore the deadline would be selected in the FL process. This solution may lead\nto a slow convergence rate and global model overfitting issues due to the\nlimited client selection. In this paper, we propose the Latency awarE\nSemi-synchronous client Selection and mOdel aggregation for federated learNing\n(LESSON) method that allows all the clients to participate in the whole FL\nprocess but with different frequencies. That is, faster clients would be\nscheduled to upload their models more frequently than slow clients, thus\nresolving the straggler problem and accelerating the convergence speed, while\navoiding model overfitting. Also, LESSON is capable of adjusting the tradeoff\nbetween the model accuracy and convergence rate by varying the deadline.\nExtensive simulations have been conducted to compare the performance of LESSON\nwith the other two baseline methods, i.e., FedAvg and FedCS. The simulation\nresults demonstrate that LESSON achieves faster convergence speed than FedAvg\nand FedCS, and higher model accuracy than FedCS.",
          "arxiv_id": "2210.10311v2"
        }
      ],
      "1": [
        {
          "title": "A Location-based and Hierarchical Framework for Fast Consensus in Blockchain Networks",
          "year": "2023-05",
          "abstract": "Blockchain-based IoT systems can manage IoT devices and achieve a high level\nof data integrity, security, and provenance. However, incorporating the\nexisting consensus protocols in many IoT systems limits scalability and leads\nto high computational cost and network latency. We propose a hierar-chical and\nlocation-aware consensus protocol for IoI-blockchain applications inspired by\nthe original Raft protocol to address these limitations. The proposed consensus\nprotocol generates the consensus candidate groups based on nodes' individual\nreputation and distance information to elect the leader in each sub-layer\nblockchain and uses our threshold signature scheme to reach global consensus.\nExperimental results show that the proposed consensus protocol is scalable for\nlarge IoT applications and significantly reduces the communication cost,\nnetwork latency, and agreement time by more than 50% compared with the Raft\nprotocol for consensus processing.",
          "arxiv_id": "2305.16962v1"
        },
        {
          "title": "Cob: a consensus layer enabling sustainable sharding-based consensus protocols",
          "year": "2022-05",
