{
  "topics": {
    "data": {
      "0": {
        "name": "0_theory_theories_string_gauge",
        "keywords": [
          [
            "theory",
            0.02013010506174039
          ],
          [
            "theories",
            0.014954571127516197
          ],
          [
            "string",
            0.012956964384248516
          ],
          [
            "gauge",
            0.012725902558187176
          ],
          [
            "supergravity",
            0.011754216142355955
          ],
          [
            "dimensional",
            0.01151764134716492
          ],
          [
            "supersymmetric",
            0.011413930397081816
          ],
          [
            "algebra",
            0.011391956042658377
          ],
          [
            "non",
            0.010463250639699941
          ],
          [
            "AdS",
            0.009476061508192576
          ]
        ],
        "count": 6415
      },
      "1": {
        "name": "1_holographic_entanglement_AdS_bulk",
        "keywords": [
          [
            "holographic",
            0.030031986707865582
          ],
          [
            "entanglement",
            0.01882440406480176
          ],
          [
            "AdS",
            0.01823909693742272
          ],
          [
            "bulk",
            0.017720814840156748
          ],
          [
            "boundary",
            0.01745019991755703
          ],
          [
            "entropy",
            0.016426029660226178
          ],
          [
            "gravity",
            0.014476961070720372
          ],
          [
            "CFT",
            0.01440216314521453
          ],
          [
            "black",
            0.01290222749468977
          ],
          [
            "theory",
            0.012223709726964491
          ]
        ],
        "count": 3056
      },
      "2": {
        "name": "2_inflation_dark_primordial_matter",
        "keywords": [
          [
            "inflation",
            0.03123681802508002
          ],
          [
            "dark",
            0.025726223665961525
          ],
          [
            "primordial",
            0.018584598812740587
          ],
          [
            "matter",
            0.01700743118034654
          ],
          [
            "dark matter",
            0.016714644796885933
          ],
          [
            "model",
            0.016542417318532242
          ],
          [
            "inflationary",
            0.015865609818336672
          ],
          [
            "scalar",
            0.015215497669934254
          ],
          [
            "CMB",
            0.014096969282995577
          ],
          [
            "power",
            0.013533424523165815
          ]
        ],
        "count": 2285
      },
      "3": {
        "name": "3_black_hole_black hole_holes",
        "keywords": [
          [
            "black",
            0.0341363302746031
          ],
          [
            "hole",
            0.02426399763313599
          ],
          [
            "black hole",
            0.02385778719453038
          ],
          [
            "holes",
            0.018481791706526293
          ],
          [
            "black holes",
            0.018071941628579738
          ],
          [
            "scalar",
            0.018014210388111098
          ],
          [
            "gravity",
            0.017377755734549243
          ],
          [
            "solutions",
            0.01712212210409744
          ],
          [
            "field",
            0.01464575432451775
          ],
          [
            "Einstein",
            0.012126266550829884
          ]
        ],
        "count": 2023
      },
      "4": {
        "name": "4_loop_QCD_renormalization_order",
        "keywords": [
          [
            "loop",
            0.017313861013178094
          ],
          [
            "QCD",
            0.016986762999991106
          ],
          [
            "renormalization",
            0.015071482796300485
          ],
          [
            "order",
            0.013663103937728042
          ],
          [
            "theory",
            0.012621013426616116
          ],
          [
            "large",
            0.012145695911300283
          ],
          [
            "perturbative",
            0.01186982582429498
          ],
          [
            "gauge",
            0.010943412859360927
          ],
          [
            "functions",
            0.01062544378110437
          ],
          [
            "results",
            0.010337195369727298
          ]
        ],
        "count": 1408
      },
      "5": {
        "name": "5_topological_symmetry_lattice_phases",
        "keywords": [
          [
            "topological",
            0.03327733826157179
          ],
          [
            "symmetry",
            0.029144796356350776
          ],
          [
            "lattice",
            0.02615675725375314
          ],
          [
            "phases",
            0.02290446747293462
          ],
          [
            "quantum",
            0.018914518303430303
          ],
          [
            "phase",
            0.016816249010143045
          ],
          [
            "symmetries",
            0.015994215699119487
          ],
          [
            "model",
            0.013998932708092481
          ],
          [
            "theory",
            0.013892228453210087
          ],
          [
            "critical",
            0.013172637225508677
          ]
        ],
        "count": 1045
      },
      "6": {
        "name": "6_quantum_systems_complexity_time",
        "keywords": [
          [
            "quantum",
            0.03641198242332786
          ],
          [
            "systems",
            0.025438893832395514
          ],
          [
            "complexity",
            0.023743986059548645
          ],
          [
            "time",
            0.023020825205981043
          ],
          [
            "chaotic",
            0.018209273834264482
          ],
          [
            "dynamics",
            0.018153227284253205
          ],
          [
            "entanglement",
            0.017265812233912846
          ],
          [
            "SYK",
            0.017243212924889915
          ],
          [
            "chaos",
            0.016867906311152203
          ],
          [
            "body",
            0.01670148780796253
          ]
        ],
        "count": 1020
      },
      "7": {
        "name": "7_QCD_quark_gluon_relativistic",
        "keywords": [
          [
            "QCD",
            0.02527049816232435
          ],
          [
            "quark",
            0.020823812618412457
          ],
          [
            "gluon",
            0.015844988754592716
          ],
          [
            "relativistic",
            0.014890208327946118
          ],
          [
            "temperature",
            0.01485078473363694
          ],
          [
            "hydrodynamic",
            0.014848906824195174
          ],
          [
            "chiral",
            0.014581562266743526
          ],
          [
            "hydrodynamics",
            0.014378268815840966
          ],
          [
            "phase",
            0.01280218773859586
          ],
          [
            "collisions",
            0.01257398630808698
          ]
        ],
        "count": 926
      },
      "8": {
        "name": "8_black_black hole_hole_thermodynamic",
        "keywords": [
          [
            "black",
            0.06719393029714076
          ],
          [
            "black hole",
            0.04794071565869839
          ],
          [
            "hole",
            0.047938999055397405
          ],
          [
            "thermodynamic",
            0.03662984156038251
          ],
          [
            "black holes",
            0.03564246173476308
          ],
          [
            "holes",
            0.03552777644200236
          ],
          [
            "phase",
            0.029611201830519476
          ],
          [
            "AdS",
            0.027154800040916457
          ],
          [
            "thermodynamics",
            0.02479033622529161
          ],
          [
            "transition",
            0.019331203591124595
          ]
        ],
        "count": 640
      },
      "9": {
        "name": "9_Higgs_Model_Standard_neutrino",
        "keywords": [
          [
            "Higgs",
            0.02799347134209308
          ],
          [
            "Model",
            0.023315266837754107
          ],
          [
            "Standard",
            0.022865445251492113
          ],
          [
            "neutrino",
            0.020912369948803345
          ],
          [
            "mass",
            0.020239222544190385
          ],
          [
            "CP",
            0.019622537432114798
          ],
          [
            "flavor",
            0.019160297020747518
          ],
          [
            "symmetry",
            0.01901448552888708
          ],
          [
            "SM",
            0.01793068535303899
          ],
          [
            "gauge",
            0.01696199903464093
          ]
        ],
        "count": 624
      },
      "10": {
        "name": "10_quantum_gravity_black_hole",
        "keywords": [
          [
            "quantum",
            0.03777254602576162
          ],
          [
            "gravity",
            0.02377689354271689
          ],
          [
            "black",
            0.022227016388094625
          ],
          [
            "hole",
            0.018820980879547044
          ],
          [
            "spacetime",
            0.01789820772130682
          ],
          [
            "black hole",
            0.017632487088759613
          ],
          [
            "quantum gravity",
            0.016437956770233464
          ],
          [
            "classical",
            0.015776826965633737
          ],
          [
            "time",
            0.014602202413243219
          ],
          [
            "horizon",
            0.01438374068911856
          ]
        ],
        "count": 457
      },
      "11": {
        "name": "11_kink_solutions_field_model",
        "keywords": [
          [
            "kink",
            0.04336206242443009
          ],
          [
            "solutions",
            0.025931837822626813
          ],
          [
            "field",
            0.024126107659725164
          ],
          [
            "model",
            0.022506125939616265
          ],
          [
            "antikink",
            0.02194144426573046
          ],
          [
            "kinks",
            0.021062038550650385
          ],
          [
            "soliton",
            0.02002458505590288
          ],
          [
            "potential",
            0.019044701146519266
          ],
          [
            "solitons",
            0.017872325268528735
          ],
          [
            "scalar",
            0.014556692700543343
          ]
        ],
        "count": 380
      },
      "12": {
        "name": "12_Casimir_Casimir effect_energy_field",
        "keywords": [
          [
            "Casimir",
            0.0805704177988954
          ],
          [
            "Casimir effect",
            0.031945485866964184
          ],
          [
            "energy",
            0.029673060567165503
          ],
          [
            "field",
            0.02795019553794145
          ],
          [
            "Casimir energy",
            0.0278330849995667
          ],
          [
            "effect",
            0.02712739813667984
          ],
          [
            "vacuum",
            0.02127649189578444
          ],
          [
            "plates",
            0.021024075633008694
          ],
          [
            "boundary",
            0.016672885263867888
          ],
          [
            "Lorentz",
            0.01556352127523732
          ]
        ],
        "count": 348
      },
      "13": {
        "name": "13_space_Hamiltonian_quantum_gauge",
        "keywords": [
          [
            "space",
            0.02367421956190557
          ],
          [
            "Hamiltonian",
            0.01947130816593051
          ],
          [
            "quantum",
            0.017704718761073324
          ],
          [
            "gauge",
            0.017521745112802058
          ],
          [
            "field",
            0.017378523377923467
          ],
          [
            "classical",
            0.014427816214673355
          ],
          [
            "Lagrangian",
            0.014154906477009807
          ],
          [
            "equations",
            0.013546209420995747
          ],
          [
            "theory",
            0.013476441740072256
          ],
          [
            "mechanics",
            0.012154036122510531
          ]
        ],
        "count": 300
      },
      "14": {
        "name": "14_conformal_defect_point_operators",
        "keywords": [
          [
            "conformal",
            0.04876411324083686
          ],
          [
            "defect",
            0.03380037107312905
          ],
          [
            "point",
            0.02921546070401249
          ],
          [
            "operators",
            0.026167803685400472
          ],
          [
            "blocks",
            0.02211490205111024
          ],
          [
            "functions",
            0.021295196657293045
          ],
          [
            "CFT",
            0.018610371866066275
          ],
          [
            "conformal field",
            0.01670753640602055
          ],
          [
            "OPE",
            0.01664200829147553
          ],
          [
            "dimensions",
            0.01640070613631802
          ]
        ],
        "count": 293
      },
      "15": {
        "name": "15_gravitational_black_binary_gravitational wave",
        "keywords": [
          [
            "gravitational",
            0.037482702763537976
          ],
          [
            "black",
            0.03325138407978642
          ],
          [
            "binary",
            0.028373287344520794
          ],
          [
            "gravitational wave",
            0.027558089711140574
          ],
          [
            "wave",
            0.025995933420478498
          ],
          [
            "hole",
            0.025632272063332778
          ],
          [
            "black hole",
            0.025102625610042548
          ],
          [
            "mass",
            0.021042960671719672
          ],
          [
            "holes",
            0.016848403030546275
          ],
          [
            "tidal",
            0.016748018941758595
          ]
        ],
        "count": 272
      },
      "16": {
        "name": "16_integrals_Feynman_loop_method",
        "keywords": [
          [
            "integrals",
            0.09177783843094975
          ],
          [
            "Feynman",
            0.08336071813453316
          ],
          [
            "loop",
            0.03663154059734094
          ],
          [
            "method",
            0.02789039975010487
          ],
          [
            "functions",
            0.02314426538657744
          ],
          [
            "integral",
            0.022700843478508134
          ],
          [
            "differential",
            0.021091540473981055
          ],
          [
            "hypergeometric",
            0.01964495826766784
          ],
          [
            "reduction",
            0.019375877283694488
          ],
          [
            "package",
            0.019051337820978405
          ]
        ],
        "count": 254
      },
      "17": {
        "name": "17_Unruh_detector_quantum_detectors",
        "keywords": [
          [
            "Unruh",
            0.060870595119108035
          ],
          [
            "detector",
            0.04721255806631184
          ],
          [
            "quantum",
            0.03572416089321802
          ],
          [
            "detectors",
            0.035507159888391975
          ],
          [
            "entanglement",
            0.029686982812584948
          ],
          [
            "acceleration",
            0.028010519385988395
          ],
          [
            "Unruh effect",
            0.025693504029716013
          ],
          [
            "accelerated",
            0.024379725034400213
          ],
          [
            "field",
            0.024222393083498526
          ],
          [
            "effect",
            0.0222791183638126
          ]
        ],
        "count": 238
      },
      "18": {
        "name": "18_symmetries_invertible_symmetry_topological",
        "keywords": [
          [
            "symmetries",
            0.04757101723159219
          ],
          [
            "invertible",
            0.04423937441591189
          ],
          [
            "symmetry",
            0.03972670896984244
          ],
          [
            "topological",
            0.037248554085496
          ],
          [
            "fusion",
            0.033396358156147374
          ],
          [
            "gauging",
            0.03109040667598206
          ],
          [
            "defects",
            0.03003984001493006
          ],
          [
            "non",
            0.026016417415956106
          ],
          [
            "theories",
            0.024160288757508173
          ],
          [
            "category",
            0.021887160153657204
          ]
        ],
        "count": 207
      }
    },
    "correlations": [
      [
        1.0,
        -0.23551512235876687,
        -0.6929669009172441,
        -0.6813020599730819,
        -0.08158098340015144,
        -0.6589414795347885,
        -0.6795204664538166,
        -0.6610170776913796,
        -0.6776557425533404,
        -0.7097296465447949,
        -0.6348693297375123,
        -0.5290742350799702,
        -0.6690537096144311,
        -0.5881645437613752,
        -0.6049509839363012,
        -0.6881030239220135,
        -0.7099636156854621,
        -0.707184518584387,
        -0.6489265267477735
      ],
      [
        -0.23551512235876687,
        1.0,
        -0.7037493455566919,
        -0.5907990844326948,
        -0.12515155090072613,
        -0.6676284503914285,
        -0.6286924932197386,
        -0.6509711125860653,
        -0.5487742262717702,
        -0.7295276864997835,
        -0.5867803463403922,
        -0.5484371994388487,
        -0.662639603860367,
        -0.6216221188019018,
        -0.5653524135096524,
        -0.6294887406324889,
        -0.7228075603108393,
        -0.6403353194306498,
        -0.6767321986243664
      ],
      [
        -0.6929669009172441,
        -0.7037493455566919,
        1.0,
        -0.6645821971566999,
        -0.685556086738809,
        -0.7471249285548137,
        -0.7369642379111907,
        -0.7493535235988812,
        -0.6914953705918074,
        -0.6662399695503665,
        -0.6971077167309285,
        -0.6674575689756003,
        -0.6904663396445017,
        -0.7237984880574322,
        -0.7373000384726083,
        -0.6377088238586778,
        -0.7537520613243192,
        -0.7301247226195096,
        -0.7497626143357023
      ],
      [
        -0.6813020599730819,
        -0.5907990844326948,
        -0.6645821971566999,
        1.0,
        -0.6838529362873869,
        -0.7370693617118449,
        -0.7161333464967583,
        -0.7483883089169177,
        0.2849839386524434,
        -0.7462393909010943,
        -0.3792241203230797,
        -0.5852088983968,
        -0.6002583498674144,
        -0.7170387720037759,
        -0.7151977621547982,
        -0.17877305454941333,
        -0.7459637975799505,
        -0.7105156715382526,
        -0.7412046011139095
      ],
      [
        -0.08158098340015144,
        -0.12515155090072613,
        -0.685556086738809,
        -0.6838529362873869,
        1.0,
        -0.6733033424046972,
        -0.673506808740453,
        -0.5371436969543578,
        -0.6747057095002774,
        -0.6979582869373842,
        -0.6564837269542694,
        -0.5111480785931657,
        -0.6703269499807734,
        -0.6117771034890299,
        -0.6064889384886618,
        -0.6859173303055872,
        -0.5600510476502867,
        -0.7021713803816145,
        -0.6759995209629196
      ],
      [
        -0.6589414795347885,
        -0.6676284503914285,
        -0.7471249285548137,
        -0.7370693617118449,
        -0.6733033424046972,
        1.0,
        -0.6414890012958213,
        -0.6947715152831551,
        -0.7061997544461723,
        -0.7294643891224019,
        -0.6615845338156456,
        -0.6833289062023966,
        -0.7155837734001566,
        -0.6890672317687396,
        -0.6862270373508497,
        -0.7411784656314555,
        -0.7447376134258539,
        -0.6673793780934272,
        -0.3989768338633136
      ],
      [
        -0.6795204664538166,
        -0.6286924932197386,
        -0.7369642379111907,
        -0.7161333464967583,
        -0.673506808740453,
        -0.6414890012958213,
        1.0,
        -0.7305647857260695,
        -0.7001144512427343,
        -0.7484120643441714,
        -0.5917707081169004,
        -0.6902203321218172,
        -0.7097308579179527,
        -0.6650390958708625,
        -0.6978589631250144,
        -0.7165585740217322,
        -0.7357725297324018,
        -0.5945599187621866,
        -0.7139440005546098
      ],
      [
        -0.6610170776913796,
        -0.6509711125860653,
        -0.7493535235988812,
        -0.7483883089169177,
        -0.5371436969543578,
        -0.6947715152831551,
        -0.7305647857260695,
        1.0,
        -0.7227072485139923,
        -0.7231926032730005,
        -0.7427956852531576,
        -0.6791034784626264,
        -0.7221831084503193,
        -0.6823416050410757,
        -0.6905065427123055,
        -0.7443839730462,
        -0.7379249692450949,
        -0.7431815735285985,
        -0.7362074616449193
      ],
      [
        -0.6776557425533404,
        -0.5487742262717702,
        -0.6914953705918074,
        0.2849839386524434,
        -0.6747057095002774,
        -0.7061997544461723,
        -0.7001144512427343,
        -0.7227072485139923,
        1.0,
        -0.7438620157347675,
        -0.40290848922704176,
        -0.6718932795223093,
        -0.6972240127487503,
        -0.7135798126937121,
        -0.7107485269481404,
        -0.18200377415362998,
        -0.7495138989946715,
        -0.7132899823141314,
        -0.7336717101634453
      ],
      [
        -0.7097296465447949,
        -0.7295276864997835,
        -0.6662399695503665,
        -0.7462393909010943,
        -0.6979582869373842,
        -0.7294643891224019,
        -0.7484120643441714,
        -0.7231926032730005,
        -0.7438620157347675,
        1.0,
        -0.7333889472151327,
        -0.7147730019642262,
        -0.7342068058981749,
        -0.7286815761706982,
        -0.7386630133085739,
        -0.733099217003526,
        -0.743663069865311,
        -0.7450563687285673,
        -0.7203448988186665
      ],
      [
        -0.6348693297375123,
        -0.5867803463403922,
        -0.6971077167309285,
        -0.3792241203230797,
        -0.6564837269542694,
        -0.6615845338156456,
        -0.5917707081169004,
        -0.7427956852531576,
        -0.40290848922704176,
        -0.7333889472151327,
        1.0,
        -0.6665873192068126,
        -0.6841916012245352,
        -0.5949073761588528,
        -0.6985931020317857,
        -0.4788094318749369,
        -0.7253264422988466,
        -0.4632327183569459,
        -0.6986292301096879
      ],
      [
        -0.5290742350799702,
        -0.5484371994388487,
        -0.6674575689756003,
        -0.5852088983968,
        -0.5111480785931657,
        -0.6833289062023966,
        -0.6902203321218172,
        -0.6791034784626264,
        -0.6718932795223093,
        -0.7147730019642262,
        -0.6665873192068126,
        1.0,
        -0.49891372915563004,
        -0.6242562666936571,
        -0.6583366481498103,
        -0.6933468995736363,
        -0.7287133084238397,
        -0.7106903379422975,
        -0.6980303998437727
      ],
      [
        -0.6690537096144311,
        -0.662639603860367,
        -0.6904663396445017,
        -0.6002583498674144,
        -0.6703269499807734,
        -0.7155837734001566,
        -0.7097308579179527,
        -0.7221831084503193,
        -0.6972240127487503,
        -0.7342068058981749,
        -0.6841916012245352,
        -0.49891372915563004,
        1.0,
        -0.6871021797264139,
        -0.7021993905620098,
        -0.6938730967456368,
        -0.742981690326925,
        -0.7010664758903836,
        -0.7254477760165325
      ],
      [
        -0.5881645437613752,
        -0.6216221188019018,
        -0.7237984880574322,
        -0.7170387720037759,
        -0.6117771034890299,
        -0.6890672317687396,
        -0.6650390958708625,
        -0.6823416050410757,
        -0.7135798126937121,
        -0.7286815761706982,
        -0.5949073761588528,
        -0.6242562666936571,
        -0.6871021797264139,
        1.0,
        -0.6523342189797554,
        -0.7183202505629176,
        -0.7114463123158703,
        -0.5918315321134612,
        -0.6807010833572011
      ],
      [
        -0.6049509839363012,
        -0.5653524135096524,
        -0.7373000384726083,
        -0.7151977621547982,
        -0.6064889384886618,
        -0.6862270373508497,
        -0.6978589631250144,
        -0.6905065427123055,
        -0.7107485269481404,
        -0.7386630133085739,
        -0.6985931020317857,
        -0.6583366481498103,
        -0.7021993905620098,
        -0.6523342189797554,
        1.0,
        -0.7313160481967239,
        -0.7040132978750293,
        -0.7234927551981647,
        -0.6615598707711287
      ],
      [
        -0.6881030239220135,
        -0.6294887406324889,
        -0.6377088238586778,
        -0.17877305454941333,
        -0.6859173303055872,
        -0.7411784656314555,
        -0.7165585740217322,
        -0.7443839730462,
        -0.18200377415362998,
        -0.733099217003526,
        -0.4788094318749369,
        -0.6933468995736363,
        -0.6938730967456368,
        -0.7183202505629176,
        -0.7313160481967239,
        1.0,
        -0.7422724495549322,
        -0.6977829001669573,
        -0.7429855365253315
      ],
      [
        -0.7099636156854621,
        -0.7228075603108393,
        -0.7537520613243192,
        -0.7459637975799505,
        -0.5600510476502867,
        -0.7447376134258539,
        -0.7357725297324018,
        -0.7379249692450949,
        -0.7495138989946715,
        -0.743663069865311,
        -0.7253264422988466,
        -0.7287133084238397,
        -0.742981690326925,
        -0.7114463123158703,
        -0.7040132978750293,
        -0.7422724495549322,
        1.0,
        -0.7344838939166833,
        -0.7443151565322583
      ],
      [
        -0.707184518584387,
        -0.6403353194306498,
        -0.7301247226195096,
        -0.7105156715382526,
        -0.7021713803816145,
        -0.6673793780934272,
        -0.5945599187621866,
        -0.7431815735285985,
        -0.7132899823141314,
        -0.7450563687285673,
        -0.4632327183569459,
        -0.7106903379422975,
        -0.7010664758903836,
        -0.5918315321134612,
        -0.7234927551981647,
        -0.6977829001669573,
        -0.7344838939166833,
        1.0,
        -0.7253852807851511
      ],
      [
        -0.6489265267477735,
        -0.6767321986243664,
        -0.7497626143357023,
        -0.7412046011139095,
        -0.6759995209629196,
        -0.3989768338633136,
        -0.7139440005546098,
        -0.7362074616449193,
        -0.7336717101634453,
        -0.7203448988186665,
        -0.6986292301096879,
        -0.6980303998437727,
        -0.7254477760165325,
        -0.6807010833572011,
        -0.6615598707711287,
        -0.7429855365253315,
        -0.7443151565322583,
        -0.7253852807851511,
        1.0
      ]
    ],
    "series": {
      "2020-01": [
        122,
        25,
        20,
        7,
        7,
        16,
        15,
        9,
        59,
        11,
        17,
        19,
        9,
        13,
        34,
        8,
        21,
        9,
        16
      ],
      "2020-02": [
        107,
        35,
        25,
        5,
        5,
        27,
        17,
        14,
        63,
        12,
        28,
        16,
        11,
        18,
        35,
        6,
        20,
        8,
        12
      ],
      "2020-03": [
        141,
        19,
        35,
        10,
        8,
        20,
        19,
        12,
        78,
        11,
        27,
        25,
        18,
        34,
        34,
        13,
        26,
        4,
        13
      ],
      "2020-04": [
        151,
        39,
        35,
        12,
        11,
        21,
        21,
        18,
        104,
        9,
        33,
        32,
        17,
        23,
        43,
        12,
        21,
        7,
        24
      ],
      "2020-05": [
        163,
        40,
        42,
        9,
        13,
        22,
        24,
        11,
        91,
        17,
        40,
        37,
        24,
        20,
        56,
        10,
        27,
        4,
        9
      ],
      "2020-06": [
        152,
        48,
        22,
        8,
        2,
        23,
        27,
        12,
        103,
        15,
        38,
        43,
        19,
        25,
        45,
        12,
        25,
        3,
        21
      ],
      "2020-07": [
        148,
        35,
        43,
        5,
        8,
        25,
        18,
        16,
        88,
        12,
        35,
        39,
        17,
        29,
        49,
        20,
        29,
        9,
        19
      ],
      "2020-08": [
        129,
        41,
        31,
        4,
        3,
        24,
        22,
        14,
        77,
        16,
        19,
        25,
        15,
        24,
        37,
        13,
        31,
        10,
        29
      ],
      "2020-09": [
        155,
        36,
        35,
        6,
        7,
        19,
        26,
        14,
        96,
        20,
        34,
        28,
        21,
        18,
        40,
        22,
        22,
        10,
        20
      ],
      "2020-10": [
        158,
        31,
        32,
        4,
        11,
        16,
        23,
        11,
        96,
        18,
        37,
        37,
        18,
        26,
        37,
        20,
        25,
        6,
        24
      ],
      "2020-11": [
        130,
        40,
        36,
        12,
        10,
        18,
        19,
        11,
        89,
        25,
        34,
        32,
        13,
        19,
        59,
        8,
        23,
        9,
        25
      ],
      "2020-12": [
        191,
        44,
        32,
        7,
        7,
        28,
        29,
        11,
        116,
        27,
        52,
        35,
        17,
        19,
        60,
        13,
        28,
        12,
        21
      ],
      "2021-01": [
        117,
        30,
        22,
        6,
        6,
        14,
        18,
        7,
        55,
        3,
        32,
        31,
        21,
        21,
        38,
        19,
        13,
        8,
        20
      ],
      "2021-02": [
        102,
        24,
        20,
        5,
        3,
        15,
        19,
        13,
        75,
        14,
        32,
        33,
        16,
        23,
        38,
        2,
        24,
        9,
        16
      ],
      "2021-03": [
        142,
        38,
        30,
        2,
        8,
        20,
        23,
        25,
        97,
        20,
        29,
        34,
        15,
        27,
        56,
        13,
        20,
        6,
        16
      ],
      "2021-04": [
        141,
        19,
        34,
        8,
        6,
        24,
        21,
        13,
        82,
        17,
        24,
        23,
        12,
        21,
        40,
        14,
        25,
        7,
        12
      ],
      "2021-05": [
        141,
        33,
        25,
        6,
        3,
        20,
        19,
        10,
        111,
        28,
        39,
        33,
        20,
        20,
        41,
        14,
        19,
        6,
        15
      ],
      "2021-06": [
        127,
        46,
        23,
        7,
        4,
        23,
        27,
        11,
        85,
        18,
        28,
        24,
        15,
        19,
        45,
        12,
        24,
        12,
        27
      ],
      "2021-07": [
        151,
        32,
        30,
        1,
        6,
        23,
        25,
        9,
        76,
        15,
        34,
        26,
        12,
        19,
        49,
        17,
        21,
        7,
        23
      ],
      "2021-08": [
        129,
        30,
        30,
        6,
        5,
        11,
        25,
        12,
        86,
        17,
        29,
        19,
        8,
        17,
        55,
        18,
        12,
        10,
        17
      ],
      "2021-09": [
        125,
        30,
        21,
        4,
        7,
        22,
        23,
        11,
        95,
        13,
        36,
        35,
        14,
        12,
        34,
        17,
        24,
        7,
        27
      ],
      "2021-10": [
        157,
        25,
        28,
        3,
        6,
        19,
        27,
        17,
        82,
        16,
        41,
        32,
        17,
        30,
        49,
        14,
        34,
        11,
        27
      ],
      "2021-11": [
        152,
        49,
        32,
        10,
        8,
        28,
        21,
        20,
        94,
        24,
        38,
        44,
        15,
        20,
        42,
        15,
        26,
        9,
        23
      ],
      "2021-12": [
        189,
        48,
        44,
        5,
        9,
        29,
        27,
        18,
        117,
        25,
        52,
        35,
        21,
        27,
        74,
        26,
        38,
        4,
        37
      ],
      "2022-01": [
        116,
        28,
        26,
        3,
        7,
        17,
        15,
        15,
        65,
        13,
        25,
        27,
        16,
        20,
        40,
        20,
        32,
        3,
        21
      ],
      "2022-02": [
        119,
        30,
        26,
        0,
        6,
        14,
        27,
        6,
        72,
        16,
        32,
        29,
        20,
        28,
        42,
        13,
        17,
        6,
        8
      ],
      "2022-03": [
        137,
        39,
        30,
        5,
        6,
        24,
        21,
        10,
        102,
        20,
        51,
        23,
        22,
        15,
        39,
        30,
        28,
        7,
        23
      ],
      "2022-04": [
        117,
        26,
        24,
        5,
        7,
        16,
        23,
        8,
        74,
        26,
        32,
        35,
        15,
        16,
        35,
        17,
        22,
        11,
        12
      ],
      "2022-05": [
        134,
        31,
        21,
        7,
        4,
        19,
        31,
        8,
        110,
        16,
        45,
        23,
        14,
        15,
        42,
        24,
        27,
        12,
        20
      ],
      "2022-06": [
        109,
        40,
        36,
        2,
        6,
        18,
        22,
        4,
        103,
        15,
        42,
        22,
        18,
        18,
        41,
        12,
        25,
        9,
        21
      ],
      "2022-07": [
        139,
        34,
        28,
        7,
        9,
        16,
        17,
        12,
        91,
        20,
        37,
        31,
        25,
        14,
        58,
        10,
        32,
        9,
        21
      ],
      "2022-08": [
        139,
        22,
        32,
        7,
        5,
        16,
        29,
        11,
        85,
        9,
        33,
        26,
        14,
        21,
        38,
        12,
        19,
        13,
        32
      ],
      "2022-09": [
        128,
        38,
        24,
        7,
        4,
        16,
        23,
        13,
        79,
        22,
        33,
        22,
        14,
        26,
        45,
        19,
        30,
        3,
        22
      ],
      "2022-10": [
        112,
        41,
        40,
        10,
        10,
        26,
        23,
        8,
        94,
        9,
        36,
        27,
        21,
        24,
        48,
        18,
        28,
        13,
        23
      ],
      "2022-11": [
        153,
        47,
        37,
        12,
        2,
        17,
        14,
        14,
        98,
        9,
        46,
        34,
        18,
        24,
        58,
        20,
        31,
        4,
        22
      ],
      "2022-12": [
        194,
        46,
        46,
        8,
        7,
        30,
        26,
        17,
        99,
        33,
        44,
        37,
        38,
        27,
        70,
        19,
        30,
        8,
        36
      ],
      "2023-01": [
        113,
        19,
        25,
        4,
        1,
        22,
        10,
        9,
        74,
        12,
        29,
        21,
        18,
        22,
        35,
        19,
        21,
        14,
        22
      ],
      "2023-02": [
        87,
        33,
        31,
        5,
        9,
        15,
        24,
        5,
        67,
        8,
        40,
        20,
        17,
        14,
        40,
        12,
        19,
        7,
        19
      ],
      "2023-03": [
        135,
        29,
        38,
        10,
        6,
        20,
        30,
        4,
        92,
        10,
        28,
        31,
        19,
        19,
        46,
        12,
        26,
        16,
        20
      ],
      "2023-04": [
        123,
        38,
        28,
        9,
        9,
        22,
        16,
        9,
        90,
        12,
        25,
        27,
        22,
        21,
        47,
        15,
        29,
        6,
        32
      ],
      "2023-05": [
        128,
        33,
        40,
        3,
        5,
        15,
        25,
        11,
        94,
        14,
        46,
        35,
        13,
        25,
        47,
        16,
        28,
        9,
        34
      ],
      "2023-06": [
        133,
        32,
        23,
        4,
        6,
        22,
        26,
        8,
        95,
        25,
        34,
        21,
        9,
        25,
        47,
        19,
        24,
        9,
        27
      ],
      "2023-07": [
        138,
        32,
        33,
        11,
        11,
        21,
        28,
        16,
        127,
        17,
        32,
        29,
        17,
        23,
        50,
        26,
        16,
        12,
        31
      ],
      "2023-08": [
        115,
        28,
        27,
        2,
        4,
        14,
        22,
        11,
        81,
        8,
        26,
        26,
        23,
        15,
        48,
        15,
        28,
        10,
        19
      ],
      "2023-09": [
        143,
        34,
        28,
        5,
        4,
        22,
        15,
        11,
        88,
        20,
        43,
        26,
        16,
        21,
        48,
        21,
        33,
        10,
        23
      ],
      "2023-10": [
        130,
        33,
        28,
        7,
        7,
        22,
        26,
        15,
        109,
        10,
        45,
        20,
        27,
        19,
        55,
        19,
