{
  "topics": {
    "data": {
      "0": {
        "name": "0_stars_Gaia_Fe_clusters",
        "keywords": [
          [
            "stars",
            0.03257455658780679
          ],
          [
            "Gaia",
            0.017568117378466697
          ],
          [
            "Fe",
            0.016397469386672244
          ],
          [
            "clusters",
            0.013208709473373596
          ],
          [
            "stellar",
            0.013078625845572496
          ],
          [
            "cluster",
            0.012119048109544598
          ],
          [
            "age",
            0.01052888703139122
          ],
          [
            "metallicity",
            0.010342621174524511
          ],
          [
            "Galactic",
            0.010144658243387858
          ],
          [
            "star",
            0.009711008383661636
          ]
        ],
        "count": 4147
      },
      "1": {
        "name": "1_molecular_CO_gas_emission",
        "keywords": [
          [
            "molecular",
            0.016281551080432093
          ],
          [
            "CO",
            0.014730454477905348
          ],
          [
            "gas",
            0.012975560818125611
          ],
          [
            "emission",
            0.01275777266826235
          ],
          [
            "molecules",
            0.011483941132103943
          ],
          [
            "cores",
            0.010506712634699567
          ],
          [
            "observations",
            0.010287314866590432
          ],
          [
            "formation",
            0.010095408410642505
          ],
          [
            "star",
            0.010029999968350132
          ],
          [
            "line",
            0.009870582943224416
          ]
        ],
        "count": 3067
      },
      "2": {
        "name": "2_radio_jet_sources_GHz",
        "keywords": [
          [
            "radio",
            0.0511054155841685
          ],
          [
            "jet",
            0.026400061671772036
          ],
          [
            "sources",
            0.01581309929439254
          ],
          [
            "GHz",
            0.014883023791578045
          ],
          [
            "emission",
            0.014852904323337917
          ],
          [
            "jets",
            0.014391502826856424
          ],
          [
            "ray",
            0.014209354988623767
          ],
          [
            "AGN",
            0.011142354935007332
          ],
          [
            "spectral",
            0.010739457210003684
          ],
          [
            "observations",
            0.010397370417186833
          ]
        ],
        "count": 1471
      },
      "3": {
        "name": "3_ray_AGN_emission_AGNs",
        "keywords": [
          [
            "ray",
            0.03717887163676692
          ],
          [
            "AGN",
            0.031571040806950126
          ],
          [
            "emission",
            0.014110496336045084
          ],
          [
            "AGNs",
            0.013267173455843927
          ],
          [
            "line",
            0.012978435271019568
          ],
          [
            "optical",
            0.01275696458620154
          ],
          [
            "broad",
            0.011687083778099079
          ],
          [
            "luminosity",
            0.011571193572041834
          ],
          [
            "accretion",
            0.010719834803556486
          ],
          [
            "variability",
            0.010243435532442707
          ]
        ],
        "count": 1333
      },
      "4": {
        "name": "4_matter_dark_dark matter_DM",
        "keywords": [
          [
            "matter",
            0.04163721348604354
          ],
          [
            "dark",
            0.04043941842558747
          ],
          [
            "dark matter",
            0.03816489578597162
          ],
          [
            "DM",
            0.017039626501285807
          ],
          [
            "mass",
            0.014214248693553077
          ],
          [
            "halo",
            0.012473185436557116
          ],
          [
            "model",
            0.011738789849869896
          ],
          [
            "black",
            0.011597346071795491
          ],
          [
            "gravity",
            0.011321942853680225
          ],
          [
            "gravitational",
            0.011294407833798297
          ]
        ],
        "count": 1327
      },
      "5": {
        "name": "5_galaxies_star_JWST_stellar",
        "keywords": [
          [
            "galaxies",
            0.026652749713446652
          ],
          [
            "star",
            0.017077146976809905
          ],
          [
            "JWST",
            0.015523424752160517
          ],
          [
            "stellar",
            0.013790775618586493
          ],
          [
            "formation",
            0.01338904488490104
          ],
          [
            "mass",
            0.013171541590628421
          ],
          [
            "star formation",
            0.0126129892564729
          ],
          [
            "galaxy",
            0.012577597873872335
          ],
          [
            "redshift",
            0.012167018926602297
          ],
          [
            "UV",
            0.011715557066259503
          ]
        ],
        "count": 1024
      },
      "6": {
        "name": "6_black_binary_gravitational_GW",
        "keywords": [
          [
            "black",
            0.0257561261705387
          ],
          [
            "binary",
            0.02537067724260041
          ],
          [
            "gravitational",
            0.02247227479187771
          ],
          [
            "GW",
            0.020669673967471693
          ],
          [
            "gravitational wave",
            0.020281189199130946
          ],
          [
            "wave",
            0.01967578136906889
          ],
          [
            "binaries",
            0.018675603064732513
          ],
          [
            "mass",
            0.018183021432428354
          ],
          [
            "mergers",
            0.01752696859204319
          ],
          [
            "hole",
            0.016604480015840164
          ]
        ],
        "count": 767
      },
      "7": {
        "name": "7_dust_CO_gas_galaxies",
        "keywords": [
          [
            "dust",
            0.033817178634433766
          ],
          [
            "CO",
            0.03165225119113433
          ],
          [
            "gas",
            0.019413057131559823
          ],
          [
            "galaxies",
            0.01867537099555186
          ],
          [
            "molecular",
            0.015782087452746205
          ],
          [
            "star",
            0.014567058477064519
          ],
          [
            "emission",
            0.013953900251517585
          ],
          [
            "molecular gas",
            0.012532828941959064
          ],
          [
            "attenuation",
            0.012161065724015428
          ],
          [
            "CII",
            0.01144035573633549
          ]
        ],
        "count": 702
      },
      "8": {
        "name": "8_Ly_alpha_reionization_Lyman",
        "keywords": [
          [
            "Ly",
            0.041765344999549536
          ],
          [
            "alpha",
            0.03972013665721329
          ],
          [
            "reionization",
            0.028920112552697202
          ],
          [
            "Lyman",
            0.022858554848182305
          ],
          [
            "LyC",
            0.021250491101187655
          ],
          [
            "escape",
            0.018661977505219873
          ],
          [
            "galaxies",
            0.017772911055193078
          ],
          [
            "IGM",
            0.015187105287432199
          ],
          [
            "ionizing",
            0.014925171225413411
          ],
          [
            "LAEs",
            0.014737022209185411
          ]
        ],
        "count": 678
      },
      "9": {
        "name": "9_spiral_stream_Way_Milky",
        "keywords": [
          [
            "spiral",
            0.030346014764178465
          ],
          [
            "stream",
            0.025902780857356214
          ],
          [
            "Way",
            0.02362531334764063
          ],
          [
            "Milky",
            0.02359497616186997
          ],
          [
            "streams",
            0.021705132718274445
          ],
          [
            "arms",
            0.017431287258467227
          ],
          [
            "spiral arms",
            0.014414058992855134
          ],
          [
            "MW",
            0.01413241212376306
          ],
          [
            "halo",
            0.013753366107690611
          ],
          [
            "stellar",
            0.012462199709649185
          ]
        ],
        "count": 637
      },
      "10": {
        "name": "10_learning_data_classification_images",
        "keywords": [
          [
            "learning",
            0.025843814253558525
          ],
          [
            "data",
            0.022770146468391823
          ],
          [
            "classification",
            0.01963677347496649
          ],
          [
            "images",
            0.01588147198131676
          ],
          [
            "machine",
            0.0156685078786177
          ],
          [
            "machine learning",
            0.015117520491913615
          ],
          [
            "galaxies",
            0.015000323284290597
          ],
          [
            "training",
            0.013815494952454637
          ],
          [
            "galaxy",
            0.013676990588358888
          ],
          [
            "model",
            0.012793802075143216
          ]
        ],
        "count": 571
      },
      "11": {
        "name": "11_magnetic_turbulence_field_simulations",
        "keywords": [
          [
            "magnetic",
            0.0427468548749817
          ],
          [
            "turbulence",
            0.02358252536923993
          ],
          [
            "field",
            0.021210271533892114
          ],
          [
            "simulations",
            0.01978315810106532
          ],
          [
            "fields",
            0.01892757861219266
          ],
          [
            "magnetic field",
            0.018546258879041853
          ],
          [
            "turbulent",
            0.017416883699480964
          ],
          [
            "magnetic fields",
            0.017379356490021116
          ],
          [
            "MHD",
            0.015525547108780194
          ],
          [
            "dynamo",
            0.01489977722039544
          ]
        ],
        "count": 567
      },
      "12": {
        "name": "12_magnetic_polarization_magnetic field_field",
        "keywords": [
          [
            "magnetic",
            0.05912594354742912
          ],
          [
            "polarization",
            0.04535233538269988
          ],
          [
            "magnetic field",
            0.04414970652462713
          ],
          [
            "field",
            0.04412237334969931
          ],
          [
            "fields",
            0.024366404678784166
          ],
          [
            "dust",
            0.021130595681056425
          ],
          [
            "magnetic fields",
            0.01975740521844902
          ],
          [
            "alignment",
            0.015270690908136373
          ],
          [
            "polarized",
            0.014746939923737455
          ],
          [
            "grains",
            0.01431283091318391
          ]
        ],
        "count": 542
      },
      "13": {
        "name": "13_galaxy_halo_mass_galaxies",
        "keywords": [
          [
            "galaxy",
            0.02761308759287342
          ],
          [
            "halo",
            0.027333616741055142
          ],
          [
            "mass",
            0.022104455747354562
          ],
          [
            "galaxies",
            0.021960952087522793
          ],
          [
            "simulations",
            0.015696519746159994
          ],
          [
            "matter",
            0.014509542721883654
          ],
          [
            "model",
            0.014217971521992175
          ],
          [
            "simulation",
            0.014076181636160224
          ],
          [
            "bias",
            0.013767114271716296
          ],
          [
            "stellar",
            0.01316295584900263
          ]
        ],
        "count": 473
      },
      "14": {
        "name": "14_microlensing_lens_planet_events",
        "keywords": [
          [
            "microlensing",
            0.07005234152128495
          ],
          [
            "lens",
            0.037428724274042924
          ],
          [
            "planet",
            0.03297883297409483
          ],
          [
            "events",
            0.03267034333038275
          ],
          [
            "planets",
            0.022836960170259466
          ],
          [
            "event",
            0.022516129144684562
          ],
          [
            "source",
            0.021624069176581502
          ],
          [
            "mass",
            0.020901409069214456
          ],
          [
            "OGLE",
            0.020268201385648856
          ],
          [
            "planetary",
            0.020214477664044044
          ]
        ],
        "count": 283
      },
      "15": {
        "name": "15_MaNGA_galaxies_stellar_gas",
        "keywords": [
          [
            "MaNGA",
            0.041951004266455864
          ],
          [
            "galaxies",
            0.035355857054843065
          ],
          [
            "stellar",
            0.02211453589261223
          ],
          [
            "gas",
            0.01799830292572521
          ],
          [
            "star",
            0.017535090055980897
          ],
          [
            "mass",
            0.016818232474792402
          ],
          [
            "formation",
            0.014716018134827523
          ],
          [
            "star formation",
            0.014238335251260344
          ],
          [
            "SDSS",
            0.014092358781379674
          ],
          [
            "galaxy",
            0.013963713118179098
          ]
        ],
        "count": 263
      },
      "16": {
        "name": "16_outflows_outflow_AGN_gas",
        "keywords": [
          [
            "outflows",
            0.048157898574175476
          ],
          [
            "outflow",
            0.043971256799929845
          ],
          [
            "AGN",
            0.0199220400878421
          ],
          [
            "gas",
            0.017473077203547342
          ],
          [
            "absorption",
            0.015829037223285727
          ],
          [
            "quasar",
            0.0150574314466845
          ],
          [
            "velocity",
            0.014852636923388144
          ],
          [
            "emission",
            0.013731941837105174
          ],
          [
            "galaxies",
            0.012999364135184984
          ],
          [
            "line",
            0.011852913311980025
          ]
        ],
        "count": 259
      },
      "17": {
        "name": "17_lens_lensing_lenses_strong",
        "keywords": [
          [
            "lens",
            0.04329954148253564
          ],
          [
            "lensing",
            0.040458221633421096
          ],
          [
            "lenses",
            0.03578470107284347
          ],
          [
            "strong",
            0.025964067581311475
          ],
          [
            "lensed",
            0.023659262342550686
          ],
          [
            "galaxy",
            0.016324990584252363
          ],
          [
            "images",
            0.015915567702106777
          ],
          [
            "gravitational",
            0.01587826332544198
          ],
          [
            "source",
            0.015076868876885084
          ],
          [
            "mass",
            0.013539145721701938
          ]
        ],
        "count": 229
      },
      "18": {
        "name": "18_Cepheids_period_Cepheid_relations",
        "keywords": [
          [
            "Cepheids",
            0.06356400830861074
          ],
          [
            "period",
            0.03669585894528183
          ],
          [
            "Cepheid",
            0.03339982289184905
          ],
          [
            "relations",
            0.03217657673582143
          ],
          [
            "distance",
            0.027581084674582458
          ],
          [
            "RR",
            0.02265988234629014
          ],
          [
            "Lyrae",
            0.020863148205336347
          ],
          [
            "PL",
            0.018966462254673914
          ],
          [
            "Period",
            0.01831497154197087
          ],
          [
            "metallicity",
            0.017295410691939805
          ]
        ],
        "count": 197
      },
      "19": {
        "name": "19_UDGs_galaxies_GC_dwarf",
        "keywords": [
          [
            "UDGs",
            0.060448756725323204
          ],
          [
            "galaxies",
            0.027765761717118104
          ],
          [
            "GC",
            0.023611875109117293
          ],
          [
            "dwarf",
            0.022818895758179678
          ],
          [
            "ultra diffuse",
            0.019228983428933432
          ],
          [
            "UDG",
            0.01893361150471988
          ],
          [
            "diffuse",
            0.018859809231812293
          ],
          [
            "diffuse galaxies",
            0.017308260234247006
          ],
          [
            "mass",
            0.016448463975477154
          ],
          [
            "ultra",
            0.016442365151811168
          ]
        ],
        "count": 195
      },
      "20": {
        "name": "20_CGM_gas_circumgalactic_absorption",
        "keywords": [
          [
            "CGM",
            0.0553364602267837
          ],
          [
            "gas",
            0.02587059157693402
          ],
          [
            "circumgalactic",
            0.022901238510480332
          ],
          [
            "absorption",
            0.020506219051156085
          ],
          [
            "galaxies",
            0.020424524680901942
          ],
          [
            "circumgalactic medium",
            0.020131309039881744
          ],
          [
            "medium",
            0.019687324480471384
          ],
          [
            "MgII",
            0.015419242786730505
          ],
          [
            "galaxy",
            0.015088621907047616
          ],
          [
            "cool",
            0.014924835489134534
          ]
        ],
        "count": 187
      }
    },
    "correlations": [
      [
        1.0,
        -0.7238293814277554,
        -0.7452700985119194,
        -0.7419969181500154,
        -0.7184216861479884,
        -0.6419419684064605,
        -0.6684648257967156,
        -0.6765466070960051,
        -0.7129493223868334,
        -0.4074565744919355,
        -0.6845212915563066,
        -0.7092608694284238,
        -0.7118084327040757,
        -0.6487046034278174,
        -0.7325804822520172,
        -0.6562073983046611,
        -0.7436216057564772,
        -0.7467896635331884,
        -0.6615329838473105,
        -0.6924315910926517,
        -0.7162199291583096
      ],
      [
        -0.7238293814277554,
        1.0,
        -0.7224542639977362,
        -0.7348084622123534,
        -0.7473473835159757,
        -0.6943239214651048,
        -0.7362971361981937,
        -0.5641944872599098,
        -0.7465509740707317,
        -0.7316284707397029,
        -0.7334773191568389,
        -0.7366383495781916,
        -0.7456144762113014,
        -0.7254070253850221,
        -0.7535391125893377,
        -0.6949894727876484,
        -0.702962602551171,
        -0.7533035845054867,
        -0.7402069384998184,
        -0.7382665603763878,
        -0.7045791861667227
      ],
      [
        -0.7452700985119194,
        -0.7224542639977362,
        1.0,
        -0.591626335739694,
        -0.7491484857094615,
        -0.6980373209751435,
        -0.6876111557306079,
        -0.6986515096292516,
        -0.7367951748042321,
        -0.7414385981439936,
        -0.7166933496482708,
        -0.6919458989933587,
        -0.6720911476209425,
        -0.7153013257066954,
        -0.7564892096113858,
        -0.7015997803646171,
        -0.6749276778303201,
        -0.7427251855653414,
        -0.741598185173049,
        -0.7324767140553227,
        -0.7151552499908831
      ],
      [
        -0.7419969181500154,
        -0.7348084622123534,
        -0.591626335739694,
        1.0,
        -0.7383383194953717,
        -0.6586380264167009,
        -0.5898816647242957,
        -0.6708683853003516,
        -0.7185800664068833,
        -0.7407044343324327,
        -0.7140379428823305,
        -0.7111520830781896,
        -0.7142470932357332,
        -0.6815357914286444,
        -0.7502657606153889,
        -0.6681283651097514,
        -0.5797285102833594,
        -0.7371557822632598,
        -0.737207094094771,
        -0.7128713195678864,
        -0.6883540834780317
      ],
      [
        -0.7184216861479884,
        -0.7473473835159757,
        -0.7491484857094615,
        -0.7383383194953717,
        1.0,
        -0.6771828903874825,
        -0.682155713990904,
        -0.712311656089303,
        -0.7389604110282721,
        -0.6432317361828563,
        -0.7334221875412232,
        -0.7240186216733762,
        -0.7374855507259535,
        -0.38403236853826583,
        -0.7389356133070971,
        -0.6671406466441369,
        -0.7524952612732628,
        -0.6698568320971374,
        -0.7413383319215727,
        -0.655599059345338,
        -0.703054268287951
      ],
      [
        -0.6419419684064605,
        -0.6943239214651048,
        -0.6980373209751435,
        -0.6586380264167009,
        -0.6771828903874825,
        1.0,
        -0.6229269969400681,
        -0.17708140651206733,
        -0.6481779996309631,
        -0.6532077078179181,
        -0.6910836477814595,
        -0.6767351928168328,
        -0.6984437700403252,
        -0.26812452950423593,
        -0.7390154012439238,
        0.1548899356789949,
        -0.6570156257108323,
        -0.709947502621056,
        -0.7054584526594168,
        -0.3592683702140781,
        -0.41451085668129684
      ],
      [
        -0.6684648257967156,
        -0.7362971361981937,
        -0.6876111557306079,
        -0.5898816647242957,
        -0.682155713990904,
        -0.6229269969400681,
        1.0,
        -0.6873668594473256,
        -0.7301710286025912,
        -0.7056102588805301,
        -0.7270272824089238,
        -0.7041310195727928,
        -0.7172545292138773,
        -0.5427760123431585,
        -0.7178800100364648,
        -0.6589470322740505,
        -0.6898282584763178,
        -0.7233493909532487,
        -0.7192671048604644,
        -0.7010898462151758,
        -0.7048337188052987
      ],
      [
        -0.6765466070960051,
        -0.5641944872599098,
        -0.6986515096292516,
        -0.6708683853003516,
        -0.712311656089303,
        -0.17708140651206733,
        -0.6873668594473256,
        1.0,
        -0.6883192344456956,
        -0.6573237546965855,
        -0.7019623144574838,
        -0.679615735512265,
        -0.6949781726927258,
        -0.4777408101529128,
        -0.7527967658284296,
        -0.14728142211164996,
        -0.6323860273862889,
        -0.7265521344887504,
        -0.7176712695161953,
        -0.4954236172892805,
        -0.37810675670643357
      ],
      [
        -0.7129493223868334,
        -0.7465509740707317,
        -0.7367951748042321,
        -0.7185800664068833,
        -0.7389604110282721,
        -0.6481779996309631,
        -0.7301710286025912,
        -0.6883192344456956,
        1.0,
        -0.7368526042113221,
        -0.732552866609434,
        -0.7353705677429148,
        -0.7343155632240881,
        -0.6814206488260728,
        -0.7604019830943367,
        -0.6650457192913077,
        -0.7207937487005773,
        -0.7409725167486058,
        -0.749929929124443,
        -0.7064043676019787,
        -0.6692410816127621
      ],
      [
        -0.4074565744919355,
        -0.7316284707397029,
        -0.7414385981439936,
        -0.7407044343324327,
        -0.6432317361828563,
        -0.6532077078179181,
        -0.7056102588805301,
        -0.6573237546965855,
        -0.7368526042113221,
        1.0,
        -0.7072463490352369,
        -0.7108221570789061,
        -0.7238346683143643,
        -0.6045354386497148,
        -0.7438406352568481,
        -0.6434239750681179,
        -0.7449693977059624,
        -0.7479538713586741,
        -0.6771198700290223,
        -0.6540897276758528,
        -0.6817745724075502
      ],
      [
        -0.6845212915563066,
        -0.7334773191568389,
        -0.7166933496482708,
        -0.7140379428823305,
        -0.7334221875412232,
        -0.6910836477814595,
        -0.7270272824089238,
        -0.7019623144574838,
        -0.732552866609434,
        -0.7072463490352369,
        1.0,
        -0.7249112271046185,
        -0.7278981081526088,
        -0.6870564929486391,
        -0.7508119626000969,
        -0.6936134908180789,
        -0.7495230870306242,
        -0.7270607579429216,
        -0.7333957100396644,
        -0.7084286926206727,
        -0.7211887851894001
      ],
      [
        -0.7092608694284238,
        -0.7366383495781916,
        -0.6919458989933587,
        -0.7111520830781896,
        -0.7240186216733762,
        -0.6767351928168328,
        -0.7041310195727928,
        -0.679615735512265,
        -0.7353705677429148,
        -0.7108221570789061,
        -0.7249112271046185,
        1.0,
        0.13005464161872307,
        -0.6847680248267912,
        -0.7523772786975471,
        -0.6792206036939048,
        -0.713188328670348,
        -0.7435376677012989,
        -0.7375629831856254,
        -0.7229842896709742,
        -0.6888990176296803
      ],
      [
        -0.7118084327040757,
        -0.7456144762113014,
        -0.6720911476209425,
        -0.7142470932357332,
        -0.7374855507259535,
        -0.6984437700403252,
        -0.7172545292138773,
        -0.6949781726927258,
        -0.7343155632240881,
        -0.7238346683143643,
        -0.7278981081526088,
        0.13005464161872307,
        1.0,
        -0.7112002884243622,
        -0.756010404750512,
        -0.7011812644142029,
        -0.7168068709345986,
        -0.7425905306022826,
        -0.7323154812423762,
        -0.7267136575594175,
        -0.7124112353971443
      ],
      [
        -0.6487046034278174,
        -0.7254070253850221,
        -0.7153013257066954,
        -0.6815357914286444,
        -0.38403236853826583,
        -0.26812452950423593,
        -0.5427760123431585,
        -0.4777408101529128,
        -0.6814206488260728,
        -0.6045354386497148,
        -0.6870564929486391,
        -0.6847680248267912,
        -0.7112002884243622,
        1.0,
        -0.7357848523695909,
        -0.2226898907344807,
        -0.6960226595707174,
        -0.6779267454678526,
        -0.7026765890507661,
        -0.3686562313196398,
        -0.4510847727236491
      ],
      [
        -0.7325804822520172,
        -0.7535391125893377,
        -0.7564892096113858,
        -0.7502657606153889,
        -0.7389356133070971,
        -0.7390154012439238,
        -0.7178800100364648,
        -0.7527967658284296,
        -0.7604019830943367,
        -0.7438406352568481,
        -0.7508119626000969,
        -0.7523772786975471,
        -0.756010404750512,
        -0.7357848523695909,
        1.0,
        -0.7508046375021042,
        -0.7581904575063446,
        -0.528244202406374,
        -0.748355551241837,
        -0.7557990532196746,
        -0.7578787030080476
      ],
      [
        -0.6562073983046611,
        -0.6949894727876484,
        -0.7015997803646171,
        -0.6681283651097514,
        -0.6671406466441369,
        0.1548899356789949,
        -0.6589470322740505,
        -0.14728142211164996,
        -0.6650457192913077,
        -0.6434239750681179,
        -0.6936134908180789,
        -0.6792206036939048,
        -0.7011812644142029,
        -0.2226898907344807,
        -0.7508046375021042,
        1.0,
        -0.66208554705803,
        -0.7127708169240464,
        -0.712733032883193,
        -0.29267625504057937,
        -0.24846246426728244
      ],
      [
        -0.7436216057564772,
        -0.702962602551171,
        -0.6749276778303201,
        -0.5797285102833594,
        -0.7524952612732628,
        -0.6570156257108323,
        -0.6898282584763178,
        -0.6323860273862889,
        -0.7207937487005773,
        -0.7449693977059624,
        -0.7495230870306242,
        -0.713188328670348,
        -0.7168068709345986,
        -0.6960226595707174,
        -0.7581904575063446,
        -0.66208554705803,
        1.0,
        -0.7536950400854507,
        -0.7430961956570779,
        -0.7241562515904185,
        -0.6613387418398939
      ],
      [
        -0.7467896635331884,
        -0.7533035845054867,
        -0.7427251855653414,
        -0.7371557822632598,
        -0.6698568320971374,
        -0.709947502621056,
        -0.7233493909532487,
        -0.7265521344887504,
        -0.7409725167486058,
        -0.7479538713586741,
        -0.7270607579429216,
        -0.7435376677012989,
        -0.7425905306022826,
        -0.6779267454678526,
        -0.528244202406374,
        -0.7127708169240464,
        -0.7536950400854507,
        1.0,
        -0.7514877408377296,
        -0.7312187111215824,
        -0.7328063284471668
      ],
      [
        -0.6615329838473105,
        -0.7402069384998184,
        -0.741598185173049,
        -0.737207094094771,
        -0.7413383319215727,
        -0.7054584526594168,
        -0.7192671048604644,
        -0.7176712695161953,
        -0.749929929124443,
        -0.6771198700290223,
        -0.7333957100396644,
        -0.7375629831856254,
        -0.7323154812423762,
        -0.7026765890507661,
        -0.748355551241837,
        -0.712733032883193,
        -0.7430961956570779,
        -0.7514877408377296,
        1.0,
        -0.7176516660420912,
        -0.7372978175514832
      ],
      [
        -0.6924315910926517,
        -0.7382665603763878,
        -0.7324767140553227,
        -0.7128713195678864,
        -0.655599059345338,
        -0.3592683702140781,
        -0.7010898462151758,
        -0.4954236172892805,
        -0.7064043676019787,
        -0.6540897276758528,
        -0.7084286926206727,
        -0.7229842896709742,
        -0.7267136575594175,
        -0.3686562313196398,
        -0.7557990532196746,
        -0.29267625504057937,
        -0.7241562515904185,
        -0.7312187111215824,
        -0.7176516660420912,
        1.0,
        -0.3977374850808505
      ],
      [
        -0.7162199291583096,
        -0.7045791861667227,
        -0.7151552499908831,
        -0.6883540834780317,
        -0.703054268287951,
        -0.41451085668129684,
        -0.7048337188052987,
        -0.37810675670643357,
        -0.6692410816127621,
        -0.6817745724075502,
        -0.7211887851894001,
        -0.6888990176296803,
        -0.7124112353971443,
        -0.4510847727236491,
        -0.7578787030080476,
        -0.24846246426728244,
        -0.6613387418398939,
        -0.7328063284471668,
        -0.7372978175514832,
        -0.3977374850808505,
        1.0
      ]
    ],
    "series": {
      "2020-01": [
        76,
        6,
        22,
        26,
        26,
        28,
        40,
        44,
        25,
        38,
        8,
        10,
        21,
        25,
        2,
        19,
        13,
        9,
        17,
        9,
        5
      ],
      "2020-02": [
        68,
        8,
        20,
        14,
        26,
        41,
        40,
        43,
        21,
        26,
        8,
        1,
        29,
        17,
        6,
        17,
        18,
        7,
        11,
        8,
        11
      ],
      "2020-03": [
        56,
        5,
        25,
        25,
        29,
        32,
        24,
        33,
        15,
        31,
        5,
        0,
        21,
        17,
        6,
        21,
        13,
        8,
        3,
        8,
        10
      ],
      "2020-04": [
        72,
        6,
        29,
        33,
        29,
        33,
        26,
        49,
        16,
        36,
        8,
        7,
        18,
        16,
        15,
        12,
        12,
        11,
        3,
        11,
        13
      ],
      "2020-05": [
        49,
        6,
        21,
        22,
        32,
        46,
        25,
        38,
        17,
        23,
        6,
        4,
        23,
        23,
        7,
        25,
        11,
        7,
        9,
        9,
        15
      ],
      "2020-06": [
        80,
        11,
        33,
        20,
        31,
        43,
        46,
        37,
        16,
        41,
        8,
        3,
        33,
        33,
        10,
        25,
        30,
        10,
        21,
        13,
        15
      ],
      "2020-07": [
        71,
        10,
        25,
        20,
        48,
        47,
        39,
        29,
        14,
        43,
        14,
        5,
        40,
        26,
        5,
        21,
        17,
        12,
        8,
        15,
        7
      ],
      "2020-08": [
        67,
        7,
        27,
        22,
        28,
        28,
        33,
        28,
        17,
        27,
        14,
        3,
        24,
        20,
        3,
        18,
        9,
        9,
        8,
        7,
        8
      ],
      "2020-09": [
        73,
        7,
        44,
        23,
        38,
        58,
        29,
        39,
        23,
        36,
        11,
        11,
        32,
        27,
        7,
        25,
        22,
        16,
        9,
        7,
        11
      ],
      "2020-10": [
        67,
        11,
        27,
        20,
        49,
        37,
        32,
        42,
        12,
        30,
        14,
        8,
        38,
        15,
        6,
        20,
        28,
        10,
        6,
        5,
        12
      ],
      "2020-11": [
        60,
        7,
        38,
        25,
        25,
        43,
        34,
        35,
        15,
        44,
        18,
        7,
        30,
        17,
        7,
        32,
        15,
        10,
        5,
        5,
        10
      ],
      "2020-12": [
        69,
        2,
        25,
        14,
        31,
        37,
        29,
        27,
        13,
        37,
        15,
        5,
        25,
        15,
        4,
        23,
        21,
        7,
        12,
        1,
        10
      ],
      "2021-01": [
        58,
        9,
        23,
        26,
        23,
        34,
        24,
        33,
        15,
        26,
        12,
        4,
        42,
        25,
        4,
        21,
        19,
        9,
        8,
        10,
        7
      ],
      "2021-02": [
        55,
        8,
        20,
        11,
        35,
        33,
        21,
        32,
        6,
        35,
        19,
        6,
        24,
        23,
        4,
        12,
        13,
        5,
        13,
        8,
        5
      ],
      "2021-03": [
        70,
        7,
        35,
        24,
        31,
        34,
        37,
        35,
        17,
        32,
        16,
        6,
        22,
        18,
        3,
        14,
        14,
        7,
        12,
        4,
        8
      ],
      "2021-04": [
        57,
        9,
        26,
        15,
        24,
        30,
        23,
        33,
        16,
        36,
        11,
        5,
        26,
        11,
        8,
        19,
        10,
        5,
        7,
        7,
        8
      ],
      "2021-05": [
        62,
        10,
        19,
        17,
        27,
        47,
        24,
        27,
        18,
        36,
        12,
        8,
        18,
        18,
        2,
        16,
        15,
        11,
        9,
        8,
        9
      ],
      "2021-06": [
        53,
        15,
        27,
        24,
        37,
        30,
        24,
        27,
        6,
        42,
        12,
        5,
        29,
        13,
        2,
        23,
        17,
        12,
        8,
        6,
        12
      ],
      "2021-07": [
        47,
        7,
        28,
        21,
        23,
        23,
        21,
        21,
        10,
        31,
        11,
        3,
        27,
        24,
        10,
        18,
        18,
        6,
        13,
        5,
        11
      ],
      "2021-08": [
        49,
        4,
        34,
        13,
        27,
        26,
        30,
        21,
        11,
        26,
        10,
        4,
        22,
        13,
        4,
        15,
        9,
        5,
        11,
        6,
        5
      ],
      "2021-09": [
        78,
        11,
        27,
        23,
        34,
        46,
        27,
        39,
        17,
        39,
        12,
        7,
        39,
        25,
        8,
        19,
        22,
        13,
        10,
        13,
        12
      ],
      "2021-10": [
        64,
        10,
        36,
        25,
        33,
        43,
        31,
        18,
        17,
        36,
        12,
        3,
        21,
        19,
        6,
        18,
        12,
        10,
        14,
        8,
        9
      ],
      "2021-11": [
        61,
        12,
        43,
        30,
        28,
        32,
        45,
        49,
        20,
        44,
        20,
        6,
        33,
        18,
        8,
        23,
        22,
        10,
        12,
        7,
        6
      ],
      "2021-12": [
        67,
        3,
        23,
        14,
        36,
        36,
        36,
        24,
        16,
        36,
        11,
        7,
        26,
        15,
        11,
        24,
        14,
        7,
        11,
        7,
        6
      ],
      "2022-01": [
        46,
        10,
        37,
        21,
        33,
        36,
        25,
        36,
        17,
        27,
        20,
        2,
        24,
        11,
        6,
        28,
        13,
        8,
        14,
        1,
        12
      ],
      "2022-02": [
        48,
        7,
        27,
        20,
        37,
        30,
        23,
        30,
        14,
        31,
        10,
        3,
        13,
        15,
        4,
        14,
        17,
        13,
        8,
        1,
        6
      ],
      "2022-03": [
        88,
        10,
        28,
        28,
        37,
        41,
        30,
        35,
        13,
        43,
        16,
        4,
        28,
        17,
        7,
        25,
        17,
        12,
        9,
        4,
        9
      ],
      "2022-04": [
        49,
        7,
        25,
        15,
        22,
        35,
        29,
        37,
        11,
        50,
        8,
        9,
        29,
        12,
        6,
        22,
        10,
        7,
        15,
