{
  "topics": {
    "data": {
      "0": {
        "name": "0_energy_hardware_neural_DNN",
        "keywords": [
          [
            "energy",
            0.015827712992583502
          ],
          [
            "hardware",
            0.014930946132305759
          ],
          [
            "neural",
            0.013816311196507976
          ],
          [
            "DNN",
            0.013363516166034267
          ],
          [
            "accuracy",
            0.01311724464421004
          ],
          [
            "memory",
            0.01302719835354847
          ],
          [
            "Neural",
            0.011736796076168333
          ],
          [
            "efficiency",
            0.011431531955007712
          ],
          [
            "In",
            0.011144528923948007
          ],
          [
            "design",
            0.010695170200283793
          ]
        ],
        "count": 1346
      },
      "1": {
        "name": "1_performance_FPGA_hardware_RISC",
        "keywords": [
          [
            "performance",
            0.018055855617840347
          ],
          [
            "FPGA",
            0.013975484968780942
          ],
          [
            "hardware",
            0.013922269792165558
          ],
          [
            "RISC",
            0.012899847339693784
          ],
          [
            "data",
            0.011753319152183278
          ],
          [
            "high",
            0.011704855724227586
          ],
          [
            "design",
            0.01165194128535986
          ],
          [
            "memory",
            0.01150739843300169
          ],
          [
            "applications",
            0.011194288804457617
          ],
          [
            "level",
            0.010388349368384822
          ]
        ],
        "count": 567
      },
      "2": {
        "name": "2_design_code_circuit_generation",
        "keywords": [
          [
            "design",
            0.03139773313922933
          ],
          [
            "code",
            0.01842574725541738
          ],
          [
            "circuit",
            0.016320857669839834
          ],
          [
            "generation",
            0.015616238207254088
          ],
          [
            "RTL",
            0.015344157821076208
          ],
          [
            "Verilog",
            0.013498684736121383
          ],
          [
            "designs",
            0.012981739046124737
          ],
          [
            "framework",
            0.01232281585453745
          ],
          [
            "models",
            0.011597953090799392
          ],
          [
            "optimization",
            0.011367846518074869
          ]
        ],
        "count": 507
      },
      "3": {
        "name": "3_memory_data_cache_performance",
        "keywords": [
          [
            "memory",
            0.041195818489265804
          ],
          [
            "data",
            0.024693325307272078
          ],
          [
            "cache",
            0.02172114360557649
          ],
          [
            "performance",
            0.021481745471498153
          ],
          [
            "DRAM",
            0.021135823942447576
          ],
          [
            "latency",
            0.01439711495199268
          ],
          [
            "storage",
            0.013083487928941009
          ],
          [
            "systems",
            0.011670859543745611
          ],
          [
            "Memory",
            0.011650144532309805
          ],
          [
            "access",
            0.011057606072739467
          ]
        ],
        "count": 348
      },
      "4": {
        "name": "4_security_attacks_attack_hardware",
        "keywords": [
          [
            "security",
            0.03964086975125719
          ],
          [
            "attacks",
            0.032032698664227664
          ],
          [
            "attack",
            0.018052898662177887
          ],
          [
            "hardware",
            0.018009672599855565
          ],
          [
            "cache",
            0.017680459561335647
          ],
          [
            "secure",
            0.014503006077691236
          ],
          [
            "channel",
            0.013957157866847808
          ],
          [
            "software",
            0.013353180241306982
          ],
          [
            "execution",
            0.01233424425413425
          ],
          [
            "design",
            0.01202403849472252
          ]
        ],
        "count": 318
      },
      "5": {
        "name": "5_LLM_LLMs_memory_models",
        "keywords": [
          [
            "LLM",
            0.024605831335314906
          ],
          [
            "LLMs",
            0.019873475327553132
          ],
          [
            "memory",
            0.01878421859783187
          ],
          [
            "models",
            0.01869045609894636
          ],
          [
            "inference",
            0.018606530410705497
          ],
          [
            "attention",
            0.01568935237319958
          ],
          [
            "hardware",
            0.014694572232553398
          ],
          [
            "language",
            0.014160194320429698
          ],
          [
            "model",
            0.01409670086884846
          ],
          [
            "performance",
            0.011704443481743822
          ]
        ],
        "count": 316
      },
      "6": {
        "name": "6_quantum_Quantum_qubits_circuits",
        "keywords": [
          [
            "quantum",
            0.10992661385380675
          ],
          [
            "Quantum",
            0.04960647005078486
          ],
          [
            "qubits",
            0.03296804920957524
          ],
          [
            "circuits",
            0.02430531266269294
          ],
          [
            "circuit",
            0.024039854893311546
          ],
          [
            "quantum computing",
            0.021476369019054125
          ],
          [
            "gates",
            0.01997302800192926
          ],
          [
            "computing",
            0.018365362579543503
          ],
          [
            "error",
            0.018141904795006082
          ],
          [
            "fidelity",
            0.017978409653142048
          ]
        ],
        "count": 182
      },
      "7": {
        "name": "7_autonomous_3D_point_point cloud",
        "keywords": [
          [
            "autonomous",
            0.02352695821008658
          ],
          [
            "3D",
            0.015896920026633968
          ],
          [
            "point",
            0.014945183246436742
          ],
          [
            "point cloud",
            0.014192649521794247
          ],
          [
            "real",
            0.013780649869046055
          ],
          [
            "cloud",
            0.013401363925685385
          ],
          [
            "FPGA",
            0.013223469058059763
          ],
          [
            "time",
            0.012959503792572746
          ],
          [
            "data",
            0.01278061899690592
          ],
          [
            "hardware",
            0.012244645273972954
          ]
        ],
        "count": 137
      },
      "8": {
        "name": "8_approximate_arithmetic_multiplier_bit",
        "keywords": [
          [
            "approximate",
            0.021634908428648913
          ],
          [
            "arithmetic",
            0.017998851206126897
          ],
          [
            "multiplier",
            0.017512669931889057
          ],
          [
            "bit",
            0.016766312136474962
          ],
          [
            "adders",
            0.015602549534215514
          ],
          [
            "adder",
            0.01559605041213604
          ],
          [
            "power",
            0.01537996522000081
          ],
          [
            "multipliers",
            0.015102454776647822
          ],
          [
            "point",
            0.014861501190704259
          ],
          [
            "design",
            0.014854711928840596
          ]
        ],
        "count": 136
      },
      "9": {
        "name": "9_graph_GNN_Graph_memory",
        "keywords": [
          [
            "graph",
            0.05040112125957167
          ],
          [
            "GNN",
            0.035010815011851985
          ],
          [
            "Graph",
            0.029085179634389325
          ],
          [
            "memory",
            0.019855276283474305
          ],
          [
            "GNNs",
            0.019383133903326438
          ],
          [
            "data",
            0.019049561738256744
          ],
          [
            "graphs",
            0.01872941645823059
          ],
          [
            "GCN",
            0.018463546033413887
          ],
          [
            "irregular",
            0.014856643284411218
          ],
          [
            "processing",
            0.014063292154517236
          ]
        ],
        "count": 132
      },
      "10": {
        "name": "10_FHE_HE_Encryption_data",
        "keywords": [
          [
            "FHE",
            0.036746727396949105
          ],
          [
            "HE",
            0.025841706471739622
          ],
          [
            "Encryption",
            0.019394243645941
          ],
          [
            "data",
            0.018571380125963165
          ],
          [
            "hardware",
            0.01751991054795514
          ],
          [
            "encryption",
            0.01632241222209214
          ],
          [
            "computation",
            0.014711213881689687
          ],
          [
            "operations",
            0.014236545179847532
          ],
          [
            "multiplication",
            0.014124717981611287
          ],
          [
            "encrypted",
            0.0138042177225076
          ]
        ],
        "count": 131
      },
      "11": {
        "name": "11_DRAM_RowHammer_row_chips",
        "keywords": [
          [
            "DRAM",
            0.11403326854223046
          ],
          [
            "RowHammer",
            0.0671825647267444
          ],
          [
            "row",
            0.03492928626570855
          ],
          [
            "chips",
            0.031360414596599835
          ],
          [
            "memory",
            0.026028680034695578
          ],
          [
            "DRAM chips",
            0.025771255756039616
          ],
          [
            "disturbance",
            0.02507897798891531
          ],
          [
            "read disturbance",
            0.02456193262502178
          ],
          [
            "rows",
            0.023853893165177657
          ],
          [
            "Rowhammer",
            0.02376440135112433
          ]
        ],
        "count": 85
      },
      "12": {
        "name": "12_wireless_MIMO_antenna_channel",
        "keywords": [
          [
            "wireless",
            0.027397513778216937
          ],
          [
            "MIMO",
            0.026600432709425696
          ],
          [
            "antenna",
            0.025941966349362244
          ],
          [
            "channel",
            0.020256509004831082
          ],
          [
            "communication",
            0.016527971386947584
          ],
          [
            "frequency",
            0.01607204396744645
          ],
          [
            "signal",
            0.014627096805186934
          ],
          [
            "power",
            0.014609166026305222
          ],
          [
            "systems",
            0.013819482778929734
          ],
          [
            "multiple",
            0.013405521425330746
          ]
        ],
        "count": 82
      }
    },
    "correlations": [
      [
        1.0,
        -0.6757345403809211,
        -0.6879088950006529,
        -0.6554647366446882,
        -0.7494104640275328,
        -0.6861560524071448,
        -0.7572360372400091,
        -0.7229073982829546,
        -0.6760047343913571,
        -0.7435274634127969,
        -0.7536941742591836,
        -0.7402320220233176,
        -0.7519290685683253
      ],
      [
        -0.6757345403809211,
        1.0,
        -0.690486578624107,
        -0.3526403408032629,
        -0.7233191047904889,
        -0.7142554204146117,
        -0.7497579865103016,
        -0.7225176848039564,
        -0.7124058452898969,
        -0.7355355723465553,
        -0.745514203902164,
        -0.7350502879778698,
        -0.7499798225029725
      ],
      [
        -0.6879088950006529,
        -0.690486578624107,
        1.0,
        -0.6877079722024877,
        -0.7184819845217929,
        -0.45648534187731343,
        -0.7511762838124544,
        -0.7421239203640169,
        -0.719323743465925,
        -0.7066659142762273,
        -0.75886443800854,
        -0.7388694846672961,
        -0.750093754150202
      ],
      [
        -0.6554647366446882,
        -0.3526403408032629,
        -0.6877079722024877,
        1.0,
        -0.7065004247610729,
        -0.5846886291875403,
        -0.7543069151837082,
        -0.7257085053838827,
        -0.7234031771603902,
        -0.7180917456367439,
        -0.7371051392806115,
        -0.6378931463887731,
        -0.7495582248899605
      ],
      [
        -0.7494104640275328,
        -0.7233191047904889,
        -0.7184819845217929,
        -0.7065004247610729,
        1.0,
        -0.7439704864998029,
        -0.7398448897855314,
        -0.7453442191336156,
        -0.748490642265037,
        -0.7511783401636833,
        -0.7266869135047971,
        -0.7382590351767635,
        -0.7482492135148988
      ],
      [
        -0.6861560524071448,
        -0.7142554204146117,
        -0.45648534187731343,
        -0.5846886291875403,
        -0.7439704864998029,
        1.0,
        -0.7629958346085666,
        -0.7399717424118748,
        -0.719828557526654,
        -0.7327416821759494,
        -0.7579811331276682,
        -0.7262573605965499,
        -0.7618528629983206
      ],
      [
        -0.7572360372400091,
        -0.7497579865103016,
        -0.7511762838124544,
        -0.7543069151837082,
        -0.7398448897855314,
        -0.7629958346085666,
        1.0,
        -0.7618207095550884,
        -0.7473030166364575,
        -0.7553839876426665,
        -0.7359872073905604,
        -0.7645235237368967,
        -0.7627971654569354
      ],
      [
        -0.7229073982829546,
        -0.7225176848039564,
        -0.7421239203640169,
        -0.7257085053838827,
        -0.7453442191336156,
        -0.7399717424118748,
        -0.7618207095550884,
        1.0,
        -0.7518815804100796,
        -0.7457044862335453,
        -0.7558714773334823,
        -0.7504543091402767,
        -0.7528905914835731
      ],
      [
        -0.6760047343913571,
        -0.7124058452898969,
        -0.719323743465925,
        -0.7234031771603902,
        -0.748490642265037,
        -0.719828557526654,
        -0.7473030166364575,
        -0.7518815804100796,
        1.0,
        -0.7497453020744689,
        -0.7564177545747259,
        -0.7614313254411009,
        -0.7408671173490067
      ],
      [
        -0.7435274634127969,
        -0.7355355723465553,
        -0.7066659142762273,
        -0.7180917456367439,
        -0.7511783401636833,
        -0.7327416821759494,
        -0.7553839876426665,
        -0.7457044862335453,
        -0.7497453020744689,
        1.0,
        -0.7614026680495009,
        -0.7409207942117776,
        -0.7655764556207767
      ],
      [
        -0.7536941742591836,
        -0.745514203902164,
        -0.75886443800854,
        -0.7371051392806115,
        -0.7266869135047971,
        -0.7579811331276682,
        -0.7359872073905604,
        -0.7558714773334823,
        -0.7564177545747259,
        -0.7614026680495009,
        1.0,
        -0.7605766386255614,
        -0.763822225475837
      ],
      [
        -0.7402320220233176,
        -0.7350502879778698,
        -0.7388694846672961,
        -0.6378931463887731,
        -0.7382590351767635,
        -0.7262573605965499,
        -0.7645235237368967,
        -0.7504543091402767,
        -0.7614313254411009,
        -0.7409207942117776,
        -0.7605766386255614,
        1.0,
        -0.7626187106358647
      ],
      [
        -0.7519290685683253,
        -0.7499798225029725,
        -0.750093754150202,
        -0.7495582248899605,
        -0.7482492135148988,
        -0.7618528629983206,
        -0.7627971654569354,
        -0.7528905914835731,
        -0.7408671173490067,
        -0.7655764556207767,
        -0.763822225475837,
        -0.7626187106358647,
        1.0
      ]
    ],
    "series": {
      "2020-01": [
        8,
        0,
        2,
        1,
        1,
        0,
        2,
        0,
        0,
        0,
        0,
        2,
        1
      ],
      "2020-02": [
        11,
        1,
        0,
        3,
        0,
        0,
        1,
        1,
        1,
        0,
        0,
        3,
        0
      ],
      "2020-03": [
        6,
        1,
        1,
        3,
        2,
        0,
        1,
        0,
        3,
        0,
        0,
        3,
        1
      ],
      "2020-04": [
        22,
        1,
        2,
        4,
        3,
        2,
        0,
        1,
        2,
        0,
        0,
        5,
        0
      ],
      "2020-05": [
        12,
        0,
        0,
        7,
        4,
        3,
        0,
        0,
        4,
        0,
        1,
        4,
        0
      ],
      "2020-06": [
        18,
        0,
        0,
        8,
        2,
        1,
        1,
        1,
        1,
        0,
        0,
        1,
        1
      ],
      "2020-07": [
        26,
        3,
        4,
        15,
        7,
        0,
        2,
        0,
        1,
        4,
        0,
        3,
        1
      ],
      "2020-08": [
        21,
        1,
        4,
        10,
        4,
        1,
        2,
        1,
        2,
        0,
        0,
        3,
        0
      ],
      "2020-09": [
        23,
        4,
        8,
        12,
        5,
        3,
        2,
        3,
        3,
        2,
        2,
        5,
        3
      ],
      "2020-10": [
        16,
        2,
        8,
        10,
        3,
        1,
        2,
        0,
        6,
        5,
        0,
        2,
        1
      ],
      "2020-11": [
        30,
        1,
        2,
        12,
        2,
        3,
        0,
        0,
        5,
        2,
        0,
        2,
        2
      ],
      "2020-12": [
        19,
        1,
        3,
        8,
        4,
        6,
        1,
        2,
        0,
        2,
        0,
        6,
        1
      ],
      "2021-01": [
        22,
        0,
        3,
        8,
        5,
        1,
        1,
        1,
        3,
        1,
        0,
        2,
        0
      ],
      "2021-02": [
        33,
        0,
        6,
        2,
        3,
        1,
        2,
        3,
        2,
        2,
        0,
        3,
        3
      ],
      "2021-03": [
        32,
        1,
        3,
        5,
        6,
        2,
        0,
        3,
        2,
        9,
        1,
        3,
        1
      ],
      "2021-04": [
        25,
        2,
        4,
        9,
        7,
        4,
        1,
        3,
        2,
        8,
        0,
        4,
        0
      ],
      "2021-05": [
        26,
        1,
        7,
        10,
        8,
        1,
        0,
        0,
        2,
        3,
        0,
        8,
        1
      ],
      "2021-06": [
        29,
        2,
        6,
        7,
        6,
        0,
        3,
        1,
        4,
        1,
        0,
        3,
        2
      ],
      "2021-07": [
        21,
        0,
        5,
        10,
        8,
        4,
        2,
        1,
        2,
        1,
        0,
        3,
        2
      ],
      "2021-08": [
        19,
        1,
        7,
        10,
        4,
        0,
        3,
        0,
        3,
        4,
        0,
        4,
        1
      ],
      "2021-09": [
        19,
        2,
        1,
        11,
        4,
        0,
        3,
        2,
        3,
        3,
        2,
        7,
        0
      ],
      "2021-10": [
        20,
        2,
        4,
        7,
        4,
        2,
        1,
        4,
        4,
        0,
        1,
        4,
        0
      ],
      "2021-11": [
        23,
        1,
        6,
        4,
        3,
        2,
        2,
        2,
        2,
        9,
        0,
        2,
        0
      ],
      "2021-12": [
        32,
        2,
        1,
        10,
        3,
        0,
        2,
        2,
        2,
        6,
        3,
        2,
        1
      ],
      "2022-01": [
        23,
        1,
        4,
        6,
        3,
        2,
        3,
        1,
        5,
        6,
        0,
        6,
        2
      ],
      "2022-02": [
        26,
        2,
        5,
        4,
        2,
        2,
        3,
        1,
        4,
        4,
        1,
        5,
        0
      ],
      "2022-03": [
        30,
        0,
        4,
        12,
        3,
        0,
        2,
        3,
        8,
        5,
        0,
        2,
        0
      ],
      "2022-04": [
        23,
        1,
        4,
        9,
        5,
        1,
        0,
        3,
        4,
        3,
        3,
        6,
        0
      ],
      "2022-05": [
        35,
        2,
        10,
        13,
        7,
        3,
        4,
        4,
        2,
        5,
        2,
        6,
        0
      ],
      "2022-06": [
        34,
        0,
        5,
        8,
        4,
        1,
        1,
        0,
        3,
        6,
        0,
        3,
        1
      ],
      "2022-07": [
        30,
        2,
        1,
        6,
        4,
        2,
        3,
        1,
        2,
        6,
        1,
        3,
        1
      ],
      "2022-08": [
        25,
        0,
        2,
        8,
        4,
        2,
        12,
        4,
        3,
        2,
        0,
        0,
        2
      ],
      "2022-09": [
        25,
        0,
        4,
        11,
        6,
        2,
        4,
        2,
        2,
        5,
        1,
        4,
        1
      ],
      "2022-10": [
        28,
        0,
        2,
        4,
        0,
        4,
        7,
        5,
        1,
        4,
        1,
        2,
        0
      ],
      "2022-11": [
        22,
        1,
        11,
        10,
        8,
        2,
        4,
        2,
        3,
        4,
        2,
        5,
        1
      ],
      "2022-12": [
        21,
        2,
        4,
        5,
        2,
        2,
        4,
        2,
        2,
        2,
        2,
        2,
        1
      ],
      "2023-01": [
        23,
        3,
        3,
        6,
        4,
        1,
        3,
        1,
        3,
        4,
        0,
        1,
        2
      ],
      "2023-02": [
        32,
        0,
        2,
        10,
        9,
        4,
        2,
        3,
        5,
        0,
        1,
        4,
        1
      ],
      "2023-03": [
        22,
        0,
        10,
        13,
        3,
        3,
        6,
        0,
        8,
        10,
        1,
        5,
        1
      ],
      "2023-04": [
        29,
        2,
        11,
        11,
        8,
        2,
        3,
        2,
        5,
        7,
        1,
        5,
        0
      ],
      "2023-05": [
        35,
        0,
        2,
        18,
        7,
        5,
        3,
        1,
        3,
        7,
        1,
        5,
        1
      ],
      "2023-06": [
        31,
        0,
        4,
        7,
        4,
        1,
        6,
        3,
        6,
        6,
        0,
        7,
        0
      ],
      "2023-07": [
        32,
        1,
        7,
        5,
        7,
        3,
        4,
        2,
        0,
        3,
        0,
        0,
        1
      ],
      "2023-08": [
        33,
        2,
        6,
        6,
        9,
        6,
        6,
        2,
        3,
        11,
        2,
        5,
        0
      ],
      "2023-09": [
        35,
        1,
        8,
        12,
        6,
        4,
        4,
        1,
        3,
        3,
        2,
        1,
        3
      ],
      "2023-10": [
        31,
        0,
        8,
        10,
        4,
        5,
        2,
        1,
        1,
        0,
        2,
        7,
        2
      ],
      "2023-11": [
        36,
        0,
        6,
        10,
        4,
        5,
        8,
        2,
        8,
        5,
        2,
        4,
        2
      ],
      "2023-12": [
        29,
        2,
        6,
        11,
        3,
        7,
        3,
        0,
        2,
        7,
        0,
        4,
        0
      ],
      "2024-01": [
        35,
        2,
        5,
        11,
        10,
        13,
        3,
        3,
        4,
        6,
        1,
        4,
        1
      ],
      "2024-02": [
        32,
        0,
        11,
        11,
        3,
        4,
        2,
        2,
        5,
        8,
        0,
        6,
        1
      ],
      "2024-03": [
        37,
        1,
        6,
        12,
        3,
        13,
        4,
        2,
        3,
        5,
        1,
        6,
        0
      ],
      "2024-04": [
        39,
        3,
        18,
        6,
        2,
        8,
        3,
        4,
        2,
        5,
        1,
        10,
        0
      ],
      "2024-05": [
        44,
        0,
        5,
        11,
        6,
        9,
        4,
        2,
        4,
        2,
        1,
        6,
        0
      ],
      "2024-06": [
        35,
        0,
        3,
        14,
        5,
        10,
        5,
        4,
        6,
        4,
        0,
        8,
        1
      ],
      "2024-07": [
        54,
        1,
        19,
        13,
        6,
        11,
        5,
        4,
        0,
        7,
        0,
        5,
        2
      ],
      "2024-08": [
        28,
        0,
        14,
        14,
        2,
        11,
        6,
        1,
        4,
        5,
        1,
        10,
        4
      ],
      "2024-09": [
        38,
        1,
        11,
        8,
        9,
        14,
        8,
        3,
        4,
        5,
        0,
        4,
        0
      ],
      "2024-10": [
        45,
        1,
        7,
        12,
        7,
        12,
        4,
        5,
        3,
        4,
        4,
        1,
        2
      ],
      "2024-11": [
        39,
        2,
        12,
        16,
        6,
        13,
        7,
        5,
        9,
        8,
        1,
        4,
        1
      ],
      "2024-12": [
        40,
        0,
        14,
        11,
        5,
        15,
        5,
        3,
        4,
        5,
        1,
        5,
        0
      ],
      "2025-01": [
        44,
        1,
        15,
        21,
        5,
        8,
        3,
        2,
        2,
        4,
        2,
        8,
        4
      ],
      "2025-02": [
        46,
        1,
        11,
        19,
        6,
        27,
        5,
        0,
        3,
        10,
        1,
        8,
        1
      ],
      "2025-03": [
        48,
        1,
        21,
        18,
        3,
        19,
        4,
        6,
        4,
        3,
        3,
        9,
        0
      ],
      "2025-04": [
        57,
        1,
        17,
        15,
        9,
        30,
        5,
        4,
        6,
        4,
        1,
        5,
        0
      ],
      "2025-05": [
        65,
        2,
        19,
        17,
        4,
        20,
        4,
        3,
        3,
        7,
        0,
        5,
        3
      ],
      "2025-06": [
        56,
        1,
        13,
        16,
        3,
        19,
        6,
        4,
        3,
        4,
        2,
        6,
        2
      ],
      "2025-07": [
        45,
        0,
        20,
        9,
        4,
        21,
        1,
        6,
        5,
        8,
        2,
        7,
        3
      ],
      "2025-08": [
        61,
        3,
        15,
        7,
        2,
        25,
        5,
        4,
        2,
        7,
        2,
        9,
        4
      ],
      "2025-09": [
        21,
        0,
        6,
        8,
        3,
        6,
        1,
        3,
        2,
        3,
        1,
        2,
        0
      ]
    },
    "papers": {
      "0": [
        {
          "title": "NicePIM: Design Space Exploration for Processing-In-Memory DNN Accelerators with 3D-Stacked-DRAM",
          "year": "2023-05",
          "abstract": "With the widespread use of deep neural networks(DNNs) in intelligent systems,\nDNN accelerators with high performance and energy efficiency are greatly\ndemanded. As one of the feasible processing-in-memory(PIM) architectures,\n3D-stacked-DRAM-based PIM(DRAM-PIM) architecture enables large-capacity memory\nand low-cost memory access, which is a promising solution for DNN accelerators\nwith better performance and energy efficiency. However, the low-cost\ncharacteristics of stacked DRAM and the distributed manner of memory access and\ndata storing require us to rebalance the hardware design and DNN mapping. In\nthis paper, we propose NicePIM to efficiently explore the design space of\nhardware architecture and DNN mapping of DRAM-PIM accelerators, which consists\nof three key components: PIM-Tuner, PIM-Mapper and Data-Scheduler. PIM-Tuner\noptimizes the hardware configurations leveraging a DNN model for classifying\narea-compliant architectures and a deep kernel learning model for identifying\nbetter hardware parameters. PIM-Mapper explores a variety of DNN mapping\nconfigurations, including parallelism between branches of DNN, DNN layer\npartitioning, DRAM capacity allocation and data layout pattern in DRAM to\ngenerate high-hardware-utilization DNN mapping schemes for various hardware\nconfigurations. The Data-Scheduler employs an integer-linear-programming-based\ndata scheduling algorithm to alleviate the inter-PIM-node communication\noverhead of data-sharing brought by DNN layer partitioning. Experimental\nresults demonstrate that NicePIM can optimize hardware configurations for\nDRAM-PIM systems effectively and can generate high-quality DNN mapping schemes\nwith latency and energy cost reduced by 37% and 28% on average respectively\ncompared to the baseline method.",
          "arxiv_id": "2305.19041v1"
        },
        {
          "title": "NAX: Co-Designing Neural Network and Hardware Architecture for Memristive Xbar based Computing Systems",
          "year": "2021-06",
          "abstract": "In-Memory Computing (IMC) hardware using Memristive Crossbar Arrays (MCAs)\nare gaining popularity to accelerate Deep Neural Networks (DNNs) since it\nalleviates the \"memory wall\" problem associated with von-Neumann architecture.\nThe hardware efficiency (energy, latency and area) as well as application\naccuracy (considering device and circuit non-idealities) of DNNs mapped to such\nhardware are co-dependent on network parameters, such as kernel size, depth\netc. and hardware architecture parameters such as crossbar size. However,\nco-optimization of both network and hardware parameters presents a challenging\nsearch space comprising of different kernel sizes mapped to varying crossbar\nsizes. To that effect, we propose NAX -- an efficient neural architecture\nsearch engine that co-designs neural network and IMC based hardware\narchitecture. NAX explores the aforementioned search space to determine kernel\nand corresponding crossbar sizes for each DNN layer to achieve optimal\ntradeoffs between hardware efficiency and application accuracy. Our results\nfrom NAX show that the networks have heterogeneous crossbar sizes across\ndifferent network layers, and achieves optimal hardware efficiency and accuracy\nconsidering the non-idealities in crossbars. On CIFAR-10 and Tiny ImageNet, our\nmodels achieve 0.8%, 0.2% higher accuracy, and 17%, 4% lower EDAP\n(energy-delay-area product) compared to a baseline ResNet-20 and ResNet-18\nmodels, respectively.",
          "arxiv_id": "2106.12125v1"
        },
        {
          "title": "NeuroNAS: Enhancing Efficiency of Neuromorphic In-Memory Computing for Intelligent Mobile Agents through Hardware-Aware Spiking Neural Architecture Search",
          "year": "2024-06",
          "abstract": "Intelligent mobile agents (e.g., UGVs and UAVs) typically demand low\npower/energy consumption when solving their machine learning (ML)-based tasks,\nsince they are usually powered by portable batteries with limited capacity. A\npotential solution is employing neuromorphic computing with Spiking Neural\nNetworks (SNNs), which leverages event-based computation to enable ultra-low\npower/energy ML algorithms. To maximize the performance efficiency of SNN\ninference, the In-Memory Computing (IMC)-based hardware accelerators with\nemerging device technologies (e.g., RRAM) can be employed. However, SNN models\nare typically developed without considering constraints from the application\nand the underlying IMC hardware, thereby hindering SNNs from reaching their\nfull potential in performance and efficiency. To address this, we propose\nNeuroNAS, a novel framework for developing energyefficient neuromorphic IMC for\nintelligent mobile agents using hardware-aware spiking neural architecture\nsearch (NAS), i.e., by quickly finding an SNN architecture that offers high\naccuracy under the given constraints (e.g., memory, area, latency, and energy\nconsumption). Its key steps include: optimizing SNN operations to enable\nefficient NAS, employing quantization to minimize the memory footprint,\ndeveloping an SNN architecture that facilitates an effective learning, and\ndevising a systematic hardware-aware search algorithm to meet the constraints.\nCompared to the state-of-the-art techniques, NeuroNAS quickly finds SNN\narchitectures (with 8bit weight precision) that maintain high accuracy by up to\n6.6x search time speed-ups, while achieving up to 92% area savings, 1.2x\nlatency improvements, 84% energy savings across different datasets (i.e.,\nCIFAR-10, CIFAR-100, and TinyImageNet-200); while the state-of-the-art fail to\nmeet all constraints at once.",
          "arxiv_id": "2407.00641v3"
        }
      ],
      "1": [
        {
          "title": "Ara2: Exploring Single- and Multi-Core Vector Processing with an Efficient RVV 1.0 Compliant Open-Source Processor",
          "year": "2023-11",
          "abstract": "Vector processing is highly effective in boosting processor performance and\nefficiency for data-parallel workloads. In this paper, we present Ara2, the\nfirst fully open-source vector processor to support the RISC-V V 1.0 frozen\nISA. We evaluate Ara2's performance on a diverse set of data-parallel kernels\nfor various problem sizes and vector-unit configurations, achieving an average\nfunctional-unit utilization of 95% on the most computationally intensive\nkernels. We pinpoint performance boosters and bottlenecks, including the scalar\ncore, memories, and vector architecture, providing insights into the main\nvector architecture's performance drivers. Leveraging the openness of the\ndesign, we implement Ara2 in a 22nm technology, characterize its PPA metrics on\nvarious configurations (2-16 lanes), and analyze its microarchitecture and\nimplementation bottlenecks. Ara2 achieves a state-of-the-art energy efficiency\nof 37.8 DP-GFLOPS/W (0.8V) and 1.35GHz of clock frequency (critical path: ~40\nFO4 gates). Finally, we explore the performance and energy-efficiency\ntrade-offs of multi-core vector processors: we find that multiple vector cores\nhelp overcome the scalar core issue-rate bound that limits short-vector\nperformance. For example, a cluster of eight 2-lane Ara2 (16 FPUs) achieves\nmore than 3x better performance than a 16-lane single-core Ara2 (16 FPUs) when\nexecuting a 32x32x32 matrix multiplication, with 1.5x improved energy\nefficiency.",
          "arxiv_id": "2311.07493v2"
        },
        {
          "title": "High-Level FPGA Accelerator Design for Structured-Mesh-Based Explicit Numerical Solvers",
          "year": "2021-01",
          "abstract": "This paper presents a workflow for synthesizing near-optimal FPGA\nimplementations for structured-mesh based stencil applications for explicit\nsolvers. It leverages key characteristics of the application class, its\ncomputation-communication pattern, and the architectural capabilities of the\nFPGA to accelerate solvers from the high-performance computing domain. Key new\nfeatures of the workflow are (1) the unification of standard state-of-the-art\ntechniques with a number of high-gain optimizations such as batching and\nspatial blocking/tiling, motivated by increasing throughput for real-world work\nloads and (2) the development and use of a predictive analytic model for\nexploring the design space, resource estimates and performance. Three\nrepresentative applications are implemented using the design workflow on a\nXilinx Alveo U280 FPGA, demonstrating near-optimal performance and over 85%\npredictive model accuracy. These are compared with equivalent highly-optimized\nimplementations of the same applications on modern HPC-grade GPUs (Nvidia V100)\nanalyzing time to solution, bandwidth and energy consumption. Performance\nresults indicate equivalent runtime performance of the FPGA implementations to\nthe V100 GPU, with over 2x energy savings, for the largest non-trivial\napplication synthesized on the FPGA compared to the best performing GPU-based\nsolution. Our investigation shows the considerable challenges in gaining high\nperformance on current generation FPGAs compared to traditional architectures.\nWe discuss determinants for a given stencil code to be amenable to FPGA\nimplementation, providing insights into the feasibility and profitability of a\ndesign and its resulting performance.",
          "arxiv_id": "2101.01177v2"
        },
        {
          "title": "Evaluating IOMMU-Based Shared Virtual Addressing for RISC-V Embedded Heterogeneous SoCs",
          "year": "2025-02",
