{
  "topics": {
    "data": {
      "0": {
        "name": "0_data_learning_model_neural",
        "keywords": [
          [
            "data",
            0.02462832882779855
          ],
          [
            "learning",
            0.017175222118569065
          ],
          [
            "model",
            0.016790542401816544
          ],
          [
            "neural",
            0.016728825746648347
          ],
          [
            "models",
            0.015271134671114385
          ],
          [
            "flow",
            0.015174852619822763
          ],
          [
            "network",
            0.01187434252635014
          ],
          [
            "training",
            0.011559239404258306
          ],
          [
            "physics",
            0.009819815934647586
          ],
          [
            "method",
            0.009760078275588275
          ]
        ],
        "count": 1670
      },
      "1": {
        "name": "1_method_order_scheme_numerical",
        "keywords": [
          [
            "method",
            0.024283826209289837
          ],
          [
            "order",
            0.014711055611854644
          ],
          [
            "scheme",
            0.014708716664425848
          ],
          [
            "numerical",
            0.01364688486019426
          ],
          [
            "flows",
            0.013299799417376842
          ],
          [
            "equations",
            0.012182098220911024
          ],
          [
            "flow",
            0.010475242837839757
          ],
          [
            "schemes",
            0.010364053471359994
          ],
          [
            "model",
            0.010309058772303465
          ],
          [
            "phase",
            0.010125813297323859
          ]
        ],
        "count": 1182
      },
      "2": {
        "name": "2_turbulence_energy_vortex_equations",
        "keywords": [
          [
            "turbulence",
            0.018068232467984446
          ],
          [
            "energy",
            0.014517810202001913
          ],
          [
            "vortex",
            0.014211709708042194
          ],
          [
            "equations",
            0.013115295106759165
          ],
          [
            "time",
            0.012373545518773527
          ],
          [
            "fluid",
            0.012283261040036084
          ],
          [
            "dimensional",
            0.010124573153037197
          ],
          [
            "velocity",
            0.01001352160781454
          ],
          [
            "equation",
            0.009966966617399617
          ],
          [
            "scale",
            0.009915749331216611
          ]
        ],
        "count": 1162
      },
      "3": {
        "name": "3_droplet_liquid_surface_contact",
        "keywords": [
          [
            "droplet",
            0.026865050418208497
          ],
          [
            "liquid",
            0.023278190017301966
          ],
          [
            "surface",
            0.01990115817564368
          ],
          [
            "contact",
            0.018987839445082113
          ],
          [
            "droplets",
            0.018700512964713582
          ],
          [
            "bubble",
            0.018003238206579487
          ],
          [
            "drop",
            0.015388350005331845
          ],
          [
            "film",
            0.013634012597865607
          ],
          [
            "dynamics",
            0.012075091866239273
          ],
          [
            "impact",
            0.011972970056115292
          ]
        ],
        "count": 1129
      },
      "4": {
        "name": "4_wake_flow_wind_vortex",
        "keywords": [
          [
            "wake",
            0.022017557341417346
          ],
          [
            "flow",
            0.02065823231879163
          ],
          [
            "wind",
            0.019510031086730446
          ],
          [
            "vortex",
            0.01322319605709872
          ],
          [
            "turbine",
            0.012515569510503286
          ],
          [
            "Reynolds",
            0.010997948704970877
          ],
          [
            "wing",
            0.009744073571079473
          ],
          [
            "number",
            0.009675556281414772
          ],
          [
            "layer",
            0.009527444325174219
          ],
          [
            "frequency",
            0.00934057420988609
          ]
        ],
        "count": 972
      },
      "5": {
        "name": "5_magnetic_convection_number_Rayleigh",
        "keywords": [
          [
            "magnetic",
            0.027317264460618534
          ],
          [
            "convection",
            0.02724044627345683
          ],
          [
            "number",
            0.015599145916755857
          ],
          [
            "Rayleigh",
            0.015054350193251043
          ],
          [
            "field",
            0.014357082793205675
          ],
          [
            "magnetic field",
            0.013589417612890066
          ],
          [
            "scale",
            0.012656813222422623
          ],
          [
            "turbulence",
            0.012327206210534986
          ],
          [
            "dynamo",
            0.012031156105080104
          ],
          [
            "simulations",
            0.011901186312128052
          ]
        ],
        "count": 895
      },
      "6": {
        "name": "6_active_swimming_swimmer_swimmers",
        "keywords": [
          [
            "active",
            0.032549754760096264
          ],
          [
            "swimming",
            0.02250177903834078
          ],
          [
            "swimmer",
            0.016496091201363746
          ],
          [
            "swimmers",
            0.01621868571642212
          ],
          [
            "fluid",
            0.014695767187006057
          ],
          [
            "motion",
            0.014284638858408706
          ],
          [
            "particles",
            0.013618323573161333
          ],
          [
            "hydrodynamic",
            0.012832077308257084
          ],
          [
            "dynamics",
            0.012453769799683904
          ],
          [
            "flow",
            0.012399760689538006
          ]
        ],
        "count": 677
      },
      "7": {
        "name": "7_wave_waves_surface_water",
        "keywords": [
          [
            "wave",
            0.047945447762269146
          ],
          [
            "waves",
            0.04494514395614094
          ],
          [
            "surface",
            0.01844733311671813
          ],
          [
            "water",
            0.017324105882069174
          ],
          [
            "gravity",
            0.014306168617525187
          ],
          [
            "nonlinear",
            0.01404429321694899
          ],
          [
            "equation",
            0.013874959691299383
          ],
          [
            "ocean",
            0.010872724597693235
          ],
          [
            "energy",
            0.010856278874030682
          ],
          [
            "internal",
            0.010758331221847233
          ]
        ],
        "count": 589
      },
      "8": {
        "name": "8_flame_combustion_flames_detonation",
        "keywords": [
          [
            "flame",
            0.0605687213875168
          ],
          [
            "combustion",
            0.026163131635637386
          ],
          [
            "flames",
            0.024138269111220752
          ],
          [
            "detonation",
            0.02065646307291343
          ],
          [
            "premixed",
            0.01590928996894232
          ],
          [
            "ignition",
            0.013973283776678424
          ],
          [
            "hydrogen",
            0.013842018428989536
          ],
          [
            "fuel",
            0.0129999485898155
          ],
          [
            "model",
            0.012822993363256123
          ],
          [
            "rate",
            0.01124727607025981
          ]
        ],
        "count": 462
      },
      "9": {
        "name": "9_shear_viscoelastic_flow_elastic",
        "keywords": [
          [
            "shear",
            0.025891100767822254
          ],
          [
            "viscoelastic",
            0.02533623251793953
          ],
          [
            "flow",
            0.02435868445089692
          ],
          [
            "elastic",
            0.01961449107852523
          ],
          [
            "stress",
            0.019366436965746896
          ],
          [
            "polymer",
            0.019005844873205918
          ],
          [
            "fluid",
            0.01689350293792754
          ],
          [
            "fluids",
            0.015565753178829488
          ],
          [
            "Newtonian",
            0.013886459661468504
          ],
          [
            "flows",
            0.012180261400270348
          ]
        ],
        "count": 397
      },
      "10": {
        "name": "10_porous_media_porous media_pore",
        "keywords": [
          [
            "porous",
            0.03399662670510633
          ],
          [
            "media",
            0.028548590333329554
          ],
          [
            "porous media",
            0.025256102952661234
          ],
          [
            "pore",
            0.024756668342612486
          ],
          [
            "flow",
            0.02144186588565212
          ],
          [
            "permeability",
            0.020726924465101666
          ],
          [
            "fluid",
            0.01805260771308456
          ],
          [
            "model",
            0.01547690204209507
          ],
          [
            "phase",
            0.011606592665925737
          ],
          [
            "scale",
            0.011242864789583256
          ]
        ],
        "count": 315
      },
      "11": {
        "name": "11_wall_Reynolds_boundary_turbulent",
        "keywords": [
          [
            "wall",
            0.047190328010352764
          ],
          [
            "Reynolds",
            0.02703344132001237
          ],
          [
            "boundary",
            0.023731059837462123
          ],
          [
            "turbulent",
            0.02360853557817589
          ],
          [
            "layer",
            0.02292505245926698
          ],
          [
            "velocity",
            0.02058950501049006
          ],
          [
            "pressure",
            0.019928411117936633
          ],
          [
            "turbulent boundary",
            0.01789387638452489
          ],
          [
            "mean",
            0.0167534165091396
          ],
          [
            "outer",
            0.016204791514246534
          ]
        ],
        "count": 193
      },
      "12": {
        "name": "12_blood_flow_blood flow_model",
        "keywords": [
          [
            "blood",
            0.044994863073682
          ],
          [
            "flow",
            0.03309144375316276
          ],
          [
            "blood flow",
            0.029293422810582764
          ],
          [
            "model",
            0.017400004639548546
          ],
          [
            "patient",
            0.017046677012272787
          ],
          [
            "hemodynamics",
            0.01645422459729729
          ],
          [
            "aortic",
            0.015902167657696788
          ],
          [
            "cardiovascular",
            0.014026782424655992
          ],
          [
            "computational",
            0.013533598373677801
          ],
          [
            "CFD",
            0.01352650199377959
          ]
        ],
        "count": 173
      },
      "13": {
        "name": "13_droplets_transmission_respiratory_air",
        "keywords": [
          [
            "droplets",
            0.032871126941674315
          ],
          [
            "transmission",
            0.029118410910203688
          ],
          [
            "respiratory",
            0.026877710757627616
          ],
          [
            "air",
            0.023582265466232724
          ],
          [
            "infection",
            0.021415702804345647
          ],
          [
            "masks",
            0.020652442708811235
          ],
          [
            "COVID",
            0.020062296658154278
          ],
          [
            "aerosol",
            0.02004428040859915
          ],
          [
            "ventilation",
            0.019882262692910404
          ],
          [
            "airborne",
            0.0196834492436955
          ]
        ],
        "count": 169
      },
      "14": {
        "name": "14_control_learning_reinforcement_reinforcement learning",
        "keywords": [
          [
            "control",
            0.06227211477548711
          ],
          [
            "learning",
            0.03638906610114165
          ],
          [
            "reinforcement",
            0.03575667800456212
          ],
          [
            "reinforcement learning",
            0.03569016634061207
          ],
          [
            "flow",
            0.02514509695201234
          ],
          [
            "flow control",
            0.020060081086046743
          ],
          [
            "agent",
            0.019764092951336316
          ],
          [
            "RL",
            0.019584833785547238
          ],
          [
            "deep reinforcement learning",
            0.01709449827715632
          ],
          [
            "deep reinforcement",
            0.01709449827715632
          ]
        ],
        "count": 156
      },
      "15": {
        "name": "15_particle_particles_turbulence_turbulent",
        "keywords": [
          [
            "particle",
            0.05246297822217216
          ],
          [
            "particles",
            0.05152071037717957
          ],
          [
            "turbulence",
            0.024979488175911085
          ],
          [
            "turbulent",
            0.020029779165172557
          ],
          [
            "settling",
            0.020023313845593797
          ],
          [
            "velocity",
            0.01791028551625582
          ],
          [
            "inertial",
            0.01750865427003751
          ],
          [
            "flow",
            0.01723069974906867
          ],
          [
            "inertial particles",
            0.017164399923698573
          ],
          [
            "number",
            0.014966694486901551
          ]
        ],
        "count": 152
      },
      "16": {
        "name": "16_electric_charge_flow_electrolyte",
        "keywords": [
          [
            "electric",
            0.023793948168050937
          ],
          [
            "charge",
            0.022960781597617684
          ],
          [
            "flow",
            0.019039138617913613
          ],
          [
            "electrolyte",
            0.01467985980224249
          ],
          [
            "electrokinetic",
            0.014447688064062728
          ],
          [
            "ion",
            0.01425949609843665
          ],
          [
            "electric field",
            0.013314430244885751
          ],
          [
            "field",
            0.013240776159976977
          ],
          [
            "liquid",
            0.012761409581723844
          ],
          [
            "microfluidic",
            0.01264441385542966
          ]
        ],
        "count": 143
      }
    },
    "correlations": [
      [
        1.0,
        -0.6682629990031432,
        -0.6766450349223391,
        -0.7246005425655967,
        -0.6967310765616114,
        -0.7137441153706541,
        -0.7115536475895482,
        -0.7164995766268263,
        -0.7283554908846621,
        -0.6978273629933397,
        -0.7065759482691937,
        -0.6831112523447378,
        -0.6811822563695529,
        -0.7452213324019301,
        -0.6080008286562215,
        -0.7167276356144616,
        -0.7341325534976681
      ],
      [
        -0.6682629990031432,
        1.0,
        -0.45086108993692375,
        -0.7145652213708207,
        -0.6459419107235458,
        -0.7160975699437043,
        -0.7216622153151732,
        -0.7099789283658735,
        -0.6768435995930226,
        -0.7043904013891016,
        -0.7057334779675071,
        -0.690603176377988,
        -0.7035865685521645,
        -0.7468079247736608,
        -0.7106335034176755,
        -0.7070473277358625,
        -0.7320261458566425
      ],
      [
        -0.6766450349223391,
        -0.45086108993692375,
        1.0,
        -0.6935919495068543,
        -0.6854511216543518,
        -0.42697507198040435,
        -0.3625790066610474,
        -0.6896208890312988,
        -0.747481932338766,
        -0.6620531321457508,
        -0.6900964957898343,
        -0.6497179609363468,
        -0.6989579220176034,
        -0.7413319567982682,
        -0.699782533827355,
        -0.5946597202866617,
        -0.7039447234952152
      ],
      [
        -0.7246005425655967,
        -0.7145652213708207,
        -0.6935919495068543,
        1.0,
        -0.7240128479560517,
        -0.7091156070057745,
        -0.6966508241256488,
        -0.6178570482927395,
        -0.7407040970009775,
        -0.6927911564497934,
        -0.7171107799487838,
        -0.7147507216636115,
        -0.7317786542369981,
        -0.5536750196611329,
        -0.7185673254295495,
        -0.71886645551792,
        -0.7189425240077585
      ],
      [
        -0.6967310765616114,
        -0.6459419107235458,
        -0.6854511216543518,
        -0.7240128479560517,
        1.0,
        -0.6957208775921402,
        -0.7021100530540665,
        -0.7150463239704956,
        -0.6526625842940026,
        -0.5000169461483739,
        -0.5310048650035499,
        -0.5309391202134882,
        -0.434406370697215,
        -0.7413897831681217,
        -0.5260391131330688,
        -0.708009793608768,
        -0.4265991104534509
      ],
      [
        -0.7137441153706541,
        -0.7160975699437043,
        -0.42697507198040435,
        -0.7091156070057745,
        -0.6957208775921402,
        1.0,
        -0.42162732732947183,
        -0.7070985777763783,
        -0.7516321025174679,
        -0.681642094320045,
        -0.6941047502434776,
        -0.6570166059391733,
        -0.718826071486785,
        -0.7449210404786594,
        -0.7088806003339537,
        -0.7046918673018301,
        -0.7001150982957727
      ],
      [
        -0.7115536475895482,
        -0.7216622153151732,
        -0.3625790066610474,
        -0.6966508241256488,
        -0.7021100530540665,
        -0.42162732732947183,
        1.0,
        -0.7030867256776934,
        -0.7494498202869011,
        -0.6697029715762818,
        -0.6979891176991463,
        -0.6980003737271185,
        -0.7261007286285994,
        -0.7377052969091253,
        -0.6878338328788209,
        -0.6656127619874395,
        -0.7191427191872019
      ],
      [
        -0.7164995766268263,
        -0.7099789283658735,
        -0.6896208890312988,
        -0.6178570482927395,
        -0.7150463239704956,
        -0.7070985777763783,
        -0.7030867256776934,
        1.0,
        -0.7372906735822318,
        -0.7086964979836886,
        -0.7223991712708718,
        -0.7071090866246965,
        -0.7367985298805865,
        -0.7365178337223883,
        -0.7271550146717127,
        -0.7216929548374227,
        -0.7262580615038325
      ],
      [
        -0.7283554908846621,
        -0.6768435995930226,
        -0.747481932338766,
        -0.7407040970009775,
        -0.6526625842940026,
        -0.7516321025174679,
        -0.7494498202869011,
        -0.7372906735822318,
        1.0,
        -0.7480183263347442,
        -0.7455459724015936,
        -0.7409552661347438,
        -0.7402843811479347,
        -0.7470539584575493,
        -0.7403918101858249,
        -0.7438143841524443,
        -0.7471360124169937
      ],
      [
        -0.6978273629933397,
        -0.7043904013891016,
        -0.6620531321457508,
        -0.6927911564497934,
        -0.5000169461483739,
        -0.681642094320045,
        -0.6697029715762818,
        -0.7086964979836886,
        -0.7480183263347442,
        1.0,
        -0.31248395153894837,
        -0.6382220007535433,
        -0.4432047169191461,
        -0.7426142159316185,
        -0.5672000902522845,
        -0.6701615594413168,
        -0.4499717234695765
      ],
      [
        -0.7065759482691937,
        -0.7057334779675071,
        -0.6900964957898343,
        -0.7171107799487838,
        -0.5310048650035499,
        -0.6941047502434776,
        -0.6979891176991463,
        -0.7223991712708718,
        -0.7455459724015936,
        -0.31248395153894837,
        1.0,
        -0.687777884182392,
        -0.49608830908494217,
        -0.7443258550643173,
        -0.5842361695760505,
        -0.6979724921293751,
        -0.4769453269918122
      ],
      [
        -0.6831112523447378,
        -0.690603176377988,
        -0.6497179609363468,
        -0.7147507216636115,
        -0.5309391202134882,
        -0.6570166059391733,
        -0.6980003737271185,
        -0.7071090866246965,
        -0.7409552661347438,
        -0.6382220007535433,
        -0.687777884182392,
        1.0,
        -0.6608996073139087,
        -0.7478150002927488,
        -0.6742448759475401,
        -0.6920622224684758,
        -0.6967564042857604
      ],
      [
        -0.6811822563695529,
        -0.7035865685521645,
        -0.6989579220176034,
        -0.7317786542369981,
        -0.434406370697215,
        -0.718826071486785,
        -0.7261007286285994,
        -0.7367985298805865,
        -0.7402843811479347,
        -0.4432047169191461,
        -0.49608830908494217,
        -0.6608996073139087,
        1.0,
        -0.742696186856979,
        -0.5205431269125063,
        -0.7170380790513652,
        -0.35403857729404276
      ],
      [
        -0.7452213324019301,
        -0.7468079247736608,
        -0.7413319567982682,
        -0.5536750196611329,
        -0.7413897831681217,
        -0.7449210404786594,
        -0.7377052969091253,
        -0.7365178337223883,
        -0.7470539584575493,
        -0.7426142159316185,
        -0.7443258550643173,
        -0.7478150002927488,
        -0.742696186856979,
        1.0,
        -0.7381644902467046,
        -0.7300114987158586,
        -0.7373366006128184
      ],
      [
        -0.6080008286562215,
        -0.7106335034176755,
        -0.699782533827355,
        -0.7185673254295495,
        -0.5260391131330688,
        -0.7088806003339537,
        -0.6878338328788209,
        -0.7271550146717127,
        -0.7403918101858249,
        -0.5672000902522845,
        -0.5842361695760505,
        -0.6742448759475401,
        -0.5205431269125063,
        -0.7381644902467046,
        1.0,
        -0.717988291642371,
        -0.5177452546493723
      ],
      [
        -0.7167276356144616,
        -0.7070473277358625,
        -0.5946597202866617,
        -0.71886645551792,
        -0.708009793608768,
        -0.7046918673018301,
        -0.6656127619874395,
        -0.7216929548374227,
        -0.7438143841524443,
        -0.6701615594413168,
        -0.6979724921293751,
        -0.6920622224684758,
        -0.7170380790513652,
        -0.7300114987158586,
        -0.717988291642371,
        1.0,
        -0.7027376926218706
      ],
      [
        -0.7341325534976681,
        -0.7320261458566425,
        -0.7039447234952152,
        -0.7189425240077585,
        -0.4265991104534509,
        -0.7001150982957727,
        -0.7191427191872019,
        -0.7262580615038325,
        -0.7471360124169937,
        -0.4499717234695765,
        -0.4769453269918122,
        -0.6967564042857604,
        -0.35403857729404276,
        -0.7373366006128184,
        -0.5177452546493723,
        -0.7027376926218706,
        1.0
      ]
    ],
    "series": {
      "2020-01": [
        41,
        9,
        13,
        10,
        6,
        9,
        5,
        12,
        4,
        2,
        4,
        14,
        12,
        3,
        9,
        10,
        1
      ],
      "2020-02": [
        38,
        3,
        25,
        11,
        5,
        12,
        9,
        16,
        1,
        7,
        5,
        14,
        8,
        0,
        2,
        17,
        4
      ],
      "2020-03": [
        34,
        5,
        13,
        21,
        7,
        11,
        2,
        21,
        1,
        6,
        10,
        7,
        6,
        4,
        13,
        8,
        0
      ],
      "2020-04": [
        53,
        5,
        21,
        15,
        3,
        18,
        11,
        20,
        3,
        11,
        7,
        25,
        6,
        5,
        7,
        16,
        1
      ],
      "2020-05": [
        49,
        11,
        16,
        23,
        10,
        10,
        6,
        15,
        8,
        14,
        7,
        24,
        8,
        8,
        8,
        16,
        2
      ],
      "2020-06": [
        35,
        10,
        24,
        13,
        8,
        17,
        3,
        14,
        8,
        12,
        13,
        40,
        9,
        6,
        12,
        13,
        4
      ],
      "2020-07": [
        49,
        10,
        14,
        15,
        6,
        15,
        5,
        33,
        3,
        5,
        10,
        24,
        12,
        7,
        11,
        15,
        5
      ],
      "2020-08": [
        35,
        10,
        13,
        17,
        5,
        9,
        7,
        15,
        5,
        6,
        11,
        18,
        4,
        9,
        9,
        9,
        2
      ],
      "2020-09": [
        43,
        5,
        14,
        14,
        9,
        12,
        10,
        12,
        9,
        7,
        11,
        25,
        12,
        4,
        7,
        14,
        2
      ],
      "2020-10": [
        47,
        5,
        22,
        11,
        10,
        15,
        3,
        25,
        3,
        8,
        10,
        26,
        7,
        7,
        10,
        18,
        1
      ],
      "2020-11": [
        47,
        6,
        18,
        16,
        6,
        13,
        4,
        27,
        5,
        7,
        12,
        16,
        11,
        7,
        12,
        26,
        2
      ],
      "2020-12": [
        55,
        11,
        17,
        10,
        10,
        13,
        9,
        16,
        4,
        7,
        19,
        25,
        12,
        3,
        5,
        20,
        3
      ],
      "2021-01": [
        61,
        11,
        21,
        12,
        5,
        11,
        5,
        20,
        8,
        7,
        11,
        23,
        12,
        6,
        3,
        10,
        0
      ],
      "2021-02": [
        51,
        5,
        16,
        16,
        6,
        4,
        6,
        25,
        10,
        11,
        7,
        31,
        11,
        3,
        9,
        16,
        1
      ],
      "2021-03": [
        63,
        5,
        18,
        16,
        9,
        13,
        7,
        26,
        14,
        13,
        16,
        32,
        13,
        5,
        15,
        17,
        1
      ],
      "2021-04": [
        46,
        6,
        14,
        12,
        8,
        9,
        10,
        17,
        4,
        10,
        5,
        18,
        13,
        5,
        5,
        18,
        5
      ],
      "2021-05": [
        48,
        4,
        20,
        19,
        11,
        10,
        6,
        18,
        3,
        5,
        14,
        11,
        4,
        1,
        13,
        20,
        1
      ],
      "2021-06": [
        50,
        7,
        28,
        15,
        4,
        16,
        9,
        26,
        4,
        7,
        14,
        25,
        10,
        2,
        13,
        13,
        3
      ],
      "2021-07": [
        48,
        7,
        18,
        10,
        4,
        17,
        6,
        18,
        1,
        12,
        10,
        22,
        9,
        2,
        12,
        18,
        4
      ],
      "2021-08": [
        43,
        6,
        19,
        15,
        4,
        15,
        4,
        25,
        6,
        9,
        11,
        20,
        15,
        6,
        7,
        14,
        0
      ],
      "2021-09": [
        36,
        12,
        12,
        14,
        4,
        12,
        13,
        11,
        3,
        9,
        15,
        16,
        8,
        5,
        4,
        16,
        3
      ],
      "2021-10": [
        55,
        5,
        14,
        12,
        7,
        13,
        4,
        17,
        2,
        15,
        15,
        22,
        9,
        6,
        7,
        20,
        2
      ],
      "2021-11": [
        55,
        7,
        20,
        17,
        7,
        13,
        6,
        11,
        4,
        11,
        7,
        23,
        11,
        2,
        13,
        8,
        2
      ],
      "2021-12": [
        52,
        11,
        25,
        12,
        7,
        19,
        7,
        20,
        5,
        10,
        16,
        20,
        11,
        3,
        8,
        11,
        1
      ],
      "2022-01": [
        41,
        10,
        15,
        12,
        7,
        7,
        1,
        20,
        11,
        11,
        15,
        17,
        7,
        6,
        11,
        22,
        6
      ],
      "2022-02": [
        56,
        9,
        14,
        15,
        14,
        12,
        6,
        25,
        13,
        9,
        9,
        25,
        7,
        4,
        9,
        16,
        2
      ],
      "2022-03": [
        55,
        8,
        16,
        20,
        5,
        12,
        8,
        23,
        5,
        11,
        11,
        13,
        11,
        2,
        6,
        17,
        1
      ],
      "2022-04": [
        41,
        2,
        11,
        8,
        5,
        13,
        5,
        14,
        3,
        4,
        9,
        26,
        9,
        4,
        5,
        11,
        3
      ],
      "2022-05": [
        47,
        9,
        16,
        11,
        12,
        18,
        6,
        24,
        1,
        12,
        6,
        22,
        8,
        2,
        10,
        14,
        5
      ],
      "2022-06": [
        39,
        6,
        15,
        14,
        8,
        6,
        5,
        25,
        4,
        13,
        5,
        21,
        9,
        6,
        10,
        10,
        0
      ],
      "2022-07": [
        57,
        6,
        16,
        16,
        9,
        19,
        5,
        25,
        8,
        6,
        9,
        26,
        15,
        4,
        9,
        17,
        3
      ],
      "2022-08": [
        48,
        10,
        16,
        17,
        6,
        10,
        11,
        18,
        4,
        11,
        9,
        19,
        10,
        1,
        12,
        17,
        1
      ],
      "2022-09": [
        44,
        5,
        15,
        9,
        6,
        14,
        10,
        18,
        4,
        6,
        5,
        15,
        13,
        1,
        5,
        14,
        5
      ],
      "2022-10": [
        59,
        7,
        19,
        17,
        7,
        5,
        5,
        18,
        6,
        10,
        8,
        20,
        6,
        3,
        13,
        15,
        1
      ],
      "2022-11": [
        53,
        10,
        20,
        20,
        3,
        14,
        5,
        23,
        6,
        13,
        9,
        23,
        11,
        3,
        13,
        13,
        8
      ],
      "2022-12": [
        32,
        5,
        17,
        15,
        11,
        14,
        7,
        17,
        8,
        9,
        12,
        21,
        11,
        3,
        14,
        23,
        3
      ],
      "2023-01": [
        71,
        13,
        11,
        17,
        9,
        11,
        6,
        24,
        4,
        8,
        16,
        27,
        9,
        4,
        18,
        17,
        2
      ],
      "2023-02": [
        49,
        11,
        15,
        14,
        13,
        11,
        11,
        17,
        4,
        4,
        7,
        26,
        15,
        3,
        11,
        17,
        0
      ],
      "2023-03": [
        55,
        7,
        21,
        10,
        6,
        10,
        6,
        24,
        5,
        9,
        13,
        26,
        13,
        3,
        9,
        16,
        3
      ],
      "2023-04": [
        51,
        7,
        13,
        9,
        7,
        12,
        10,
        24,
        5,
        6,
        16,
        21,
        18,
        7,
        16,
        15,
        0
      ],
      "2023-05": [
        54,
        14,
        17,
        14,
        5,
        11,
        6,
        27,
        2,
        8,
        10,
        22,
        12,
        6,
        12,
        20,
        6
      ],
      "2023-06": [
        64,
        13,
        27,
        26,
        7,
        15,
        10,
        22,
        5,
        10,
        8,
        19,
        5,
        4,
        17,
        16,
        3
      ],
      "2023-07": [
        63,
        5,
        14,
        20,
        8,
        24,
        6,
        16,
        6,
        8,
        12,
        23,
        13,
        2,
        18,
        10,
        2
      ],
      "2023-08": [
        51,
        11,
        15,
        19,
        8,
        15,
        4,
        22,
        7,
        13,
        16,
        25,
        16,
        4,
        8,
        13,
        3
      ],
      "2023-09": [
        47,
        10,
        18,
        12,
        10,
        8,
        3,
        24,
        6,
        10,
        9,
        23,
        11,
        3,
        11,
        8,
        2
      ],
      "2023-10": [
        61,
        14,
        14,
        19,
        11,
        17,
        8,
        32,
        6,
        20,
        11,
        26,
        8,
        4,
        14,
        22,
        1
      ],
      "2023-11": [
        68,
        8,
        14,
        30,
        9,
        16,
        7,
        24,
        8,
        17,
        16,
        36,
        7,
        3,
        13,
        23,
        3
      ],
      "2023-12": [
        60,
        10,
        11,
        20,
        9,
        8,
        2,
        10,
        20,
        11,
        13,
        25,
        8,
        1,
        16,
        19,
        4
      ],
      "2024-01": [
        59,
        4,
        19,
        11,
        9,
        11,
        1,
        24,
        6,
        7,
        7,
        21,
        11,
        4,
        9,
        13,
        2
      ],
      "2024-02": [
        50,
        8,
        14,
        19,
        0,
        7,
        4,
        16,
        7,
        3,
        15,
        27,
        11,
        3,
        15,
        19,
        2
      ],
      "2024-03": [
        54,
        10,
        22,
        23,
        3,
        11,
        7,
        23,
        4,
        9,
        12,
        21,
        9,
        2,
        14,
        12,
        3
      ],
      "2024-04": [
        35,
        10,
        14,
        15,
        7,
        11,
        6,
        14,
        4,
        11,
        8,
        25,
        13,
        0,
        9,
        17,
        0
      ],
      "2024-05": [
        45,
        6,
        13,
        14,
        6,
        14,
        3,
        15,
        4,
        3,
        9,
        23,
        10,
        2,
        14,
        15,
        0
      ],
      "2024-06": [
        51,
        9,
        9,
        10,
        7,
        13,
        2,
        28,
        10,
        4,
        16,
        26,
        11,
        2,
        13,
        13,
        0
      ],
      "2024-07": [
        63,
        14,
        19,
        10,
        4,
        10,
        9,
        18,
        8,
        12,
        15,
        30,
        9,
        5,
        15,
        12,
        3
      ],
      "2024-08": [
        58,
        6,
        9,
        28,
        10,
        6,
        3,
        26,
        8,
        4,
        12,
        26,
        6,
        0,
        14,
        18,
        0
      ],
      "2024-09": [
        60,
        8,
        20,
        12,
        5,
        5,
        8,
        14,
        4,
        9,
        13,
        26,
        13,
        2,
        5,
        13,
        0
      ],
      "2024-10": [
        56,
        6,
        17,
        13,
        9,
        9,
        4,
        25,
        4,
        10,
        9,
        29,
        13,
        2,
        14,
        14,
        2
      ],
      "2024-11": [
        70,
        13,
        21,
        14,
        12,
        10,
        8,
        21,
        7,
        6,
        12,
        39,
        16,
        1,
        14,
        12,
        1
      ],
      "2024-12": [
        46,
        6,
        20,
        17,
        7,
        8,
        0,
        21,
        6,
        6,
        7,
        15,
        10,
        2,
        15,
        14,
        2
      ],
      "2025-01": [
        60,
        13,
        18,
        14,
        9,
        19,
        6,
        17,
        1,
        8,
        18,
        28,
        13,
        3,
        11,
        18,
        4
      ],
      "2025-02": [
        63,
        11,
        9,
        16,
        7,
        7,
        8,
        11,
        3,
        8,
        14,
        30,
        9,
        2,
        9,
        20,
        1
      ],
      "2025-03": [
        62,
        9,
        18,
        15,
        7,
        7,
        5,
        19,
        11,
        11,
        10,
        33,
        13,
        2,
        12,
        17,
        3
      ],
      "2025-04": [
        65,
        16,
        22,
        18,
        6,
        13,
        11,
        15,
        4,
        7,
        16,
        18,
        17,
        6,
        17,
        13,
        2
      ],
      "2025-05": [
        58,
        4,
        13,
        10,
        5,
        13,
        5,
        12,
        5,
        11,
        12,
        23,
        12,
        1,
        22,
        14,
        3
      ],
      "2025-06": [
        44,
        5,
        25,
        15,
        4,
        10,
        6,
        14,
        2,
        11,
        7,
        18,
        20,
        0,
        14,
        20,
        1
      ],
      "2025-07": [
        46,
        7,
        23,
        12,
        5,
        18,
        10,
        11,
        7,
        13,
        2,
        20,
        17,
        1,
        22,
        20,
        0
      ],
      "2025-08": [
        50,
        13,
        21,
        10,
        8,
        11,
        2,
        18,
        2,
        8,
        8,
        32,
        15,
        4,
        11,
        10,
        0
      ],
      "2025-09": [
        27,
        7,
        13,
        7,
        5,
        8,
        2,
        6,
        6,
        7,
        3,
        16,
        3,
        1,
        10,
        3,
        0
      ]
    },
    "papers": {
      "0": [
        {
