{
  "topics": {
    "data": {
      "0": {
        "name": "0_active_particles_particle_dynamics",
        "keywords": [
          [
            "active",
            0.028162595387473732
          ],
          [
            "particles",
            0.019162255677409763
          ],
          [
            "particle",
            0.014871410984715243
          ],
          [
            "dynamics",
            0.012654455475813101
          ],
          [
            "self",
            0.012022621059930941
          ],
          [
            "motion",
            0.011797938329078519
          ],
          [
            "time",
            0.011744634513693814
          ],
          [
            "systems",
            0.010952263552922632
          ],
          [
            "model",
            0.010077986942736717
          ],
          [
            "non",
            0.009943750058232942
          ]
        ],
        "count": 2323
      },
      "1": {
        "name": "1_contact_surface_droplet_liquid",
        "keywords": [
          [
            "contact",
            0.020793544939488862
          ],
          [
            "surface",
            0.018940672315747142
          ],
          [
            "droplet",
            0.01860129544820689
          ],
          [
            "liquid",
            0.01643260347985247
          ],
          [
            "droplets",
            0.016110065547015526
          ],
          [
            "surfaces",
            0.010275493883858925
          ],
          [
            "film",
            0.010039889718959976
          ],
          [
            "water",
            0.00977695016424245
          ],
          [
            "wetting",
            0.00903745627951297
          ],
          [
            "substrate",
            0.008975908303548325
          ]
        ],
        "count": 1269
      },
      "2": {
        "name": "2_water_ion_ionic_ions",
        "keywords": [
          [
            "water",
            0.032367143768127486
          ],
          [
            "ion",
            0.01772172691158335
          ],
          [
            "ionic",
            0.013904770569135146
          ],
          [
            "ions",
            0.012623404289456344
          ],
          [
            "electrolyte",
            0.011471569542688999
          ],
          [
            "molecular",
            0.011261900618182637
          ],
          [
            "liquid",
            0.011181792708571628
          ],
          [
            "surface",
            0.010924168522529781
          ],
          [
            "simulations",
            0.010421549733071288
          ],
          [
            "electrostatic",
            0.009758417463259795
          ]
        ],
        "count": 1080
      },
      "3": {
        "name": "3_elastic_soft_material_strain",
        "keywords": [
          [
            "elastic",
            0.01750256066609025
          ],
          [
            "soft",
            0.015564658762584404
          ],
          [
            "material",
            0.014805722945465897
          ],
          [
            "strain",
            0.014683307991296402
          ],
          [
            "materials",
            0.01385639664365094
          ],
          [
            "mechanical",
            0.013658566941193384
          ],
          [
            "model",
            0.013107703843900212
          ],
          [
            "fracture",
            0.012597829266291317
          ],
          [
            "stress",
            0.0120140715530362
          ],
          [
            "deformation",
            0.010951566385735526
          ]
        ],
        "count": 782
      },
      "4": {
        "name": "4_nematic_liquid_phase_crystals",
        "keywords": [
          [
            "nematic",
            0.034920967897176365
          ],
          [
            "liquid",
            0.024183693009513972
          ],
          [
            "phase",
            0.021061904115786463
          ],
          [
            "crystals",
            0.020359181415409617
          ],
          [
            "liquid crystals",
            0.019890070855169823
          ],
          [
            "ferroelectric",
            0.018153983535840187
          ],
          [
            "order",
            0.014830074744182211
          ],
          [
            "crystal",
            0.014583106922880658
          ],
          [
            "smectic",
            0.01445975524664541
          ],
          [
            "topological",
            0.014289098923054685
          ]
        ],
        "count": 628
      },
      "5": {
        "name": "5_polymer_DNA_chain_polymers",
        "keywords": [
          [
            "polymer",
            0.028729447895013447
          ],
          [
            "DNA",
            0.027241947459026274
          ],
          [
            "chain",
            0.020506716057630294
          ],
          [
            "polymers",
            0.018735594117716473
          ],
          [
            "model",
            0.01659847080926994
          ],
          [
            "chains",
            0.013493068599029885
          ],
          [
            "dynamics",
            0.01272678160687016
          ],
          [
            "simulations",
            0.011374923673139532
          ],
          [
            "ring",
            0.010439977051515167
          ],
          [
            "molecular",
            0.01019661909206598
          ]
        ],
        "count": 579
      },
      "6": {
        "name": "6_cell_cells_tissue_model",
        "keywords": [
          [
            "cell",
            0.05777263838963204
          ],
          [
            "cells",
            0.032376145928989436
          ],
          [
            "tissue",
            0.028785845749283483
          ],
          [
            "model",
            0.01899145799504111
          ],
          [
            "active",
            0.018666418767542752
          ],
          [
            "cellular",
            0.0152511571930198
          ],
          [
            "epithelial",
            0.014344864985344515
          ],
          [
            "tissues",
            0.013768495987468805
          ],
          [
            "mechanical",
            0.013275733415811355
          ],
          [
            "dynamics",
            0.011257807882987051
          ]
        ],
        "count": 483
      },
      "7": {
        "name": "7_glass_liquids_temperature_relaxation",
        "keywords": [
          [
            "glass",
            0.03567951356249835
          ],
          [
            "liquids",
            0.03136484460988706
          ],
          [
            "temperature",
            0.02137469188820624
          ],
          [
            "relaxation",
            0.021244809650733304
          ],
          [
            "dynamics",
            0.02089017561696443
          ],
          [
            "liquid",
            0.016792888893845948
          ],
          [
            "glass transition",
            0.015374260925397754
          ],
          [
            "transition",
            0.015003834202036059
          ],
          [
            "model",
            0.013332223989312974
          ],
          [
            "glasses",
            0.012177931223141205
          ]
        ],
        "count": 393
      },
      "8": {
        "name": "8_granular_particle_friction_force",
        "keywords": [
          [
            "granular",
            0.0623423531790936
          ],
          [
            "particle",
            0.020542201456222133
          ],
          [
            "friction",
            0.017442924948829507
          ],
          [
            "force",
            0.01719995699081916
          ],
          [
            "grains",
            0.016040580729178352
          ],
          [
            "particles",
            0.014238313467059829
          ],
          [
            "shear",
            0.013807398580175368
          ],
          [
            "flow",
            0.013463216727338835
          ],
          [
            "stress",
            0.012316222238941793
          ],
          [
            "granular materials",
            0.01227167787542074
          ]
        ],
        "count": 286
      },
      "9": {
        "name": "9_assembly_self_structures_DNA",
        "keywords": [
          [
            "assembly",
            0.043149645109063536
          ],
          [
            "self",
            0.03235118604690295
          ],
          [
            "structures",
            0.021236212717508817
          ],
          [
            "DNA",
            0.01862360888208782
          ],
          [
            "design",
            0.016703031513502643
          ],
          [
            "particles",
            0.01636066153969981
          ],
          [
            "colloidal",
            0.014893790891724695
          ],
          [
            "crystal",
            0.011717433430769706
          ],
          [
            "crystals",
            0.011609152011101236
          ],
          [
            "structure",
            0.011486217384890182
          ]
        ],
        "count": 257
      },
      "10": {
        "name": "10_amorphous_shear_glasses_solids",
        "keywords": [
          [
            "amorphous",
            0.033966546448781255
          ],
          [
            "shear",
            0.03032661990268721
          ],
          [
            "glasses",
            0.027148549192138455
          ],
          [
            "solids",
            0.026337937753973698
          ],
          [
            "plastic",
            0.02619155630509699
          ],
          [
            "yielding",
            0.022439331855607373
          ],
          [
            "amorphous solids",
            0.021256970198121953
          ],
          [
            "strain",
            0.020234149815697263
          ],
          [
            "stress",
            0.01975526010042482
          ],
          [
            "transition",
            0.01339815691927925
          ]
        ],
        "count": 250
      },
      "11": {
        "name": "11_membrane_membranes_lipid_vesicles",
        "keywords": [
          [
            "membrane",
            0.07267271661111453
          ],
          [
            "membranes",
            0.03569542504084372
          ],
          [
            "lipid",
            0.0341821747983292
          ],
          [
            "vesicles",
            0.027601336863317727
          ],
          [
            "curvature",
            0.026329948293199335
          ],
          [
            "vesicle",
            0.02478208994247359
          ],
          [
            "proteins",
            0.02194334002357377
          ],
          [
            "protein",
            0.017854988037566178
          ],
          [
            "shape",
            0.014796445108103346
          ],
          [
            "cell",
            0.013846928856315582
          ]
        ],
        "count": 209
      },
      "12": {
        "name": "12_active_nematic_defects_active nematic",
        "keywords": [
          [
            "active",
            0.06316868470026037
          ],
          [
            "nematic",
            0.04453596398140336
          ],
          [
            "defects",
            0.03771362717252545
          ],
          [
            "active nematic",
            0.026463604180196415
          ],
          [
            "nematics",
            0.02633205178568784
          ],
          [
            "defect",
            0.024988114667091516
          ],
          [
            "active nematics",
            0.02347608318805773
          ],
          [
            "activity",
            0.0216880804825231
          ],
          [
            "flow",
            0.019423349651780355
          ],
          [
            "topological",
            0.019300920278690063
          ]
        ],
        "count": 184
      },
      "13": {
        "name": "13_hyperuniform_packing_packings_hyperuniformity",
        "keywords": [
          [
            "hyperuniform",
            0.031827565773162855
          ],
          [
            "packing",
            0.02892614280438852
          ],
          [
            "packings",
            0.027131135070973596
          ],
          [
            "hyperuniformity",
            0.02104666213565602
          ],
          [
            "random",
            0.019326083296306768
          ],
          [
            "systems",
            0.01783456418127202
          ],
          [
            "size",
            0.01539614489216454
          ],
          [
            "density",
            0.014598429962378914
          ],
          [
            "disks",
            0.012722462818352251
          ],
          [
            "structure",
            0.012385038911731643
          ]
        ],
        "count": 148
      },
      "14": {
        "name": "14_phase_separation_condensates_phase separation",
        "keywords": [
          [
            "phase",
            0.04513650195738181
          ],
          [
            "separation",
            0.0398098152797602
          ],
          [
            "condensates",
            0.0387068063833737
          ],
          [
            "phase separation",
            0.036748420029325886
          ],
          [
            "droplets",
            0.022178846598823923
          ],
          [
            "liquid",
            0.019373313843995134
          ],
          [
            "reactions",
            0.01696462807897824
          ],
          [
            "chemical",
            0.016363063348828165
          ],
          [
            "condensate",
            0.015758751946653497
          ],
          [
            "protein",
            0.015523654911258906
          ]
        ],
        "count": 138
      },
      "15": {
        "name": "15_shear_suspensions_thickening_shear thickening",
        "keywords": [
          [
            "shear",
            0.07224723157075105
          ],
          [
            "suspensions",
            0.04688466174938773
          ],
          [
            "thickening",
            0.03625253518556691
          ],
          [
            "shear thickening",
            0.03267200964300382
          ],
          [
            "stress",
            0.03150207106707781
          ],
          [
            "suspension",
            0.02828790441575634
          ],
          [
            "flow",
            0.022625313602797386
          ],
          [
            "particle",
            0.021723321541504467
          ],
          [
            "rheology",
            0.02016126915667667
          ],
          [
            "viscosity",
            0.01991479608457858
          ]
        ],
        "count": 125
      }
    },
    "correlations": [
      [
        1.0,
        -0.6784962594594413,
        -0.7137797569401457,
        -0.7350446447257445,
        -0.7103461364306356,
        -0.6762918500601847,
        -0.6709518030722071,
        -0.6525168767001867,
        -0.63680893565462,
        -0.6939099096246906,
        -0.7149964999384533,
        -0.7261858156204422,
        -0.4185876624032051,
        -0.7179520196116367,
        -0.6561955464049913,
        -0.6897990769445247
      ],
      [
        -0.6784962594594413,
        1.0,
        -0.6868208114433496,
        -0.7415553107278278,
        -0.635071195444086,
        -0.714580984816763,
        -0.7174189346051226,
        -0.7009102496664908,
        -0.7309914650349669,
        -0.7322459014199858,
        -0.7439333143724918,
        -0.7348255209403975,
        -0.7230979068322018,
        -0.7538811440205173,
        -0.6611460960747906,
        -0.7188947610652896
      ],
      [
        -0.7137797569401457,
        -0.6868208114433496,
        1.0,
        -0.7550111135142958,
        -0.7283471772804682,
        -0.5755588123441946,
        -0.7350622906163624,
        -0.6890052284172243,
        -0.7512025435552365,
        -0.7331396859777295,
        -0.7514258263200849,
        -0.7197438898322915,
        -0.7499748755215494,
        -0.7586156217751858,
        -0.7054113247441216,
        -0.7411144847927014
      ],
      [
        -0.7350446447257445,
        -0.7415553107278278,
        -0.7550111135142958,
        1.0,
        -0.7509221904062129,
        -0.7274260527669516,
        -0.7292785574939602,
        -0.7448583596163653,
        -0.7474374528714972,
        -0.7509896386294883,
        -0.7203909234455943,
        -0.7557006355592106,
        -0.7525612221624611,
        -0.7562447015993006,
        -0.7575702328592435,
        -0.7235388898132729
      ],
      [
        -0.7103461364306356,
        -0.635071195444086,
        -0.7283471772804682,
        -0.7509221904062129,
        1.0,
        -0.7325099234918775,
        -0.7104978608843395,
        -0.7135074702736102,
        -0.75344040886314,
        -0.7209785644818343,
        -0.7449120178166215,
        -0.7484510193863643,
        -0.4959073619360427,
        -0.7417745570535695,
        -0.5857053762175033,
        -0.7394581443792924
      ],
      [
        -0.6762918500601847,
        -0.714580984816763,
        -0.5755588123441946,
        -0.7274260527669516,
        -0.7325099234918775,
        1.0,
        -0.5024805773034471,
        -0.6739234981101045,
        -0.7416893853249593,
        -0.6879332822091178,
        -0.735020978832355,
        -0.7353745686576187,
        -0.7204028085946446,
        -0.7473897315458263,
        -0.7002379029786507,
        -0.7112358783304985
      ],
      [
        -0.6709518030722071,
        -0.7174189346051226,
        -0.7350622906163624,
        -0.7292785574939602,
        -0.7104978608843395,
        -0.5024805773034471,
        1.0,
        -0.7122183470649728,
        -0.7315938086472991,
        -0.7294102840668013,
        -0.7372862270374196,
        -0.6837852039001153,
        -0.6457371872970334,
        -0.7397920156591519,
        -0.7149754486632814,
        -0.7139488146529032
      ],
      [
        -0.6525168767001867,
        -0.7009102496664908,
        -0.6890052284172243,
        -0.7448583596163653,
        -0.7135074702736102,
        -0.6739234981101045,
        -0.7122183470649728,
        1.0,
        -0.7302543894640857,
        -0.7345851795251007,
        -0.668830347859607,
        -0.7440785077542742,
        -0.7115739628762379,
        -0.7358775923653518,
        -0.7040631361511309,
        -0.6954070026042306
      ],
      [
        -0.63680893565462,
        -0.7309914650349669,
        -0.7512025435552365,
        -0.7474374528714972,
        -0.75344040886314,
        -0.7416893853249593,
        -0.7315938086472991,
        -0.7302543894640857,
        1.0,
        -0.7478644814895322,
        -0.7145224439126565,
        -0.757595735759671,
        -0.7364161652025767,
        -0.6867250522725773,
        -0.7466753817960265,
        -0.6879871542694509
      ],
      [
        -0.6939099096246906,
        -0.7322459014199858,
        -0.7331396859777295,
        -0.7509896386294883,
        -0.7209785644818343,
        -0.6879332822091178,
        -0.7294102840668013,
        -0.7345851795251007,
        -0.7478644814895322,
        1.0,
        -0.7496359135778915,
        -0.7314259081438184,
        -0.7141283241059799,
        -0.7389663100044921,
        -0.7165772015149946,
        -0.741486235523442
      ],
      [
        -0.7149964999384533,
        -0.7439333143724918,
        -0.7514258263200849,
        -0.7203909234455943,
        -0.7449120178166215,
        -0.735020978832355,
        -0.7372862270374196,
        -0.668830347859607,
        -0.7145224439126565,
        -0.7496359135778915,
        1.0,
        -0.7568061915845538,
        -0.7388328915895986,
        -0.7332258932229055,
        -0.743283604924689,
        -0.5624904668928372
      ],
      [
        -0.7261858156204422,
        -0.7348255209403975,
        -0.7197438898322915,
        -0.7557006355592106,
        -0.7484510193863643,
        -0.7353745686576187,
        -0.6837852039001153,
        -0.7440785077542742,
        -0.757595735759671,
        -0.7314259081438184,
        -0.7568061915845538,
        1.0,
        -0.7373959480905896,
        -0.7584030754309712,
        -0.7230149577671353,
        -0.7508304398937043
      ],
      [
        -0.4185876624032051,
        -0.7230979068322018,
        -0.7499748755215494,
        -0.7525612221624611,
        -0.4959073619360427,
        -0.7204028085946446,
        -0.6457371872970334,
        -0.7115739628762379,
        -0.7364161652025767,
        -0.7141283241059799,
        -0.7388328915895986,
        -0.7373959480905896,
        1.0,
        -0.7386930491027934,
        -0.6679226657609908,
        -0.7197753156599218
      ],
      [
        -0.7179520196116367,
        -0.7538811440205173,
        -0.7586156217751858,
        -0.7562447015993006,
        -0.7417745570535695,
        -0.7473897315458263,
        -0.7397920156591519,
        -0.7358775923653518,
        -0.6867250522725773,
        -0.7389663100044921,
        -0.7332258932229055,
        -0.7584030754309712,
        -0.7386930491027934,
        1.0,
        -0.7409423309530307,
        -0.7243227026101527
      ],
      [
        -0.6561955464049913,
        -0.6611460960747906,
        -0.7054113247441216,
        -0.7575702328592435,
        -0.5857053762175033,
        -0.7002379029786507,
        -0.7149754486632814,
        -0.7040631361511309,
        -0.7466753817960265,
        -0.7165772015149946,
        -0.743283604924689,
        -0.7230149577671353,
        -0.6679226657609908,
        -0.7409423309530307,
        1.0,
        -0.7373699790285757
      ],
      [
        -0.6897990769445247,
        -0.7188947610652896,
        -0.7411144847927014,
        -0.7235388898132729,
        -0.7394581443792924,
        -0.7112358783304985,
        -0.7139488146529032,
        -0.6954070026042306,
        -0.6879871542694509,
        -0.741486235523442,
        -0.5624904668928372,
        -0.7508304398937043,
        -0.7197753156599218,
        -0.7243227026101527,
        -0.7373699790285757,
        1.0
      ]
    ],
    "series": {
      "2020-01": [
        55,
        8,
        7,
        1,
        9,
        10,
        10,
        21,
        8,
        9,
        3,
        7,
        8,
        2,
        9,
        9
      ],
      "2020-02": [
        64,
        10,
        7,
        1,
        10,
        12,
        10,
        13,
        13,
        7,
        5,
        6,
        9,
        3,
        6,
        15
      ],
      "2020-03": [
        61,
        21,
        15,
        2,
        13,
        13,
        9,
        15,
        4,
        9,
        3,
        9,
        10,
        1,
        7,
        17
      ],
      "2020-04": [
        54,
        15,
        13,
        3,
        7,
        10,
        5,
        16,
        3,
        11,
        4,
        9,
        10,
        1,
        16,
        24
      ],
      "2020-05": [
        67,
        19,
        12,
        1,
        7,
        18,
        19,
        16,
        19,
        7,
        5,
        7,
        11,
        4,
        11,
        17
      ],
      "2020-06": [
        59,
        10,
        10,
        5,
        13,
        12,
        12,
        11,
        4,
        10,
        6,
        11,
        10,
        5,
        10,
        15
      ],
      "2020-07": [
        62,
        11,
        12,
        1,
        12,
        13,
        12,
        17,
        14,
        12,
        8,
        13,
        17,
        2,
        15,
        14
      ],
      "2020-08": [
        53,
        13,
        9,
        2,
        9,
        8,
        9,
        15,
        9,
        5,
        6,
        5,
        11,
        4,
        16,
        10
      ],
      "2020-09": [
        65,
        10,
        13,
        2,
        4,
        17,
        7,
        15,
        5,
        10,
        9,
        10,
        14,
        3,
        11,
        16
      ],
      "2020-10": [
        54,
        13,
        13,
        2,
        8,
        19,
        12,
        14,
        12,
        11,
        7,
        9,
        16,
        2,
        14,
        11
      ],
      "2020-11": [
        72,
        6,
        11,
        1,
        10,
        18,
        12,
        15,
        12,
        3,
        3,
        6,
        12,
        2,
        13,
        18
      ],
      "2020-12": [
        68,
        11,
        10,
        5,
        8,
        12,
        10,
        16,
        10,
        8,
        8,
        11,
        14,
        6,
        12,
        10
      ],
      "2021-01": [
        60,
        6,
        10,
        3,
        5,
        20,
        9,
        16,
        8,
        9,
        10,
        11,
        12,
        3,
        15,
        19
      ],
      "2021-02": [
        56,
        5,
        8,
        5,
        5,
        11,
        11,
        16,
        2,
        6,
        3,
        16,
        15,
        2,
        18,
        19
      ],
      "2021-03": [
        69,
        14,
        11,
        3,
        14,
        17,
        15,
        24,
        14,
        10,
        4,
        6,
        18,
        5,
        10,
        19
      ],
      "2021-04": [
        60,
        12,
        8,
        4,
        10,
        14,
        9,
        13,
        8,
        7,
        8,
        11,
        10,
        1,
        23,
        9
      ],
      "2021-05": [
        46,
        11,
        7,
        1,
        7,
        11,
        8,
        23,
        12,
        5,
        2,
        6,
        14,
        3,
        14,
        13
      ],
      "2021-06": [
        43,
        9,
        13,
        2,
        9,
        11,
        8,
        13,
        9,
        4,
        6,
        9,
        12,
        3,
        13,
        16
      ],
      "2021-07": [
        48,
        15,
        9,
        2,
        7,
        15,
        11,
        13,
        13,
        12,
        4,
        7,
        17,
        4,
        7,
        20
      ],
      "2021-08": [
        45,
        11,
        11,
        2,
        9,
        7,
        19,
        13,
        14,
        7,
        8,
        7,
        9,
        5,
        14,
        12
      ],
      "2021-09": [
        40,
        7,
        7,
        1,
        12,
        10,
        11,
        12,
        5,
        12,
        6,
        8,
        11,
        4,
        10,
        12
      ],
      "2021-10": [
        43,
        17,
        21,
        1,
        10,
        13,
        10,
        8,
        10,
        15,
        5,
        7,
        8,
        1,
        3,
        12
      ],
      "2021-11": [
        44,
        16,
        11,
        0,
        7,
        13,
        13,
        10,
        6,
        11,
        3,
        9,
        11,
        4,
        13,
        14
      ],
      "2021-12": [
        54,
        9,
        9,
        1,
        13,
        12,
        12,
        13,
        10,
        16,
        2,
        9,
        11,
        2,
        15,
        14
      ],
      "2022-01": [
        46,
        8,
        13,
        2,
        9,
        10,
        5,
        16,
        6,
        10,
        4,
        6,
        11,
        10,
        12,
        13
      ],
      "2022-02": [
        48,
        10,
        18,
        1,
        7,
        19,
        14,
        17,
        5,
        10,
        5,
        5,
        12,
        0,
        12,
        19
      ],
      "2022-03": [
        68,
        10,
        13,
        2,
        5,
        14,
        11,
        12,
        4,
        7,
        5,
        11,
        16,
        3,
        23,
        16
      ],
      "2022-04": [
        48,
        11,
        14,
        1,
        4,
        12,
        7,
        18,
        8,
        6,
        4,
        12,
        11,
        5,
        10,
        7
      ],
      "2022-05": [
        44,
        7,
        7,
        2,
        10,
        9,
        11,
        15,
        8,
        5,
        8,
        6,
        13,
        6,
        7,
        16
      ],
      "2022-06": [
        54,
        11,
        10,
        2,
        11,
        15,
        10,
        18,
        13,
        9,
        5,
        14,
        10,
        0,
        14,
        16
      ],
      "2022-07": [
        56,
        8,
        8,
        2,
        10,
        15,
        6,
        14,
        8,
        8,
        3,
        9,
        8,
        2,
        6,
        10
      ],
      "2022-08": [
        58,
        9,
        8,
        0,
        9,
        15,
        16,
        12,
        9,
        9,
        5,
        6,
        8,
        1,
        10,
        10
      ],
      "2022-09": [
        47,
        10,
        8,
        1,
        7,
        13,
        11,
        13,
        15,
        8,
        8,
        8,
        15,
        0,
        11,
        16
      ],
      "2022-10": [
        47,
        6,
        11,
        0,
        16,
        14,
        10,
        12,
        9,
        7,
        2,
        11,
        11,
        4,
        5,
        14
      ],
      "2022-11": [
        58,
        8,
        5,
        2,
        13,
        13,
        12,
        20,
        8,
        8,
        6,
        8,
        14,
        2,
        10,
        16
      ],
      "2022-12": [
        33,
        10,
        11,
        0,
        6,
        16,
        8,
        19,
        5,
        8,
        5,
        10,
        11,
        7,
        8,
        11
      ],
      "2023-01": [
        55,
        8,
        8,
        3,
        9,
        10,
        6,
        15,
        7,
        6,
        8,
        13,
        15,
        3,
        11,
        11
      ],
      "2023-02": [
        46,
        5,
        11,
        2,
        6,
        8,
        7,
        14,
        8,
        3,
        3,
        9,
        13,
        2,
        8,
        13
      ],
      "2023-03": [
        57,
        7,
        9,
        3,
        11,
        9,
        15,
        19,
        5,
        8,
        9,
        15,
        13,
        2,
        6,
        12
      ],
      "2023-04": [
        64,
        5,
        4,
        1,
        6,
        17,
        10,
        16,
        7,
        11,
        3,
        6,
        16,
        5,
        10,
        9
      ],
      "2023-05": [
        51,
        7,
        7,
        0,
        9,
        16,
        12,
        16,
        8,
        2,
        7,
        11,
        17,
        2,
        8,
        14
      ],
      "2023-06": [
        59,
        12,
        6,
        1,
        13,
        19,
        6,
        12,
        9,
        14,
        3,
        8,
        18,
        3,
        16,
        16
      ],
      "2023-07": [
        62,
        8,
        14,
        2,
        10,
        12,
        14,
        17,
        12,
        9,
        5,
        8,
        16,
        1,
        11,
        13
      ],
      "2023-08": [
        52,
        11,
        10,
        2,
        10,
        12,
        4,
        19,
        10,
        4,
        4,
        11,
        17,
        1,
        9,
        9
      ],
      "2023-09": [
        43,
        6,
        10,
        0,
        14,
        12,
        9,
        8,
        3,
        9,
        5,
        13,
        16,
        3,
        7,
        9
      ],
      "2023-10": [
        64,
        5,
        11,
        4,
        11,
        14,
        9,
        15,
        18,
        11,
        11,
        6,
        16,
        7,
        12,
        10
      ],
      "2023-11": [
        59,
        15,
        13,
        0,
        13,
        11,
        17,
        17,
        9,
        12,
        6,
        10,
        12,
        1,
        13,
        28
      ],
      "2023-12": [
        54,
        12,
        11,
        3,
        4,
        6,
        10,
        14,
        5,
        18,
        6,
        8,
        10,
        6,
        11,
        19
      ],
      "2024-01": [
        58,
        8,
        23,
        1,
        18,
        11,
        8,
        19,
        9,
        15,
        5,
        10,
        16,
        2,
        19,
        15
      ],
      "2024-02": [
        65,
        6,
        7,
        4,
        12,
        16,
        9,
        20,
        5,
        3,
        5,
        11,
        14,
        2,
        16,
        6
      ],
      "2024-03": [
        63,
        15,
        7,
        1,
        14,
        9,
        20,
        18,
        8,
        13,
        4,
        13,
        18,
        3,
        15,
        24
      ],
      "2024-04": [
        57,
        8,
        9,
        3,
        9,
        9,
        9,
        10,
        8,
        13,
        6,
        16,
        15,
        2,
        11,
        15
      ],
      "2024-05": [
        40,
        6,
        9,
        0,
        6,
        13,
        9,
        19,
        15,
        12,
        7,
        3,
        15,
        3,
        15,
        10
      ],
      "2024-06": [
        51,
        6,
        6,
        1,
        8,
        14,
        3,
        14,
        9,
        14,
        3,
        7,
        13,
        1,
        18,
        14
      ],
      "2024-07": [
        51,
        4,
        12,
        2,
        8,
        20,
        21,
        17,
        8,
        15,
        1,
        10,
        20,
        4,
        14,
        13
      ],
      "2024-08": [
        51,
        12,
        14,
        2,
        13,
        13,
        12,
        15,
        5,
        13,
        3,
        8,
        12,
        4,
        19,
        16
      ],
      "2024-09": [
        59,
        3,
        7,
        2,
        10,
        20,
        19,
        18,
        16,
        13,
        10,
        14,
        17,
        3,
        16,
        14
      ],
      "2024-10": [
        87,
        13,
        9,
        2,
        10,
        9,
        11,
        17,
        13,
        14,
        4,
        7,
        22,
        1,
        10,
        20
      ],
      "2024-11": [
        52,
        10,
        11,
        2,
        12,
        17,
        14,
        19,
        10,
        12,
        3,
        4,
        20,
        1,
        13,
        9
      ],
      "2024-12": [
        47,
        18,
        3,
        1,
        11,
        10,
        11,
        12,
        8,
        7,
        3,
        13,
        12,
        2,
        15,
        19
      ],
      "2025-01": [
        71,
        6,
        16,
        4,
        7,
        14,
        16,
        12,
        10,
        13,
        8,
        11,
        18,
        4,
        11,
        17
      ],
      "2025-02": [
        50,
        4,
        3,
        1,
        16,
        9,
        12,
        11,
        15,
        12,
        1,
        14,
        14,
        2,
        12,
        18
      ],
      "2025-03": [
        67,
        15,
        10,
        2,
        14,
        26,
        15,
        27,
        10,
        7,
        4,
        8,
        21,
        2,
        14,
        19
      ],
      "2025-04": [
        74,
        9,
        11,
        1,
        14,
        16,
        15,
        12,
        10,
        4,
        3,
        5,
        15,
        3,
        11,
        12
      ],
      "2025-05": [
        60,
        6,
        7,
        2,
        7,
        11,
        14,
        17,
        9,
        6,
        7,
        12,
        16,
        0,
        19,
        19
      ],
      "2025-06": [
        74,
        13,
        4,
        3,
        5,
        11,
        6,
        15,
        12,
        13,
        5,
        10,
        27,
        4,
        18,
        22
      ],
      "2025-07": [
        71,
        4,
        9,
        2,
        11,
        16,
        12,
        21,
        19,
        9,
        5,
        7,
        19,
        6,
        16,
        16
      ],
      "2025-08": [
        88,
        9,
        13,
        1,
        9,
        18,
        14,
        10,
        10,
        6,
        4,
        9,
        17,
        1,
        21,
        11
      ],
      "2025-09": [
        34,
        2,
        9,
        1,
        6,
        8,
        10,
        13,
        5,
        6,
        4,
        7,
        11,
        3,
        5,
        10
      ]
    },
    "papers": {
      "0": [
        {
          "title": "The Parental Active Model: a unifying stochastic description of self-propulsion",
          "year": "2022-01",
          "abstract": "We propose a new overarching model for self-propelled particles that flexibly\ngenerates a full family of \"descendants\". The general dynamics introduced in\nthis paper, which we denote as \"parental\" active model (PAM), unifies two\nspecial cases commonly used to describe active matter, namely active Brownian\nparticles (ABPs) and active Ornstein-Uhlenbeck particles (AOUPs). We thereby\ndocument the existence of a deep and close stochastic relationship between\nthem, resulting in the subtle balance between fluctuations in the magnitude and\ndirection of the self-propulsion velocity. Besides illustrating the relation\nbetween these two common models, the PAM can generate additional offspring,\ninterpolating between ABP and AOUP dynamics, that could provide more suitable\nmodels for a large class of living and inanimate active matter systems,\npossessing characteristic distributions of their self-propulsion velocity. Our\ngeneral model is evaluated in the presence of a harmonic external confinement.\nFor this reference example, we present a two-state phase diagram which sheds\nlight on the transition in the shape of the positional density distribution,\nfrom a unimodal Gaussian for AOUPs to a Mexican-hat-like profile for ABPs.",
          "arxiv_id": "2201.01244v1"
        },
        {
          "title": "Transport and phase separation of active Brownian particles in fluctuating environments",
          "year": "2021-03",
          "abstract": "In this work, we study the dynamics of a single active Brownian particle, as\nwell as the collective behavior of interacting active Brownian particles, in a\nfluctuating heterogeneous environment. We employ a variant of the diffusing\ndiffusivity model where the equation of motion of the active particle involves\na time-dependent motility and diffusivities. Within our model, those\nfluctuations are coupled to each other. Using analytical methods, we obtain the\nprobability distribution function of particle displacement and its moments for\na single particle. We then investigate the impact of the environmental\nfluctuations on the collective behavior of the active Brownian particles by\nmeans of extensive numerical simulations. Our results show that the\nfluctuations hinder the motility-induced phase separation, accompanied by a\nsignificant change of the density dependence of particle velocities. These\neffects are interpreted using our analytical results for the dynamics of a\nsingle particle.",
          "arxiv_id": "2103.16582v2"
        },
        {
          "title": "What exactly is 'active matter'?",
